2 0.8079430375 0.7151993671875 0.79694145625 0.8706044296875 0.8524335437499999 0.874533228125 0.863436709375 0.7191281640625 0.8079430375 0.7151993671875
2 0.8467325953125 0.23620411406250003 0.832427215625 0.4221819625 0.8788544296874999 0.4257531640625 0.8931598093750001 0.23977531718749998 0.8467325953125 0.23620411406250003
2 0.8561756328125 0.028705696875 0.833870253125 0.2071471515625 0.8878212031249999 0.21389082343750002 0.9101250000000001 0.035450949999999995 0.8561756328125 0.028705696875
2 0.8698428281249999 0 0.867715190625 0.00319145625 0.89854905 0.023748417187500002 0.9082863921875 0.0091424046875 0.894572784375 0 0.8698428281249999 0
2 0.84172151875 0.46450632968749994 0.8345838609375 0.5501566453125 0.875129746875 0.553534809375 0.8822674046874999 0.46788607656250003 0.84172151875 0.46450632968749994
2 0.8666699578125 1 0.8648006328125 0.8530110765625001 0.676139240625 0.8554082281250001 0.6779784796875 1 0.8666699578125 1
2 0.6524654187500001 1 0.691082278125 0.970629746875 0.6423955703125 0.9066139234374999 0.5196102859375 1 0.6524654187500001 1
2 0.632417721875 0.7844636078125 0.6296123421875001 0.8714462031249999 0.6491756328125 0.8720759499999999 0.6519825953125 0.7850949359375 0.632417721875 0.7844636078125
2 0.3689256328125 0 0.334729234375 0.540852584375 0.7442889671875 0.16573334374999998 0.7427257140625 0.0016188500000000002 0.6137499890625 0 0.3689256328125 0
2 0.653337025 0.4673449359375 0.6426091765625 0.558537975 0.6733465187500001 0.56215348125 0.68407595 0.47096044375 0.653337025 0.4673449359375
2 0.6906186703125 0.30830063281250003 0.6599746828125 0.3153718359375 0.6728939875 0.3713544296875 0.7035379749999999 0.3642816453125 0.6906186703125 0.30830063281250003
2 0.2848299265625 1 0.29820095 0.8796518984375 0.2641123421875 0.87586550625 0.2503196203125 1 0.2848299265625 1
2 0.2835791140625 0.774495253125 0.2835791140625 0.8061408234374999 0.304677215625 0.8061408234374999 0.304677215625 0.774495253125 0.2835791140625 0.774495253125
2 0.49762500000000004 0.6663196203124999 0.49345253125 0.7351835437500001 0.5283085437499999 0.7372958859375001 0.5324810125 0.66843354375 0.49762500000000004 0.6663196203124999
0 0.1234789234375 0 0.1242298203125 1 1 1 1 0 0.1234789234375 0