2 0.6263896375 0.4114662078125 0.397090615625 0.47320171875000006 0.4106329515625 0.5121404828125 0.639930334375 0.4504052953125 0.6263896375 0.4114662078125
2 0.7626525390625 0.48436575625 0.49510637187500006 0.5639648890625 0.5101749671875 0.6042071499999999 0.7777211359375 0.5246080140625 0.7626525390625 0.48436575625
2 0.6618978375 0.7036293875 0.6677643453125001 0.72768140625 0.717615025 0.7196804453125 0.7117464078125 0.695627078125 0.6618978375 0.7036293875
2 0.78827836875 0.629515525 0.7021743828125 0.6678304640625 0.7256330109375 0.71368828125 0.8117369968749999 0.675373340625 0.78827836875 0.629515525
2 0.8872708234375001 0.5519286250000001 0.7729863921875 0.63034385625 0.8034475656250001 0.67215048125 0.9177319953125 0.5937352484375 0.8872708234375001 0.5519286250000001
2 0.7850234484375 0.3519824171875 0.6217239890624999 0.4075358578125 0.6383509515625 0.44764883437499997 0.8016483015625001 0.39209404531250003 0.7850234484375 0.3519824171875
2 0.9052658765625001 0.3840334078125 0.7262499234375001 0.466227725 0.75553585 0.522054571875 0.934550165625 0.43986058124999994 0.9052658765625001 0.3840334078125
2 0.9875931828125 0.5197087234375 0.9389591359375 0.5572822093750001 0.9585370234375 0.5816223421875 0.9889351468750001 0.5581374875 0.9875931828125 0.5197087234375
2 0.7885995140625 0.38902654375 0.9768168828125001 0.44450255624999996 0.95027995 0.34992454375 0.805960271875 0.30738746093749997 0.7885995140625 0.38902654375
2 0.8363323703125 0.299841040625 0.8399792109374999 0.3198285515625 0.9168263609375 0.31237007656250004 0.9131795171875 0.29238256093750004 0.8363323703125 0.299841040625
2 0.914317128125 0.35531054375000004 0.9498127249999999 0.34825935 0.9407657 0.31601561718750004 0.9052701015625001 0.323066809375 0.914317128125 0.35531054375000004
1 0.2102250390625 1 0.6857810078125001 0.8316886171875 0.5810875156249999 0.5866807625 0.026021353125 0.783131246875 0.11868902968749999 1 0.2102250390625 1
1 0.4444164984375 0.5033702109375 0.021978178125 0.6293936796875 0.07046262187499999 0.7586126015625 0.49290094218749997 0.6325891312499999 0.4444164984375 0.5033702109375
1 0.354246765625 0.44441061875 0.010132578125 0.5298679546875 0.0366829875 0.6108281359375 0.3807988109375 0.525370475 0.354246765625 0.44441061875
1 0.29482470625 0.398105375 0.0004771265625 0.4635256375 0.017697515625 0.5203317421875 0.3120434578125 0.4549118015625 0.29482470625 0.398105375
1 0.5289648687499999 0.3485568515625 0.2755963 0.40756352500000004 0.29166819843749997 0.4588709671875 0.5450384046875001 0.39986396874999997 0.5289648687499999 0.3485568515625
0 0.629920065625 0.383371659375 0.3346685046875 0.4497987046875 0.35716887656249996 0.523388584375 0.652419965625 0.45695986250000004 0.629920065625 0.383371659375
0 0.7315593781249999 0.42201160781249997 0.40418098281250003 0.51425820625 0.44313323593750004 0.62257835625 0.7705132671875 0.5303314296874999 0.7315593781249999 0.42201160781249997
0 0.8763259937500001 0.473261140625 0.5095212874999999 0.6111667515625 0.582710934375 0.77460410625 0.9495156421875001 0.636698496875 0.8763259937500001 0.473261140625
0 0.783551 0.505670296875 0.8455245343750001 0.6215513875 0.988796471875 0.554166396875 0.9861254546874999 0.477678440625 0.9694472078124999 0.4182369296875 0.783551 0.505670296875
1 0.6948951250000001 0.3152872859375 0.4841407140625 0.3608990125 0.498748209375 0.40998923125 0.7095026203125 0.3643775046875 0.6948951250000001 0.3152872859375
0 0.7798980578125 0.33653246718749996 0.561461896875 0.39534473124999997 0.582883878125 0.4569422453125 0.8013200421875 0.3981299828125 0.7798980578125 0.33653246718749996
0 0.89304025 0.36029723125 0.65535843125 0.44603076562500005 0.6898574859375 0.525590471875 0.9275393 0.4398569359375 0.89304025 0.36029723125
0 0.722718334375 0.3527837421875 0.9788993671874999 0.4519245578125 0.951061790625 0.352711034375 0.7471795796875 0.273810078125 0.722718334375 0.3527837421875
0 0.9060527921875 0.272308615625 0.7625503140625 0.3029735140625 0.7718868015625 0.3346277203125 0.915388809375 0.3039611484375 0.9060527921875 0.272308615625
0 0.836957003125 0.3261627921875 0.9501210484374999 0.349358215625 0.9362885437499999 0.300058975 0.8423870921875001 0.2808109296875 0.836957003125 0.3261627921875