2 0.43808191093750004 0.4558941984375 0.42245563124999996 0.6992269624999999 0.46264675781250003 0.7018071671875 0.4782730375 0.458476109375 0.43808191093750004 0.4558941984375
2 0.5445085328125 0.527476109375 0.5189709890625 0.8134914671875 0.5607133109375 0.8172184296875 0.5862508531249999 0.531203071875 0.5445085328125 0.527476109375
2 0.7356843 0.6525085328125 0.711337884375 0.6533788390625 0.7131723546875001 0.70477815625 0.737520478125 0.70390955625 0.7356843 0.6525085328125
2 0.6845 0.7030290109374999 0.664022184375 0.79859215 0.712795221875 0.8090426624999999 0.7332730375 0.713479521875 0.6845 0.7030290109374999
2 0.661889078125 0.7832747437500001 0.6081006828125 0.9177440265625 0.6543054609375 0.93622525625 0.70809385625 0.8017559734375 0.661889078125 0.7832747437500001
2 0.41776621093750005 0.6957116046875 0.39545051249999996 0.8722133109374999 0.43736518750000003 0.8775119453125001 0.45968259375000003 0.7010119453125 0.41776621093750005 0.6957116046875
2 0.494477815625 0.7825955625 0.44945563125000004 0.981979521875 0.5089709890624999 0.9954180890625001 0.5539931734375 0.7960358359375 0.494477815625 0.7825955625
2 0.6411319875 1 0.650436859375 0.979839590625 0.62318259375 0.9672610921875 0.6080722203125 1 0.6411319875 1
2 0.5026977515625 1 0.4319010234375 0.8654863484374999 0.3564112625 0.9052167234375 0.406296978125 1 0.5026977515625 1
2 0.3812047703125 1 0.37494709843749996 0.9353378843750001 0.3549505125 0.9372730375 0.3610209078125 1 0.3812047703125 1
1 0.66613993125 0.0039709890625 0.582930034375 0.606022184375 0.8395546078124999 0.6414914671874999 0.9227662109375 0.0394385671875 0.66613993125 0.0039709890625
1 0.516936859375 0.0425426625 0.4762849828125 0.49423720156249995 0.610339590625 0.5063020484375 0.6509914671875 0.0546075078125 0.516936859375 0.0425426625
1 0.4185767921875 0.05840785 0.402068259375 0.42159215000000005 0.4853242328125 0.42537713281249995 0.5018327640625 0.0621911265625 0.4185767921875 0.05840785
1 0.3526740609375 0.067247440625 0.34596587031250003 0.3757815703125 0.40411262812500004 0.37704436874999997 0.41082081875 0.0685119453125 0.3526740609375 0.067247440625
1 0.35140955625000003 0.3541911265625 0.3430341296875 0.620517065625 0.3956518765625 0.6221723546875 0.404027303125 0.355844709375 0.35140955625000003 0.3541911265625
0 0.4035153578125 0.4007832765625 0.3960085328125 0.7104880546875 0.47137030781249994 0.7123157 0.4788788390625 0.402610921875 0.4035153578125 0.4007832765625
0 0.4790802046875 0.451523890625 0.45280716718749997 0.8000750859375 0.5648566546875 0.808522184375 0.5911296921875 0.4599692828125 0.4790802046875 0.451523890625
0 0.592844709375 0.5286314 0.5300511953125 0.92872355 0.7018805453125 0.9556911265625001 0.7646740609375 0.5555989765625 0.592844709375 0.5286314
0 0.633794696875 1 0.6673122859375 0.8572798640625001 0.54354778125 0.8282133109375 0.5032032640625 1 0.633794696875 1
1 0.3463532421875 0.5728737203125001 0.3427372015625 0.7934453921875 0.392933446875 0.7942679187499999 0.3965494875 0.5736962453125 0.3463532421875 0.5728737203125001
0 0.39443856718750003 0.6396279859375 0.37955119531250003 0.871433446875 0.4431296921875 0.875517065625 0.458017065625 0.6437116046875 0.39443856718750003 0.6396279859375
0 0.46138225312500003 0.7182406140625 0.42419453906250004 0.9764880546875 0.5076228671874999 0.9885017062499999 0.5448105796875 0.730254265625 0.46138225312500003 0.7182406140625
0 0.5060862265625 1 0.38427474375 0.8105170656249999 0.3127201359375 0.8565153578125001 0.4049606078125 1 0.5060862265625 1
0 0.3742868453125 1 0.3761757671875 0.8640563140624999 0.34382423281249996 0.8636075078125 0.341930625 1 0.3742868453125 1
0 0.4095637703125 1 0.38048293437499997 0.9306023890624999 0.33773890781250004 0.9485153578125001 0.35931395 1 0.4095637703125 1