0 0.33348060625 0 0.49152935624999994 0.698026428125 0.78913389375 0.6806597390625 0.7373327187500001 0.0098121921875 0.6319041734375 0 0.33348060625 0
0 0.0376496875 0 0.27515623749999996 0.719088159375 0.49020563125 0.6985943046875 0.3383424390625 0 0.0376496875 0
0 0 0 0 0.48320009218750004 0.11275180468749998 0.7463159359375 0.2776341109375 0.7206790703125 0.033625693750000005 0 0 0
0 0.984662859375 0.530771290625 0.9642961140624999 0.030935584375000002 0.74318641875 0.01035699375 0.7010044578125 0.66659199375 0.974297528125 0.69202726875 0.984662859375 0.530771290625
0 0.9545014281249999 1 0.9733373390625 0.70696515625 0.8037410328125001 0.6911808953125 0.7838905281249999 1 0.9545014281249999 1
0 0.80544105625 1 0.77504895625 0.7044883937499999 0.49926211875000004 0.724853384375 0.5275587515625 1 0.80544105625 1
0 0 0.7859692625 0.1022180703125 0.7433131875 0 0.5118834703124999 0 0.7859692625
0 0.5470412453125 1 0.479249234375 0.710362865625 0.2834036390625 0.7507156 0.3417511515625 1 0.5470412453125 1
0 0.36408752031249997 1 0.2769768140625 0.7282972921875001 0.11227453125 0.77668654375 0.18387230625 1 0.36408752031249997 1
0 0.20672815781249998 1 0.0925390734375 0.73903141875 0 0.777258471875 0 0.8193830578125001 0.0788050578125 0.9994820765625001 0.0843699578125 1 0.20672815781249998 1
2 0.8160392796875 0.0569406203125 0.74596450625 0.050418789062500004 0.7316289453125 0.27344056562499996 0.8017037218749999 0.2799623953125 0.8160392796875 0.0569406203125
2 0.9132832703125 0.026187839062500003 0.9105368609375001 0.0321814234375 0.952461984375 0.05231302812500001 0.9623404734375001 0.030753571875000003 0.9132832703125 0.026187839062500003
2 0.7004705359375001 1 0.621888721875 0.7085581015625 0.48093122343749994 0.742677653125 0.550314790625 1 0.7004705359375001 1
2 0.7354646578125 0.037211403125 0.6980918078125 0.0382526140625 0.7148854124999999 0.33316628593750003 0.7522582640625 0.3321250734375 0.7354646578125 0.037211403125
2 0.7642486296875 0.3809392140625 0.725848975 0.382494271875 0.736785240625 0.539672540625 0.77518489375 0.5381174843750001 0.7642486296875 0.3809392140625
2 0.5722131593750001 0.157757371875 0.5247311484375 0.1592444109375 0.5294890578125 0.23803474531250002 0.57697106875 0.2365477078125 0.5722131593750001 0.157757371875
2 0.609170721875 0.36476005312500004 0.5768276765625 0.3617499 0.5741505515625 0.4033985984375 0.6064935953124999 0.406408753125 0.609170721875 0.36476005312500004
2 0.5566956750000001 0.3709222359375 0.5281211109374999 0.37030087031250003 0.5284568484375 0.41624223125000004 0.5570314125 0.41686359531250006 0.5566956750000001 0.3709222359375
2 0.6384892390625 0.432675528125 0.5991644734375 0.4311977890625 0.5981773234375 0.5472897734375 0.6375003875 0.54876553125 0.6384892390625 0.432675528125
2 0.66068020625 0.660135003125 0.6027327109375 0.654741853125 0.6002282453125 0.693704415625 0.6581757421875001 0.699097565625 0.66068020625 0.660135003125
2 0.47700168437499996 0 0.46228853281250004 0.059441425000000006 0.5090411796875001 0.07226238125 0.526927865625 0 0.47700168437499996 0
2 0.47549155781249997 0.1260905859375 0.4635161484375 0.170461025 0.493959315625 0.1794815125 0.5059365437500001 0.13511124375 0.47549155781249997 0.1260905859375
2 0.5218340140625 0.6106425609375 0.4770524421875 0.617524421875 0.48931580468749997 0.6848123109375 0.5340956734375 0.67792846875 0.5218340140625 0.6106425609375
2 0.4721533296875 0.461407965625 0.42801967812499997 0.4731579 0.4714047984375 0.62099463125 0.5155384484375001 0.6092446984375 0.4721533296875 0.461407965625
2 0.43736363125000005 0.13121974218750002 0.364327821875 0.13850444687500002 0.40592911093749995 0.461977209375 0.47896662343749996 0.45469448906250004 0.43736363125000005 0.13121974218750002
2 0.3556011234375 0.7414680812500001 0.343364846875 0.8030510609375 0.41681736249999995 0.8196633625 0.42905363750000003 0.758080384375 0.3556011234375 0.7414680812500001
2 0.250857246875 0 0.264442453125 0.1742224 0.3173723140625 0.1716331109375 0.3039890125 0 0.250857246875 0
2 0.372531528125 0.19623138906249998 0.26461989375 0.21901049062500003 0.36576369531249997 0.6421330984375 0.47367532968750004 0.6193539984374999 0.372531528125 0.19623138906249998
2 0.22735711875 0.4930959296875 0.19803721093749999 0.503073521875 0.23285080625000001 0.598108290625 0.26217083125 0.5881288859375 0.22735711875 0.4930959296875
2 0.1973016328125 0.281130509375 0.1317497328125 0.29265142499999997 0.1659614296875 0.46028682656250003 0.2315133296875 0.44876590937499994 0.1973016328125 0.281130509375
2 0.108992878125 0.20812806718750002 0.08109674375 0.22798690625 0.134484196875 0.3014175953125 0.1623785125 0.2815585859375 0.108992878125 0.20812806718750002
2 0.0226061015625 0 0.0877414546875 0.20718292031250002 0.1212671453125 0.1975456703125 0.0591624453125 0 0.0226061015625 0
2 0.07186613281250001 0.3335793609375 0.030321739062500002 0.3391003125 0.042750004687499996 0.4160373359375 0.0842961 0.41051837031250005 0.07186613281250001 0.3335793609375
2 0.11582292812499999 0.398352325 0.069193 0.3945270296875 0.060594378125 0.5561436796875 0.1072260078125 0.5599709609375 0.11582292812499999 0.398352325
2 0.39596039375 1 0.3392752765625 0.8643102718750001 0.3125725390625 0.8747996562499999 0.3648749703125 1 0.39596039375 1
2 0.0468251765625 0.5818970078125 0.010139932812499999 0.6216687390625 0.115954634375 0.719576634375 0.1526417 0.6798050718749999 0.0468251765625 0.5818970078125
2 0 0.5143287671875 0.0306720546875 0.5682328078125 0.049480771875 0.557922846875 0.01143929375 0.491067546875 0 0.49733797500000004 0 0.5143287671875
2 0.0461912078125 0.600899403125 0.0027363234375 0.61000483125 0.028527609375000002 0.7185867218750001 0.0719826078125 0.7094794765625 0.0461912078125 0.600899403125
2 0.2364953984375 1 0.19249649062500002 0.8596866296875 0.1635996796875 0.8664545046875001 0.21000430625000002 1 0.2364953984375 1
2 0.1085695703125 1 0.08704808750000001 0.968240625 0.07121089375 0.9787030734375 0.08564315624999999 1 0.1085695703125 1
2 0.9640625 0.74765625 0.01875 0.053125
2 0.83937799375 1 0.8312903359374999 0.8908393374999999 0.7878347640625 0.8895090859374999 0.7997115484374999 1 0.83937799375 1
2 0.6328125 0.62265625 0.046875 0.04375
2 0.7140625 0.01640625 0.046875 0.021875
2 0.2703125 0.28359375 0.05 0.075
2 0.13599606718749999 0.799677846875 0.14849683281249998 0.83197918125 0.219862803125 0.8138301515625 0.20908434687500002 0.7857215390625 0.13599606718749999 0.799677846875
2 0.87421875 0.753125 0.1375 0.0796875
2 0.11796875 0.734375 0.028125 0.028125
2 0.23515625 0.94765625 0.025 0.03125