2 0.503865584375 0.545411778125 0.5238987140625 0.299670640625 0.483295878125 0.29612425937500003 0.46326249375 0.5418671046875 0.503865584375 0.545411778125
2 0.6225950703125 0.48913699531250004 0.638966225 0.1991957453125 0.5966427875 0.196559784375 0.5802716343750001 0.4865010328125 0.6225950703125 0.48913699531250004
2 0.7993094359375 0.3394707671875 0.775068384375 0.33489035 0.765697228125 0.38601591874999996 0.7899363234375001 0.3905977828125 0.7993094359375 0.3394707671875
2 0.7964614203125 0.32925220624999996 0.78997615 0.2305563765625 0.7396304687499999 0.233572946875 0.7461157375 0.332268778125 0.7964614203125 0.32925220624999996
2 0.784202640625 0.237127209375 0.75008271875 0.094442778125 0.7011301265625 0.1058825046875 0.73525005 0.2485669359375 0.784202640625 0.237127209375
2 0.5208155046875 0.3000140859375 0.524354484375 0.120091665625 0.481628140625 0.11900127812500001 0.47808720156250006 0.2989251484375 0.5208155046875 0.3000140859375
2 0.62913511875 0.219356328125 0.6133049703125 0.013087828125000001 0.5517699765625 0.0174551984375 0.5675998765625 0.2237254078125 0.62913511875 0.219356328125
2 0.706204878125 0 0.7234838124999999 0.0586588921875 0.752604775 0.0502336921875 0.7378076203124999 0 0.706204878125 0
2 0.5059858984375001 0 0.447394709375 0.0800427890625 0.5171228171875 0.1312856640625 0.613224153125 0 0.5059858984375001 0
2 0.4624324140625 0 0.45063220781249996 0.0477601109375 0.4703617453125 0.052743840625 0.48339329375 0 0.4624324140625 0
1 0.88755898125 1 0.892277978125 0.41745048437500004 0.630239996875 0.4138030515625 0.6254900484375 1 0.88755898125 1
1 0.6175204953125 0.9756566046874999 0.6430533609375 0.5177130562500001 0.5071184640624999 0.5093435125 0.481585596875 0.967287059375 0.6175204953125 0.9756566046874999
1 0.46934940156250005 0.945333815625 0.5060703265625001 0.5795894671874999 0.422190175 0.5706830375 0.3854695015625 0.9364256796875001 0.46934940156250005 0.945333815625
1 0.3791883390625 0.9251380765624999 0.417705525 0.6155475874999999 0.3593252421875 0.607946425 0.32080780625 0.9175386218750001 0.3791883390625 0.9251380765624999
1 0.414512253125 0.6367366765625 0.44517358281249997 0.36910165625 0.392269371875 0.3627358921875 0.36160829375 0.6303692062499999 0.414512253125 0.6367366765625
0 0.4962820328125 0.601375734375 0.5341700796875 0.29049075156250004 0.45847764687500003 0.2808301796875 0.42058789062499996 0.591714903125 0.4962820328125 0.601375734375
0 0.617035071875 0.5611227140625 0.6418381453124999 0.2085246171875 0.5284570468750001 0.19989145 0.503654225 0.55248784375 0.617035071875 0.5611227140625
0 0.8047432375 0.4919377765625 0.80055110625 0.08222719375000001 0.6246252765625 0.0830035703125 0.6288174093750001 0.4927141546875 0.8047432375 0.4919377765625
0 0.607553028125 0 0.6233982640625 0.185582825 0.7515269484375 0.1753800484375 0.7365535109375 0 0.607553028125 0
1 0.438965325 0.41772016875 0.4676821578125 0.196571915625 0.41732355156249995 0.1897424359375 0.38860671562500004 0.4108906890625 0.438965325 0.41772016875
0 0.510748340625 0.3570671109375 0.5298313390625 0.12296553437499999 0.4656012609375 0.1173574828125 0.44651826093749997 0.3514590578125 0.510748340625 0.3570671109375
0 0.6103012828125001 0.28374562812500004 0.61094178125 0.019799490625 0.5256828062500001 0.0190964046875 0.52504230625 0.283042540625 0.6103012828125001 0.28374562812500004
0 0.5034429312500001 0 0.39652757968749996 0.12208931406250001 0.46139837968749997 0.1790009390625 0.61815273125 0 0.5034429312500001 0
0 0.444551759375 0 0.42869727500000004 0.11973797187499999 0.461141534375 0.12422090156250001 0.477588165625 0 0.444551759375 0
0 0.4555445234375 0 0.4350544078125 0.0338927 0.47520796406250004 0.05832378125 0.5104673296875 0 0.4555445234375 0