2 0.44967753125 0.6321732953125 0.484117984375 0.3764113265625 0.44190250937500003 0.3709679734375 0.40746193281250004 0.62673174375 0.44967753125 0.6321732953125
2 0.54463323125 0.760614515625 0.5926803953124999 0.4604726109375 0.5489127265625 0.4537158203125 0.5008655609375 0.7538577265625 0.54463323125 0.760614515625
2 0.7137898296875 0.65225326875 0.7395438078125001 0.65298330625 0.741398828125 0.5986089437500001 0.7156465234375 0.597880821875 0.7137898296875 0.65225326875
2 0.7056992453125 0.7622716296875 0.7343562265625 0.6627964578125 0.683666459375 0.6484679109375 0.6550094765625001 0.7479430812500001 0.7056992453125 0.7622716296875
2 0.634602671875 0.8925479718749999 0.7012764125000001 0.7542630625 0.65388894375 0.7316323609375 0.587215203125 0.8699172718750001 0.634602671875 0.8925479718749999
2 0.410039196875 0.8159074374999999 0.446608690625 0.6311335125 0.402773453125 0.622704359375 0.36620563125 0.8074801984375 0.410039196875 0.8159074374999999
2 0.47689188125 0.9451921531249999 0.5391056203125 0.7378032578125 0.4773021359375 0.719592671875 0.415088265625 0.92698336875 0.47689188125 0.9451921531249999
2 0.5935322265625 1 0.6273030015625001 0.938318190625 0.599474859375 0.9231991234375 0.5574263953124999 1 0.5935322265625 1
2 0.4814091953125 1 0.49040690781249996 0.9959873015625 0.40516116718750006 0.8028456937499999 0.322580015625 0.8396725640625 0.3933423421875 1 0.4814091953125 1
2 0.320880003125 0.9561214124999999 0.3421213359375 0.9554314625 0.33991497187499997 0.8727170078125001 0.3186736421875 0.87340695625 0.320880003125 0.9561214124999999
2 0.38243369843749997 1 0.3864152890625 0.9430432375000001 0.3517389734375 0.9408203984375 0.34762603593749997 0.9996561078124999 0.3529907578125 1 0.38243369843749997 1
1 0.696855459375 0 0.583656396875 0.5392143296875 0.8518060375 0.5940064765625 0.9754449921875 0.005069584375 0.8963593718749999 0 0.696855459375 0
1 0.545958021875 0 0.4793819078125 0.4140201890625 0.6199338140624999 0.4358205703125 0.6900155171875 0 0.545958021875 0
1 0.4448800171875 0 0.4064350421875 0.33232878593750004 0.49399980625 0.3419545890625 0.533558253125 0 0.4448800171875 0
1 0.3763331 0 0.35062089531249996 0.2801844484375 0.41187882187499997 0.28545 0.43807426875 0 0.3763331 0
1 0.384866196875 0.543593140625 0.4133529125 0.263069478125 0.3579575203125 0.2577654328125 0.32947093125000004 0.538287296875 0.384866196875 0.543593140625
0 0.4581064921875 0.6438543328125 0.4888789203125 0.31749051562499997 0.409497171875 0.3104643546875 0.3787265453125 0.6368282859375001 0.4581064921875 0.6438543328125
0 0.54964651875 0.751716471875 0.6030837484375 0.3856203296875 0.4854825671875 0.369128340625 0.4320454640625 0.7352226843749999 0.54964651875 0.751716471875
0 0.6833633156250001 0.9163105734375 0.779136165625 0.4982884328125 0.5998273625 0.45820436718749996 0.5040545109375001 0.8762265093750001 0.6833633156250001 0.9163105734375
0 0.5954096453125 1 0.654150890625 0.8101063703125 0.5257105421875 0.7710578499999999 0.455628065625 0.9976113703125 0.4634853 1 0.5954096453125 1
1 0.36930069374999996 0.7250440671875 0.3893898546875 0.49249071874999995 0.3364880953125 0.48822757812499995 0.3163989328125 0.7207809265625 0.36930069374999996 0.7250440671875
0 0.4162685546875 0.8141918609375001 0.449079015625 0.5705443781249999 0.382298140625 0.561934271875 0.3494876796875 0.8055817578125 0.4162685546875 0.8141918609375001
0 0.4759797578125 0.9378012171875 0.5342703828124999 0.6677543640625 0.447130878125 0.6494321203125 0.3888402546875 0.9194789765625 0.4759797578125 0.9378012171875
0 0.5011069328125 1 0.3589659609375 0.7416082687500001 0.2800743734375 0.78531664375 0.398170821875 1 0.5011069328125 1
0 0.33319744375 0.9558236953125 0.3464705265625 0.7975674140625 0.312369284375 0.7949056359375 0.2990980015625 0.95316203125 0.33319744375 0.9558236953125
0 0.3909384609375 1 0.3461052609375 0.8680934421875 0.2996840828125 0.88410833125 0.3387653390625 0.999088115625 0.35299075156250004 1 0.3909384609375 1