2 0.5342969796875 0.6707164421875 0.5189328859375 0.4314664421875 0.4794161078125 0.43400503281249997 0.4947802015625 0.6732533562499999 0.5342969796875 0.6707164421875
2 0.43940100624999995 0.7830637578124999 0.414291946875 0.501847315625 0.37324999999999997 0.5055117453125 0.3983590609375 0.7867281875 0.43940100624999995 0.7830637578124999
2 0.2502617453125 0.6256375843749999 0.226323825 0.6247818796875 0.22451845625 0.6753204703125 0.24845805312499997 0.6761744968750001 0.2502617453125 0.6256375843749999
2 0.2967835578125 0.7684144296875 0.276649328125 0.6744546984374999 0.22869463125 0.6847298656249999 0.24882885937500002 0.778689596875 0.2967835578125 0.7684144296875
2 0.351766778125 0.8855671140625001 0.298880871875 0.7533540265625 0.2534513421875 0.7715251671875001 0.3063372484375 0.9037382546874999 0.351766778125 0.8855671140625001
2 0.56084899375 0.8408003359375 0.53890771875 0.6672600671875 0.49769463125 0.6724714765625001 0.5196375843750001 0.8460100671875 0.56084899375 0.8408003359375
2 0.5077499999999999 0.9487248328125 0.46348322187499996 0.7526862421875 0.4049664421875 0.76590100625 0.449233221875 0.96193791875 0.5077499999999999 0.9487248328125
2 0.36728274375000003 1 0.33693791875 0.9342533562499999 0.3101409390625 0.9466208046875 0.33477766875000003 1 0.36728274375000003 1
2 0.532522990625 1 0.5992332218749999 0.87325 0.5250100671875 0.8341862421874999 0.43773958437499993 1 0.532522990625 1
2 0.6006694625 0.90476845625 0.5810083890625 0.9028657718750001 0.573597315625 0.979446309375 0.5932583890625 0.98134899375 0.6006694625 0.90476845625
2 0.5656224828124999 1 0.5656224828124999 0.9653238249999999 0.533308725 0.9653238249999999 0.533308725 1 0.5656224828124999 1
1 0.201550121875 0 0.042380871875 0.021998321874999997 0.124196309375 0.6139496640625 0.3765151 0.579075503125 0.2964806875 0 0.201550121875 0
1 0.4813708046875 0.46916610781249996 0.44140100625 0.0250503359375 0.3095956375 0.0369127515625 0.3495654359375 0.48102852343749997 0.4813708046875 0.46916610781249996
1 0.5543422812500001 0.39773993281250003 0.5381107375 0.040649328125 0.456251678125 0.044369128125000004 0.47248322187499997 0.40146140937499997 0.5543422812500001 0.39773993281250003
1 0.6095033562500001 0.3526979859375 0.60290771875 0.0493406046875 0.5457365765625 0.0505838921875 0.5523322140625 0.353939596875 0.6095033562500001 0.3526979859375
1 0.61238590625 0.5933271812500001 0.60415100625 0.3314697984375 0.5524161078125001 0.3330956375 0.56065100625 0.5949546984375 0.61238590625 0.5933271812500001
0 0.5603003359375001 0.681788590625 0.5529194625 0.3772802015625 0.4788204703125 0.37907718125 0.4862030203125 0.6835855703125 0.5603003359375001 0.681788590625
0 0.5044546984375 0.7698724828125 0.4786224828125 0.42716946250000004 0.3684530203125 0.4354731546875 0.39428523437499996 0.778177853125 0.5044546984375 0.7698724828125
0 0.42850671093750003 0.8963624156250001 0.366766778125 0.502983221875 0.1978204703125 0.529498321875 0.259560403125 0.9228775171875 0.42850671093750003 0.8963624156250001
0 0.4627851265625 1 0.4152365765625 0.797538590625 0.2935486578125 0.8261174499999999 0.3343846890625 1 0.4627851265625 1
1 0.612677853125 0.7633540265625001 0.6091224828125 0.546483221875 0.5597684562499999 0.5472919468749999 0.563323825 0.7641627515625 0.612677853125 0.7633540265625001
0 0.57648154375 0.8400335578125 0.561843959375 0.6121174500000001 0.49933221406249995 0.61613255 0.5139697984375 0.8440486578125 0.57648154375 0.8400335578125
0 0.5325872484375 0.9433255031250001 0.496023490625 0.6894110734375001 0.41399496718749995 0.7012231546875001 0.45055872499999994 0.955137584375 0.5325872484375 0.9433255031250001
0 0.5299259953125001 1 0.642191275 0.825365771875 0.5718372484375001 0.7801392625 0.43049701249999994 1 0.5299259953125001 1
0 0.6136577187500001 0.979899328125 0.6116090609375 0.8323389265625 0.5798003359375 0.8327802015625 0.5818506718750001 0.9803406046875001 0.6136577187500001 0.979899328125
0 0.5823168921875 1 0.61759228125 0.915822146875 0.5755654359375 0.89820973125 0.53291056875 1 0.5823168921875 1