2 0.5770153296875 0.49285059374999995 0.582130821875 0.42938097343750004 0.5280475953125 0.42596306562499997 0.5229324734375 0.489434521875 0.5770153296875 0.49285059374999995
2 0.40812297500000005 0.41880718906250003 0.390744921875 0.31639486250000004 0.36486558125 0.32122094843750004 0.382243265625 0.4236314390625 0.40812297500000005 0.41880718906250003
2 0.4511909375 0.40967713437500003 0.47345216875 0.4027813015625 0.4588239625 0.3530455578125 0.43656273125 0.359941390625 0.4511909375 0.40967713437500003
2 0.5154274578125 0.3213336515625 0.5066808328125 0.2778679703125 0.4862248421875 0.28232265624999997 0.4949714671875 0.3257883375 0.5154274578125 0.3213336515625
2 0.5617290828125 0.996461909375 0.58384514375 0.9911652906249999 0.5680671828125 0.920464696875 0.5459511218750001 0.9257613171875001 0.5617290828125 0.996461909375
2 0.54186029375 0.9266521750000001 0.5849248953124999 0.9165122406249999 0.5482113171874999 0.7489170453125 0.5051467140625 0.7590569796875 0.54186029375 0.9266521750000001
2 0.6329494984374999 0.8841305343749999 0.609170075 0.7659605109375 0.5873498609375 0.7707122828124999 0.6111292828125 0.8888823078125 0.6329494984374999 0.8841305343749999
2 0.45978337500000005 0.809362178125 0.6259775578125 0.770658971875 0.5668702999999999 0.49760554375000005 0.40067795625 0.53630835 0.45978337500000005 0.809362178125
2 0.425936771875 0.27276633125 0.4357483703125 0.269400853125 0.4283750265625 0.2469030203125 0.41856342812499997 0.2502685015625 0.425936771875 0.27276633125
0 0.7073372124999999 1 0.7102321421875 0.9993695734375001 0.5997665328124999 0.450419159375 0.38702312656250004 0.4967481359375 0.488292790625 1 0.7073372124999999 1
0 0.38775372343750003 0 0.30621603125 0.01657804375 0.40440937187500003 0.5426083390625001 0.598969434375 0.5030508625000001 0.50506563125 0 0.38775372343750003 0