0 0.3309239109375 0 0.48061268593750006 0.6611043765625 0.7957841578125 0.642712571875 0.7461554953125 0 0.3309239109375 0
0 0.0257452984375 0 0.25146754375 0.6834093343750001 0.479210825 0.6617057749999999 0.33536660625 0 0.0257452984375 0
0 0 0 0 0.5267786375 0.0794767375 0.7122443078125 0.25409168125 0.6850941546875 0.022131646875 0 0 0
0 0.7428077609375 0 0.7024526375 0.6278144375 0.9918775906249999 0.6547511 1 0.5283887968750001 1 0.413915615625 0.98313423125 0 0.7428077609375 0
0 0.9696854234375 1 0.9908607234375 0.6705707375000001 0.811253525 0.6538547671875 0.789003740625 1 0.9696854234375 1
0 0.8150179640624999 1 0.7808678171875 0.6679477781250001 0.4888018953125 0.68951486875 0.5207328125 1 0.8150179640624999 1
0 0.543871184375 1 0.46760769687500003 0.67416900625 0.2602017703125 0.7169036734375 0.326463303125 1 0.543871184375 1
0 0.351771009375 1 0.253395584375 0.6931620625 0.0789712921875 0.744407625 0.1580364046875 0.991011703125 0.25461248593749997 1 0.351771009375 1
0 0 0.8808806671875 0.0435261890625 0.9803542828125 0.18450129531249998 0.9934747796875 0.05807089375 0.7045298 0 0.7285183609375 0 0.8808806671875
2 0.7484769578125 0 0.7348848218749999 0.2114561546875 0.8090959546875001 0.21836295312499998 0.8231320500000001 0 0.7484769578125 0
2 0.7070364062500001 1 0.618666875 0.6722577125 0.46938896874999997 0.7083912640625 0.54801740625 1 0.7070364062500001 1
2 0.70150998125 0 0.7171529546875 0.27470735 0.7567318421875 0.273604678125 0.7411516578125 0 0.70150998125 0
2 0.74034548125 0.49340321249999997 0.7810117796875 0.4917563625 0.769429971875 0.32530020937500004 0.728763671875 0.326947059375 0.74034548125 0.49340321249999997
2 0.5208130640624999 0.1739604078125 0.5710978328125 0.17238559375 0.566059075 0.0889444390625 0.5157743078125 0.0905192546875 0.5208130640624999 0.1739604078125
2 0.5681108265625 0.34908532187499997 0.602363009375 0.3522731578125 0.605198159375 0.308166028125 0.5709459781249999 0.3049781921875 0.5681108265625 0.34908532187499997
2 0.5197199265625 0.36268708437499997 0.549981184375 0.3633451265625 0.549625628125 0.3146919515625 0.519364371875 0.31403390781249996 0.5197199265625 0.36268708437499997
2 0.5935558453125 0.5014700734375 0.6352000624999999 0.503032940625 0.636247284375 0.380090403125 0.5946012656249999 0.3785254359375 0.5935558453125 0.5014700734375
2 0.5957278296874999 0.656527246875 0.6570958390625 0.662238740625 0.6597481359375 0.62097630625 0.598380128125 0.6152648093749999 0.5957278296874999 0.656527246875
2 0.48318608125000007 0.11195090781249999 0.49587029843749997 0.0649615609375 0.4636282125 0.0554084328125 0.450945921875 0.102397959375 0.48318608125000007 0.11195090781249999
2 0.47826847343749995 0.6471102609375 0.5256915984375 0.6398200796875 0.5127061609375 0.568562434375 0.4652812328125 0.575850515625 0.47826847343749995 0.6471102609375
2 0.45930022031249995 0.5795255640625 0.5060389828125 0.567082059375 0.4600929359375 0.41051885312499997 0.4133541734375 0.42296235937500004 0.45930022031249995 0.5795255640625
2 0.38995965 0.4111216984375 0.467308403125 0.40340909375 0.42324967812500003 0.060840353125 0.345902728125 0.0685550578125 0.38995965 0.4111216984375
2 0.401490609375 0.78992126875 0.41444916562499995 0.724703184375 0.3366609109375 0.7071102953125 0.32370235625 0.7723283796875 0.401490609375 0.78992126875
2 0.2318261296875 0 0.240121346875 0.10638136093749999 0.2961755421875 0.10363923281250001 0.2880941453125 0 0.2318261296875 0
2 0.3474233578125 0.6019117875 0.46170477656250003 0.5777880890625 0.35459068125000004 0.129689490625 0.2403092625 0.1538131921875 0.3474233578125 0.6019117875
2 0.2066649171875 0.55528829375 0.23771563750000002 0.5447198265625001 0.2008469484375 0.44407728593750007 0.16979635312500002 0.45464383281250004 0.2066649171875 0.55528829375
2 0.1358272078125 0.409331534375 0.205248490625 0.39713056406249997 0.1690173546875 0.21960001875000001 0.099596071875 0.2318009875 0.1358272078125 0.409331534375
2 0.10249194375 0.24108460625 0.1320328 0.2200533625 0.07549593125000001 0.14228840468749998 0.04595315 0.16331946718749998 0.10249194375 0.24108460625
2 0.00857131875 0 0.05299008125 0.14128746718750002 0.0884947203125 0.131081353125 0.0472851703125 0 0.00857131875 0
2 0 0.32939501875 0.0053428875 0.3624700953125 0.04934135625 0.3566253578125 0.036177675 0.275144809375 0 0.2799525625 0 0.32939501875
2 0.024240575 0.51084660625 0.073624765625 0.5148998015624999 0.08272914218750001 0.3437411765625 0.033346753125 0.3396900828125 0.024240575 0.51084660625
2 0.38738046875 1 0.3193713875 0.8372035875 0.291092446875 0.8483121359375 0.3544600359375 1 0.38738046875 1
2 0 0.6072502234375 0.0828686234375 0.68392664375 0.12172124531249999 0.6418074546875 0.009658607812500001 0.5381200953125 0 0.5485913234375001 0 0.6072502234375
2 0 0.680841396875 0.0363010265625 0.6732334734375 0.0089872171875 0.5582441593749999 0 0.56012731875 0 0.680841396875
2 0.186518203125 0.9925533609375 0.21139700625 0.983684771875 0.163928575 0.8323070203125 0.13332605 0.8394743890624999 0.186518203125 0.9925533609375
2 0.035483759375 0.9583487406250001 0.050858690625 0.981036715625 0.076772740625 0.9834485265625 0.0522557859375 0.9472687171875 0.035483759375 0.9583487406250001
2 0.98125 0.71328125 0.021875 0.05625
2 0.8504089578125 1 0.8404290015625 0.8652986046875 0.79440834375 0.8638898296875 0.8090389703125 1 0.8504089578125 1
2 0.63046875 0.58125 0.05 0.046875
2 0.246875 0.221875 0.053125 0.0796875
2 0.19291026093750002 0.7837437359375 0.18149557656249998 0.7539759359375 0.1040930578125 0.768756053125 0.117331715625 0.8029640640625001 0.19291026093750002 0.7837437359375
2 0.8859375 0.71953125 0.146875 0.084375
2 0.08515625 0.7 0.0296875 0.0296875
2 0.209375 0.925 0.025 0.0328125