2 0.49251422656250005 0.4751339296875 0.49711783593750003 0.5322582406249999 0.5457927390624999 0.5291821234375 0.541188796875 0.472059465625 0.49251422656250005 0.4751339296875
2 0.3658939390625 0.5343567046875 0.3502540234375 0.6265261468750001 0.3735454296875 0.6308696234375 0.389185678125 0.5386985296875 0.3658939390625 0.5343567046875
2 0.4147814578125 0.5916777484375 0.434816565625 0.5978839984375 0.4479819515625 0.553121828125 0.42794684375 0.5469155796875 0.4147814578125 0.5916777484375
2 0.4673493203125 0.622415496875 0.45947735781250004 0.6615346093750001 0.47788775 0.6655438265625 0.4857597125 0.6264247140625 0.4673493203125 0.622415496875
2 0.513231009375 0.0824398140625 0.5331354640625 0.0872067734375 0.5473356296875 0.0235762390625 0.527431175 0.01880928125 0.513231009375 0.0824398140625
2 0.47650704218750006 0.23247371874999997 0.5152651859375 0.241599659375 0.54830740625 0.0907639828125 0.5095492640625 0.08163804218750001 0.47650704218750006 0.23247371874999997
2 0.5718913546875 0.1156309234375 0.550489875 0.22198394531250001 0.5701280671875 0.226260540625 0.5915295484375 0.11990751875000001 0.5718913546875 0.1156309234375
2 0.3824851609375 0.43294748437499997 0.5320582703125 0.4677800109375 0.5852548015625 0.22203192500000002 0.43568003749999995 0.1871990390625 0.3824851609375 0.43294748437499997
2 0.3985820859375 0.6903833484375 0.4074125234375 0.69341228125 0.4140485328125 0.6731642328125 0.4052180953125 0.6701353015625 0.3985820859375 0.6903833484375
0 0.46448273906250004 0 0.3701958140625 0.468551678125 0.5616648796875 0.51024775625 0.6610839281249999 0.016192384375 0.5867282390625 0 0.46448273906250004 0
0 0.385843434375 0.42727749531250003 0.297469428125 0.9007047609375001 0.47257348437499996 0.9363064874999999 0.560947490625 0.4628792234375 0.385843434375 0.42727749531250003