2 0.4758147859375 0.42648421562500005 0.535234903125 0.647182946875 0.572713775 0.6341500265625 0.5132933453125 0.4134497171875 0.4758147859375 0.42648421562500005
2 0.38720061875 0.52229340625 0.4638147859375 0.7798065937499999 0.502547959375 0.76530306875 0.42593379374999996 0.5077898828125 0.38720061875 0.52229340625
2 0.276057571875 0.7219544609375 0.2992089375 0.7163059171875 0.2915067140625 0.66832666875 0.268356646875 0.6739731828125 0.276057571875 0.7219544609375
2 0.2818250296875 0.7296717734375 0.318703159375 0.812546859375 0.3628413078125 0.7899679296875 0.325963178125 0.70709284375 0.2818250296875 0.7296717734375
2 0.3218051625 0.8045682812500001 0.3972798234375 0.9145670453125 0.4375186984375 0.8852481671874999 0.3620440390625 0.775249403125 0.3218051625 0.8045682812500001
2 0.537887996875 0.645662790625 0.59135948125 0.802836490625 0.6299669234375 0.7868350687500001 0.5764967375000001 0.6296593390624999 0.537887996875 0.645662790625
2 0.46627247499999996 0.7584532562499999 0.545384190625 0.930754534375 0.5991178453125 0.90256840625 0.5200058140625 0.7302655515625001 0.46627247499999996 0.7584532562499999
2 0.40893849531250004 0.953841884375 0.43154266874999997 0.9831000781249999 0.46853035312499997 0.9818084390624999 0.4323658734375 0.93499816875 0.40893849531250004 0.953841884375
2 0.6319476265625 0.9458944515625 0.67288956875 0.8069867609375001 0.5943119515624999 0.7902770328125001 0.5409162890625 0.97143625 0.6319476265625 0.9458944515625
2 0.6680938015625 0.913695371875 0.687331784375 0.9101852859375 0.6801529984375 0.83621990625 0.66091501875 0.839729990625 0.6680938015625 0.913695371875
2 0.6645849687500001 0.9367369859375 0.6577981953125 0.9025724734375 0.6267636015625 0.9112802359375 0.633550375 0.9454447484375 0.6645849687500001 0.9367369859375
1 0 0.215932515625 0.16824970625 0.6913142203125 0.40406976562499997 0.5905467343749999 0.214986175 0.056295553124999995 0 0.14815880625 0 0.215932515625
1 0.2385853703125 0.0990702734375 0.3598829609375 0.50566715625 0.484256171875 0.4590008796875 0.36295858281250004 0.052403996875000004 0.2385853703125 0.0990702734375
1 0.38082791875 0.066557375 0.4630809171875 0.39776885625 0.5410047796875 0.3722125125 0.45875209375 0.041002606250000004 0.38082791875 0.066557375
1 0.46793069843749996 0.048283859375 0.5308973906250001 0.331591828125 0.5855735765625 0.31501877968750003 0.5226065734375 0.031709234375 0.46793069843749996 0.048283859375
1 0.5270866937500001 0.31198064062499997 0.5838809296874999 0.5558494640625 0.6332640296875 0.5403786859374999 0.5764701078125001 0.2965114390625 0.5270866937500001 0.31198064062499997
0 0.4649884875 0.37502504375 0.5289261328125 0.6592042171875 0.599754778125 0.6375480625 0.535818746875 0.3533684359375 0.4649884875 0.37502504375
0 0.3695183328125 0.4577657390625 0.4583059984375 0.7728690203124999 0.5625638281249999 0.7353759015625 0.4737764765625 0.4202741953125 0.3695183328125 0.4577657390625
0 0.2231935484375 0.592109275 0.355927696875 0.94515880625 0.5132361515625 0.8747137687500001 0.38050200156249997 0.5216642390625 0.2231935484375 0.592109275
0 0.3705067890625 0.8450673640625 0.43536484375000006 0.9829666046875 0.5089845015625001 0.9803957499999999 0.5661969546875001 0.9643429375 0.4820423390625 0.7854178375 0.3705067890625 0.8450673640625
1 0.574135365625 0.5112951515625 0.6180366515625 0.714146271875 0.6652859875 0.7000865578125001 0.6213847 0.4972354375 0.574135365625 0.5112951515625
0 0.5289430890625 0.5922757328125 0.5855498921875 0.802520540625 0.6448375000000001 0.78190188125 0.588230696875 0.571657075 0.5289430890625 0.5922757328125
0 0.46286917031249997 0.6952378296874999 0.5453876984375 0.9240065765625 0.6219639156250001 0.890801240625 0.5394453875 0.6620324906249999 0.46286917031249997 0.6952378296874999
0 0.6292656296875 0.9466469734375 0.7052077999999999 0.7504103453125001 0.6291956484375001 0.726866396875 0.5337726125 0.973440640625 0.6292656296875 0.9466469734375
0 0.64667081875 0.7741910468750001 0.6761873953124999 0.9123117296875 0.7066529578125 0.9033258125 0.6771379921875 0.7652046765625 0.64667081875 0.7741910468750001
0 0.6799432359375001 0.9324277234375 0.6984694796875 0.8420475765625 0.6548183125 0.8368211156250001 0.6324927171875 0.9457415093750001 0.6799432359375001 0.9324277234375