2 0.6610885625 0.533039128125 0.4340030515625 0.4718994578125 0.4205913484375 0.5104626062500001 0.647678484375 0.5716025984375 0.6610885625 0.533039128125
2 0.7975501921875 0.459552190625 0.5325848546875 0.38072089375 0.517661615625 0.4205749640625 0.7826269515625001 0.49940626093749996 0.7975501921875 0.459552190625
2 0.7322118765625001 0.29018282968750003 0.7380238828125 0.2663614890625 0.688654078125 0.25843770781250003 0.6828441609375 0.2822577125 0.7322118765625001 0.29018282968750003
2 0.8312379265625 0.3102411921875 0.745964525 0.27229585 0.7227321859375 0.31771130937500003 0.8080055875 0.35565665156250004 0.8312379265625 0.3102411921875
2 0.9362104640625001 0.39109177968750003 0.82302845625 0.3134329640625 0.792861121875 0.3548363109375 0.9060431296875 0.43249512343749996 0.9362104640625001 0.39109177968750003
2 0.82124655 0.5907878906249999 0.6595244140625 0.5357689999999999 0.643057840625 0.5754950359375 0.8047820640625 0.630512590625 0.82124655 0.5907878906249999
2 0.9528664015625001 0.5434821249999999 0.7755789125 0.46208100312499994 0.7465754875 0.5173693265625 0.9238645984374999 0.5987707734375001 0.9528664015625001 0.5434821249999999
2 1 0.421149215625 0.976621875 0.403087840625 0.9572328421874999 0.42719318125 1 0.46023405000000006 1 0.421149215625
2 0.825516925 0.6746773703125 0.9684444515624999 0.6325506125 0.9947254015624999 0.538884928125 0.808323634375 0.5938258015625 0.825516925 0.6746773703125
2 0.9317019015625 0.6895375265625 0.935313565625 0.66974281875 0.8592077078125 0.6623562890625 0.8555960453125 0.6821509953125 0.9317019015625 0.6895375265625
2 0.9238687828125001 0.65914926875 0.9590219796874999 0.66613244375 0.9679817343750001 0.6341997421875 0.9328285390625 0.6272165671875001 0.9238687828125001 0.65914926875
1 0.140066484375 0 0.053101534375 0.20352275312499998 0.602813359375 0.398078215625 0.706496946875 0.15543378125 0.267326040625 0 0.140066484375 0
1 0.515477459375 0.3526126921875 0.09711410781249999 0.22780488281250003 0.049097359374999996 0.3557773203125 0.4674607125 0.480585128125 0.515477459375 0.3526126921875
1 0.40445670156249997 0.4587970859375 0.06366032187500001 0.37416377500000003 0.037366025000000004 0.454342990625 0.378160784375 0.5389759796875 0.40445670156249997 0.4587970859375
1 0.33636458125 0.52857609375 0.044857990625 0.4637872140625 0.027803714062500002 0.5200453484375 0.319311928125 0.5848345484374999 0.33636458125 0.52857609375
1 0.5671119890625 0.58309291875 0.31618586875 0.5246551187499999 0.3002690046875 0.575467634375 0.551193503125 0.6339051109375 0.5671119890625 0.58309291875
0 0.673457715625 0.5265477890625 0.3810547078125 0.46075985781249995 0.35877138125 0.53363986875 0.6511748546875 0.5994261375 0.673457715625 0.5265477890625
0 0.790411853125 0.4538839859375 0.466189828125 0.3625269015625 0.4276133203125 0.4698021625 0.751833725 0.5611589234375 0.790411853125 0.4538839859375
0 0.9676875171875 0.3485429671875 0.60442111875 0.2119676375 0.5319374812500001 0.3738284265625 0.895203878125 0.5104037578125 0.9676875171875 0.3485429671875
0 1 0.4271797359375 0.8646995390625 0.3635439625 0.8033238203125 0.4783072296875 0.9874268171875 0.5648971875 1 0.5200861828125001 1 0.4271797359375
1 0.7299897328125 0.61823706875 0.5212683234375 0.573065328125 0.5068017359375 0.62168200625 0.7155231468750001 0.6668537484375 0.7299897328125 0.61823706875
0 0.82092145625 0.5848101781249999 0.60459239375 0.5265652359375 0.5833770546875 0.5875685625 0.799706115625 0.6458135046875 0.82092145625 0.5848101781249999
0 0.9459231656249999 0.543485734375 0.7105341015625 0.45857921093750004 0.6763678359374999 0.537371459375 0.9117569031249999 0.6222779843749999 0.9459231656249999 0.543485734375
0 0.7673032484375 0.7079308546874999 0.9692187515624999 0.6297910015625 0.9967877968750001 0.5315345203125 0.7430779640625 0.6297189953125 0.7673032484375 0.7079308546874999
0 0.9338898828125 0.67807063125 0.7917721375 0.647699878125 0.7825257125 0.6790487374999999 0.9246439234375 0.7094178343750001 0.9338898828125 0.67807063125
0 0.8615923625 0.7009975359375 0.9545880109375 0.6819351625000001 0.9682870843750001 0.633111478125 0.8562146531250001 0.6560831515625 0.8615923625 0.7009975359375