0 0.3143810609375 0.48932358281250005 0.9929924265625001 0.6429763296875 0.9944868828125 0.5145429906250001 0.9703352546874999 0.255042253125 0.3309336859375 0.20566925781249998 0.3143810609375 0.48932358281250005
0 0.2943065984375 0.6955542109375 0.9897080218750001 0.9252373046875 0.99304760625 0.6382341359375 0.313839803125 0.49058525781249995 0.2943065984375 0.6955542109375
0 0.8481332390625 1 0.9889433984375 0.9909489 0.9896626062499999 0.9291403953125 0.2927902609375 0.6931924875 0.2683551234375 0.8503459359375001 0.6175855015625 1 0.8481332390625 1
0 0.969815990625 0.2494629453125 0.9502020218749999 0.038717765625 0.4737961140625 0.0193057125 0.320099009375 0.02918516875 0.34434200625 0.2896676265625 0.969815990625 0.2494629453125
0 0 0.21237424531250002 0.32090570937499996 0.191746828125 0.3058613359375 0.0301003484375 0 0.04976073125 0 0.21237424531250002
0 0 0.45225132500000004 0.28881161875 0.48195329375 0.308222 0.21909396406249998 0 0.1873946546875 0 0.45225132500000004
0 0.587314371875 1 0.27121711875 0.8603859015624999 0.22058369375 0.981720340625 0.2619704890625 1 0.587314371875 1
0 0 0.5919926859375 0.0032225625 0.6266179875 0.26416169375 0.68769340625 0.30262289375 0.5010280734375 0 0.4301966359375 0 0.5919926859375
0 0.0174644671875 0.7796422359374999 0.23940813749999998 0.8508008374999999 0.28552914375 0.6938189734375 0.0009864390625 0.6025916328124999 0.0174644671875 0.7796422359374999
0 0.027056145312500002 0.8827014296875 0.232716709375 0.972691328125 0.2752981796875 0.8696111953125 0.015247698437500002 0.755823834375 0.027056145312500002 0.8827014296875
2 0.7128483421875 0.193688640625 0.7190644609375 0.2604786609375 0.9316320921875001 0.2468150796875 0.9254159718749999 0.18002506093749998 0.7128483421875 0.193688640625
2 0.9503755015625 0.0405817359375 0.9298266453125 0.049997171875 0.9490145812499999 0.08995705468750001 0.954727215625 0.0873393828125 0.9503755015625 0.0405817359375
2 0 0.4261314890625 0.2718228625 0.499424928125 0.304343059375 0.36507481249999996 0.003969525 0.28408475 0 0.3004836859375 0 0.4261314890625
2 0.6631307890625 0.24081634218749998 0.662138384375 0.27643734062499997 0.9432279765624999 0.2924437453125 0.9442203812500001 0.25682274843749997 0.6631307890625 0.24081634218749998
2 0.4667942734375 0.21896439843749999 0.465312109375 0.2555640671875 0.615122646875 0.2659876953125 0.6166048109375 0.229388025 0.4667942734375 0.21896439843749999
2 0.7542279656249999 0.40788694999999997 0.7528106328125 0.4531432421875 0.8279076703125 0.4576781234375 0.8293250046875 0.4124218328125 0.7542279656249999 0.40788694999999997
2 0.5923291578125001 0.3797482921875 0.5951982109375 0.41057525625 0.6348946265625 0.40802362031249995 0.632025575 0.37719665625 0.5923291578125001 0.3797482921875
2 0.5823643859375001 0.42689193437500006 0.5829566234375 0.454127065625 0.6267444828125 0.454447065625 0.62615224375 0.427211934375 0.5823643859375001 0.42689193437500006
2 0.456645353125 0.35019494375 0.45805193437499997 0.3876747390625 0.5687021078125001 0.3867338609375 0.5672936375 0.34925244375000003 0.456645353125 0.35019494375
2 0.3133601328125 0.3304887453125 0.318500478125 0.385719953125 0.35563667187500003 0.383332884375 0.350496325 0.328101678125 0.3133601328125 0.3304887453125
2 0.9887899359375 0.45333130468749994 0.9108124171875 0.472632625 0.9230323921875 0.5171937421874999 0.9931190093750001 0.49984565625000005 0.9887899359375 0.45333130468749994
2 0.8509095953125 0.47559173125000004 0.8086191828124999 0.4870075265625 0.8172168359375 0.5160236703125001 0.8595074109375 0.504609609375 0.8509095953125 0.47559173125000004
2 0.333536928125 0.4487525609375 0.32697576562499997 0.4914333734375 0.3911095359375 0.503121890625 0.397668809375 0.46043945468749997 0.333536928125 0.4487525609375
2 0.399001146875 0.466439915625 0.3878019921875 0.5085048015625 0.5287088765625 0.5498562437500001 0.5399080328125 0.5077913578125 0.399001146875 0.466439915625
2 0.546306815625 0.5012974375 0.539365471875 0.570911315625 0.8476754484375 0.6105625453125 0.8546186828125 0.5409502890625 0.546306815625 0.5012974375
2 0.257142134375 0.5488707515625 0.1984458578125 0.5605334515625 0.21427945781250002 0.6305428796875 0.272975734375 0.6188801796875001 0.257142134375 0.5488707515625
2 0.813631775 0.7057657875000001 0.9920998734375001 0.71968205625 0.992688603125 0.6690867484374999 0.816099690625 0.6553170125000001 0.813631775 0.7057657875000001
2 0.3893657203125 0.5063407015625 0.367654390625 0.609193978125 0.7709431265625 0.7055966640625 0.7926544578125 0.6027433875 0.3893657203125 0.5063407015625
2 0.41912715624999997 0.7079309265625 0.40961553593750005 0.735876575 0.50019555 0.7690582828125 0.5097054421875 0.7411127468750001 0.41912715624999997 0.7079309265625
2 0.5519574921875 0.7371513578125 0.54097661875 0.7996305125000001 0.7007541109375001 0.8322385359375 0.7117349828124999 0.76975938125 0.5519574921875 0.7371513578125
2 0.7113269734375 0.8030454796875001 0.6923988546875 0.8296322500000001 0.7623874796875 0.8805171656249999 0.7813154359375 0.8539286625000001 0.7113269734375 0.8030454796875001
2 0.7822162796875001 0.8741839265625 0.9895436343749999 0.9393646875 0.989947590625 0.9046488765625 0.7914017828125 0.8422297515625001 0.7822162796875001 0.8741839265625
2 0.588412178125 0.8774677796875 0.5831519140625 0.9170664015625001 0.6564825140625 0.9289120921875 0.661744671875 0.8893150921874999 0.588412178125 0.8774677796875
2 0.445965178125 0.8556127109375 0.4496130546875 0.9000584828125 0.6036539249999999 0.891862921875 0.6000079406250001 0.847418771875 0.445965178125 0.8556127109375
2 0 0.5919926890625 0.00067318125 0.5992257828125 0.145894078125 0.6598917984375 0.155891771875 0.6344407515625 0.00417141875 0.5710587546875 0 0.5816761078125 0 0.5919926890625
2 0.331748290625 0.8123258796874999 0.29384102031250003 0.8472932390624999 0.3871594828125 0.9481478765625001 0.42506691406249997 0.913182253125 0.331748290625 0.8123258796874999
2 0.44791728593749996 0.9106511390625001 0.43809060468750005 0.9285781984374999 0.5018120609375 0.9648364812500001 0.5116387437500001 0.9469094234375 0.44791728593749996 0.9106511390625001
2 0.613462971875 1 0.6183643828125 0.9860918359375 0.5259111890625 0.9511326609375 0.5190189281250001 0.9706922203125 0.5965301234375 1 0.613462971875 1
2 0.3034648734375 0.8892040765625 0.29478453125000004 0.930622121875 0.3982766453125 0.9552044421874999 0.40695525625 0.9137865046875 0.3034648734375 0.8892040765625
2 0.401348075 1 0.402429071875 0.9904406578125 0.34571185937500004 0.9823903796875 0.343719653125 1 0.401348075 1
2 0.024058704687499998 0.73161769375 0.016076975 0.7540086171875 0.15384805 0.8018815546875 0.16029868125 0.7743392828125 0.024058704687499998 0.73161769375
2 0.02644195625 0.8761021781249999 0.0468611328125 0.8899396171875 0.0568331546875 0.8748447921875 0.0242713265625 0.8527795328125001 0.02644195625 0.8761021781249999
2 0.2671875 0.0390625 0.05 0.01875
2 0 0.1927321984375 0.131874153125 0.206907490625 0.13060625625 0.1654888984375 0 0.1558123484375 0 0.1927321984375
2 0.3859375 0.3546875 0.0421875 0.0453125
2 0.9640625 0.27734375 0.0203125 0.04375
2 0.709375 0.7 0.071875 0.046875
2 0.23079665781249997 0.75852898125 0.20400563749999998 0.748255765625 0.1867073421875 0.81627645625 0.21749455156250003 0.8281912484375 0.23079665781249997 0.75852898125
2 0.26171875 0.12421875 0.075 0.13125
2 0.2796875 0.8453125 0.0265625 0.0265625
2 0.0765625 0.73359375 0.0296875 0.0234375