2 0.429077165625 0.4452926796875 0.448979184375 0.6894240968750001 0.489315771875 0.6859009703125001 0.46941400624999996 0.44177124843750004 0.429077165625 0.4452926796875
2 0.5453190328125 0.5002956953125001 0.561582834375 0.7883356906250001 0.6036287406249999 0.7857170124999999 0.5873649390625 0.49767701875 0.5453190328125 0.5002956953125001
2 0.753608871875 0.595570071875 0.7295287218750001 0.600121890625 0.738838428125 0.650912209375 0.762920521875 0.646361828125 0.753608871875 0.595570071875
2 0.710075634375 0.653516590625 0.7036328921874999 0.7515652359375 0.7536484375 0.7545620265624999 0.76009118125 0.65651338125 0.710075634375 0.653516590625
2 0.699281196875 0.73666956875 0.6653850109375 0.8784183640625001 0.7140166031249999 0.8897830750000001 0.7479127875 0.7480342796875 0.699281196875 0.73666956875
2 0.4438046625 0.6866415734375 0.44732238124999996 0.8653856140625 0.48976855468749997 0.8643023781249999 0.48625277968749997 0.6855597765625 0.4438046625 0.6866415734375
2 0.53273036875 0.7613482015625 0.5170042718750001 0.9662658203125 0.5781357578125 0.9706045515625 0.5938621015625001 0.76568863125 0.53273036875 0.7613482015625
2 0.696993040625 1 0.716522121875 0.9337022671874999 0.6875921140625 0.9253323124999999 0.665597528125 1 0.696993040625 1
2 0.5900554984374999 1 0.48258430625 0.853181784375 0.4133134328125 0.9040886390624999 0.48352038906250006 1 0.5900554984374999 1
2 0.45312632812500003 1 0.436129865625 0.9312085781249999 0.41652970156249997 0.936159628125 0.432302896875 1 0.45312632812500003 1
2 0.49552616250000003 1 0.49361706875 0.986976065625 0.460940215625 0.991953303125 0.4621197296875 1 0.49552616250000003 1
1 0.590320634375 0 0.5949597343749999 0.57251696875 0.855279434375 0.5688934531250001 0.8506710609375 0 0.590320634375 0
1 0.44728011875 0.022662364062500003 0.47264555625 0.4776030015625 0.6076890765625 0.469288340625 0.5823236390625001 0.0143477015625 0.44728011875 0.022662364062500003
1 0.3517942921875 0.0533213734375 0.38827417343750004 0.41666570312499995 0.4716042921875 0.4078176765625 0.43512415937500004 0.044471653124999996 0.3517942921875 0.0533213734375
1 0.2875566078125 0.07208458125 0.32582147031250003 0.379646665625 0.38381893125 0.372095346875 0.345554315625 0.0645349609375 0.2875566078125 0.07208458125
1 0.3280895515625 0.3573709203125 0.358549571875 0.6232492609375 0.41110687031250004 0.6169252390625 0.3806465984375 0.351045203125 0.3280895515625 0.3573709203125
0 0.386682396875 0.395771753125 0.42432369531249997 0.7046178875 0.499519784375 0.6950206640625 0.461880184375 0.3861742703125 0.386682396875 0.395771753125
0 0.46920403281249995 0.4347415859375 0.4938442125 0.7850258703125 0.6064818296875 0.7764493140625001 0.5818414 0.4261633359375 0.46920403281249995 0.4347415859375
0 0.593546475 0.4941233140625 0.5893818328125 0.901147271875 0.7641540484375 0.9019185593750001 0.7683186921875 0.49489460156250004 0.593546475 0.4941233140625
0 0.6991764875 1 0.7154513625 0.8093765421875 0.588162865625 0.79924066875 0.57102184375 1 0.6991764875 1
1 0.354910934375 0.5754102328124999 0.3834394625 0.795108334375 0.43346784843749997 0.7883236375 0.40493932343749994 0.5686255375 0.354910934375 0.5754102328124999
0 0.41244273124999997 0.6344521484375 0.431400596875 0.86701863125 0.49520949375 0.8614473546875001 0.4762516296875 0.6288808703125001 0.41244273124999997 0.6344521484375
0 0.490451865625 0.7024200328125 0.491088165625 0.964635375 0.5757880640625 0.9639369 0.575151765625 0.70172155625 0.490451865625 0.7024200328125
0 0.5973077640625 1 0.42722527499999996 0.8057793953125 0.3627798578125 0.8623178296875 0.483350096875 1 0.5973077640625 1
0 0.44547936093749996 1 0.4269701140625 0.8602002203125 0.3947386046875 0.864653753125 0.4126597765625 1 0.44547936093749996 1
0 0.485883040625 1 0.4409443046875 0.925665228125 0.4010540515625 0.9499361046875 0.43132059843750004 1 0.485883040625 1