2 0.6865618625 0.4976834046875 0.45387572187499997 0.516652275 0.4572320859375 0.5550983265625 0.6899198421875 0.536129215625 0.6865618625 0.4976834046875
2 0.781699028125 0.38872885625000003 0.5071609078125 0.40423029218749995 0.509656834375 0.444305296875 0.7841949546875 0.42880386093749995 0.781699028125 0.38872885625000003
2 0.6532131999999999 0.2598571234375 0.6488761171874999 0.236903878125 0.600465225 0.24577904374999998 0.6048036765625 0.26873043750000003 0.6532131999999999 0.2598571234375
2 0.7520044312499999 0.2457413328125 0.6585518171875 0.23960059218750002 0.6556955 0.2872716609375 0.7491481156249999 0.2934124 0.7520044312499999 0.2457413328125
2 0.8808869937500001 0.283515425 0.7457826734374999 0.251208125 0.7349506828125 0.297560109375 0.870055003125 0.3298674109375 0.8808869937500001 0.283515425
2 0.8566007046875 0.49725184687499996 0.6862366625 0.50060281875 0.68726775 0.54106118125 0.8576331640625 0.5377083546875 0.8566007046875 0.49725184687499996
2 0.9579199624999999 0.41302685625 0.7626094765625 0.398037684375 0.7584725046874999 0.4563038671875 0.953784609375 0.471292803125 0.9579199624999999 0.41302685625
2 0.9916138078125 0.3014130578125 0.9227474734375001 0.281127353125 0.9147698609375 0.308701265625 0.9945575312500001 0.33220402656250003 0.9957015171875 0.328249934375 0.9916138078125 0.3014130578125
2 1 0.39137207812499997 0.8460013875 0.5040993328125001 0.894521984375 0.570123134375 1 0.49291340312500004 1 0.39137207812499997
2 0.9977597156250001 0.5491028578125 0.993040746875 0.5304214515625 0.9203706765625 0.548376221875 0.9250896453124999 0.5670576281249999 0.9977597156250001 0.5491028578125
2 1 0.4897027953125 0.9735240624999999 0.49358373125000005 0.9782679921874999 0.52472885625 1 0.521543303125 1 0.4897027953125
1 0.575039071875 0.1488742890625 0.0044662859375 0.1534962671875 0.0116849109375 0.4015843421875 0.5784927359375 0.396991503125 0.575039071875 0.1488742890625
1 0.48010295000000003 0.3848588484375 0.046487653125 0.40903528125 0.054412565625 0.5377486375 0.4880278609375 0.5135722046875 0.48010295000000003 0.3848588484375
1 0.4215137234375 0.5145646593750001 0.07519954375 0.5493347859375 0.083634434375 0.628758565625 0.42994699843750006 0.593988678125 0.4215137234375 0.5145646593750001
1 0.387465878125 0.59823508125 0.094322384375 0.6347060421874999 0.10151811718749999 0.6899851078125 0.394663228125 0.6535139109375 0.387465878125 0.59823508125
1 0.62081936875 0.5722262640625 0.367402459375 0.6012587109374999 0.3734316578125 0.651352146875 0.6268469515625 0.6223199390625 0.62081936875 0.5722262640625
0 0.6952540703125 0.48795770625 0.4008848515625 0.52383295 0.4100324515625 0.595505840625 0.7044014234375 0.559628978125 0.6952540703125 0.48795770625
0 0.7728657531249999 0.38600950625 0.4389994296875 0.409494915625 0.4471755734375 0.5168524062500001 0.7810402828125 0.49336723437499996 0.7728657531249999 0.38600950625
0 0.8924536265624999 0.235728171875 0.5045089171875 0.23175874687500003 0.5037737843750001 0.398338515625 0.89171849375 0.40230794062499997 0.8924536265624999 0.235728171875
0 1 0.3564705828125 0.9911093984375 0.298101471875 0.8042495171875 0.2821479203125 0.7945887625 0.40346976874999996 1 0.4210079734375 1 0.3564705828125
1 0.7841834671875 0.55091345625 0.574783715625 0.5781047078125 0.581250378125 0.625788015625 0.7906501312499999 0.5985967624999999 0.7841834671875 0.55091345625
0 0.853879509375 0.4920659515625 0.6322145796875 0.510135165625 0.6375247046875 0.5709530218750001 0.8591896328124999 0.55288380625 0.853879509375 0.4920659515625
0 0.9515648578125001 0.41526450156249994 0.7016408578125 0.4158709734375 0.70230659375 0.496600565625 0.9522305921875001 0.4959940921875 0.9515648578125001 0.41526450156249994
0 1 0.38243875312500003 0.8008209859375001 0.556863409375 0.85470918125 0.6182879484375 1 0.4910547078125 1 0.38243875312500003
0 0.9951137421875 0.538250065625 0.8526908343749999 0.557106609375 0.8569356078125001 0.5878272671875 0.9993582703125 0.5689691078125 0.9951137421875 0.538250065625
0 1 0.4924538078125 0.9150871703125001 0.5437874593750001 0.9382203499999999 0.5818078578125 1 0.5444584531250001 1 0.4924538078125