2 0.5075328531250001 0.5265947875 0.502900290625 0.4691112046875 0.45391925625 0.47220666875 0.45855215468750005 0.5296885875 0.5075328531250001 0.5265947875
2 0.6349494953125 0.4669995421875 0.650687775 0.37425041875 0.6272498828125 0.3698796234375 0.6115112671875 0.4626304109375 0.6349494953125 0.4669995421875
2 0.5857545078124999 0.40931798906249994 0.5655933937500001 0.40307270624999997 0.5523452062499999 0.44811639999999997 0.5725063203125 0.45436168125 0.5857545078124999 0.40931798906249994
2 0.5328560296875 0.378386921875 0.5407775015625 0.3390217765625 0.5222513203125 0.33498734375 0.5143298484375001 0.37435248906249996 0.5328560296875 0.378386921875
2 0.4866857765625 0.921758678125 0.46665613749999996 0.9169617375 0.45236666249999996 0.9809924640625001 0.4723963015625 0.985789403125 0.4866857765625 0.921758678125
2 0.5236407125 0.7707811640625 0.48463880625 0.7615978265625001 0.45138877343750006 0.91338215625 0.490390678125 0.9225654921875 0.5236407125 0.7707811640625
2 0.4276564984375 0.8883588187499999 0.449192578125 0.7813369109375 0.4294308765625 0.77703341875 0.40789479375 0.8840553265625 0.4276564984375 0.8883588187499999
2 0.6182539265625 0.56904655625 0.46774010468749994 0.5339949578125001 0.41420900468750005 0.7812886296875 0.564724490625 0.8163405890625001 0.6182539265625 0.56904655625
2 0.6020557625 0.3099915984375 0.5931697875 0.306943615625 0.5864920421875001 0.32731901093750004 0.5953780171874999 0.3303669921875 0.6020557625 0.3099915984375
0 0.536689840625 1 0.6306205640625 0.5332184375 0.43794729062500004 0.49126011875 0.337902965625 0.9884227578125 0.391065846875 1 0.536689840625 1
0 0.61487453125 0.57475220625 0.7038043484375 0.0983474109375 0.527599009375 0.0625217734375 0.4386691921875 0.5389265671875 0.61487453125 0.57475220625