2 0.3758391671875 0.599027590625 0.6419021500000001 0.6348550375 0.6475628234374999 0.5909394812500001 0.3815017140625 0.5551121640625001 0.3758391671875 0.599027590625
2 0.46191914218749996 0.4877082375 0.7741472984375 0.5376901875 0.7811761749999999 0.4921600625 0.46894801875000003 0.4421781125 0.46191914218749996 0.4877082375
2 0.6126468875 0.28747101875 0.611889446875 0.3142603265625 0.6684513875 0.3161917890625 0.6692108218749999 0.28940073593750004 0.6126468875 0.28747101875
2 0.6645135984375 0.3475281796875 0.7679944796875 0.3773391359375 0.7829000171875 0.32460816718749996 0.679419134375 0.29479721406250003 0.6645135984375 0.3475281796875
2 0.751026953125 0.378504790625 0.894880384375 0.4478633796875 0.9184223875 0.3985676890625 0.7745689578125 0.32920910000000003 0.751026953125 0.378504790625
2 0.6377125890625 0.6397323140625 0.8299290656249999 0.6777726656249999 0.83869565625 0.632173990625 0.646481171875 0.5941319 0.6377125890625 0.6397323140625
2 0.7385024453125 0.5622024765625 0.9542444453125001 0.626921603125 0.97318646875 0.5626292515625 0.7574463421875001 0.49791025937500005 0.7385024453125 0.5622024765625
2 1 0.42475675312499994 0.9660357015625 0.40616130781250004 0.9503078140625 0.4351100453125 1 0.4623165078125 1 0.42475675312499994
2 1 0.5600574 0.8251079359375 0.63724845 0.86341776875 0.7231550171875 1 0.66287290625 1 0.5600574
2 0.8977928609375001 0.7051220078125 0.8985105921875001 0.7272186953124999 0.9845558328124999 0.7249234859375 0.9838380984375 0.7028267984375 0.8977928609375001 0.7051220078125
2 1 0.6587798796875 0.9709510187499999 0.656749196875 0.96863866875 0.692821871875 1 0.6950142015624999 1 0.6587798796875
1 0 0.3359215015625 0.55086054375 0.45156549375 0.6078590859374999 0.17261788125 0 0.0450064796875 0 0.3359215015625
1 0 0.4924007546875 0.420625028125 0.5600389546875 0.443303278125 0.413827240625 0 0.34254228750000004 0 0.4924007546875
1 0 0.59709478125 0.3356440390625 0.635923278125 0.3456574578125 0.544832415625 0 0.504845609375 0 0.59709478125
1 0 0.668161228125 0.2813999296875 0.693984975 0.2868775171875 0.6302602859374999 0 0.6039338359374999 0 0.668161228125
1 0.258078134375 0.6863529140625 0.5498961812500001 0.715986615625 0.5554156828125 0.6583606671875 0.263595765625 0.6287268359375 0.258078134375 0.6863529140625
0 0.3128991609375 0.632737840625 0.6524052640625 0.664747553125 0.6597142375 0.5821710984374999 0.32020825468749997 0.5501595125 0.3128991609375 0.632737840625
0 0.3739254546875 0.55369263125 0.754761853125 0.6092815640625 0.7719198203125 0.48694489531249996 0.39108155 0.43135583281249995 0.3739254546875 0.55369263125
0 0.4665884359375 0.43474334687500005 0.901443684375 0.5343728234375 0.9431418718750001 0.3478435296875 0.5082866234375001 0.24821405468750002 0.4665884359375 0.43474334687500005
0 1 0.429996546875 0.8326609906250001 0.3782322953125 0.7920400453124999 0.5118447374999999 1 0.576175446875 1 0.429996546875
1 0.497820634375 0.70868688125 0.739738546875 0.729585003125 0.7441733593750001 0.6745529703125 0.502255446875 0.6536548484375 0.497820634375 0.70868688125
0 0.574495384375 0.6610321359375 0.8279541781249999 0.6951638234375 0.8369109968749999 0.6256937859375 0.5834522046874999 0.5915620968749999 0.574495384375 0.6610321359375
0 0.6655166359375 0.593588684375 0.9464378609375 0.65422658125 0.9654979109375 0.5635781046874999 0.6845766875 0.50294020625 0.6655166359375 0.593588684375
0 1 0.5540528171875 0.761404575 0.685303865625 0.80687301875 0.7673722953125 1 0.6611339218750001 1 0.5540528171875
0 0.81684814375 0.7337769187500001 0.9814772796875 0.7475826156250001 0.9842461265625 0.7121100421875 0.819617109375 0.6983024734375001 0.81684814375 0.7337769187500001
0 1 0.662308896875 0.8929831109374999 0.698682446875 0.9096428937500001 0.746972934375 1 0.716260846875 1 0.662308896875