2 0.7994540984375 0.1061934421875 0.810852459375 0.267203278125 0.8683475406250001 0.2631327875 0.856947540625 0.1021229515625 0.7994540984375 0.1061934421875
2 0.8362196718750001 0.570788525 0.8510409843750001 0.7634737703125001 0.8991426234375 0.7597737703125 0.8843213109375 0.5670885250000001 0.8362196718750001 0.570788525
2 0.8377147546874999 0.7935786890625 0.8608245906249999 0.9784557375 0.916719671875 0.9714672125 0.8936114749999999 0.786591803125 0.8377147546874999 0.7935786890625
2 0.9129016390625001 1 0.9148147546875001 0.998724590625 0.9047262296874999 0.9835918031249999 0.8801151968750001 1 0.9129016390625001 1
2 0.8384540984375001 0.43819836093750003 0.8458491796875001 0.5269377046875 0.8878573765625 0.523436065625 0.8804622953125 0.43469836093750003 0.8384540984375001 0.43819836093750003
2 0.67584615625 0 0.67429508125 0.12193770468750001 0.8697606562500001 0.1244213109375 0.8713429765624999 0 0.67584615625 0
2 0.5487631687500001 0 0.6393344265625001 0.0688852453125 0.6897770484375 0.00256065625 0.686410225 0 0.5487631687500001 0
2 0.6260901640625 0.1053213109375 0.628996721875 0.195440984375 0.6492672125000001 0.1947868859375 0.6463590156250001 0.104668853125 0.6260901640625 0.1053213109375
2 0.7433451343749999 1 0.7449026671875 0.8364861093749999 0.320571928125 0.44783797812500004 0.35548338749999997 1 0.7433451343749999 1
2 0.6395557375 0.42951475468750006 0.6506704921875001 0.523996721875 0.6825180328125 0.5202508203125 0.6714016390624999 0.425768853125 0.6395557375 0.42951475468750006
2 0.657547540625 0.6814508203125 0.689296721875 0.6887770484375 0.7026819671875 0.6307770484375 0.6709327875 0.6234491796875 0.657547540625 0.6814508203125
2 0.236214571875 0 0.247408196875 0.1007426234375 0.2827262296875 0.096819671875 0.27196928593749997 0 0.236214571875 0
2 0.2675770484375 0.1729819671875 0.2675770484375 0.205768853125 0.289436065625 0.205768853125 0.289436065625 0.1729819671875 0.2675770484375 0.1729819671875
2 0.48501967187500006 0.2464983609375 0.4893426234375 0.31784590156250003 0.5254557375 0.31565573750000003 0.5211327875 0.2443098359375 0.48501967187500006 0.2464983609375
0 0.102459803125 0 0.10170890937499999 1 1 1 1 0 0.102459803125 0