2 0.48112857187499997 0.667077778125 0.49566349218749994 0.4407412703125 0.458279365625 0.4383396828125 0.44374444375 0.664677778125 0.48112857187499997 0.667077778125
2 0.57234603125 0.7744285718749999 0.5961000000000001 0.5083888890625 0.557273015625 0.504922221875 0.533519046875 0.7709619046875 0.57234603125 0.7744285718749999
2 0.7141571421874999 0.6698412703125001 0.7368047625 0.6690333328125 0.7350968250000001 0.621222221875 0.71245079375 0.6220317453125 0.7141571421874999 0.6698412703125001
2 0.7138063484375 0.766823809375 0.73285396875 0.6779349203125 0.6874873015625 0.6682142859375 0.6684396828125 0.757103175 0.7138063484375 0.766823809375
2 0.6594015875 0.885123809375 0.7094333328125 0.76004603125 0.6664555562500001 0.74285555625 0.616423809375 0.8679333328125001 0.6594015875 0.885123809375
2 0.45761269843749997 0.8305111109375 0.478371428125 0.6663380953125 0.4393825390625 0.6614079359375 0.418625396875 0.8255825390625 0.45761269843749997 0.8305111109375
2 0.5242174609375 0.9401825390624999 0.5660952375 0.754725396875 0.5107365078125 0.742223809375 0.46885872968750003 0.9276825390625 0.5242174609375 0.9401825390624999
2 0.6220095234375 0.9989111109375 0.655803175 0.9256920640624999 0.63045238125 0.9139920640625 0.5966587296875 0.9872111109375 0.6220095234375 0.9989111109375
2 0.508774603125 1 0.5391952375 0.9839888890624999 0.452530159375 0.819325396875 0.3823126984375 0.856280953125 0.45795396874999994 1 0.508774603125 1
2 0.3879650796875 0.95854603125 0.40656507968750005 0.95674603125 0.39955396875 0.8842984125 0.38095396875 0.8860984125 0.3879650796875 0.95854603125
2 0.444679365625 1 0.444679365625 0.9433857140624999 0.4141095234375 0.9433857140624999 0.4141095234375 1 0.444679365625 1
1 0.8317126984375 0.6109746031250001 0.9091126984375 0.050969840625 0.6704095234375 0.017979365625 0.5930111109375 0.5779825390625 0.8317126984375 0.6109746031250001
1 0.6185063484375 0.485226984375 0.656319046875 0.065079365625 0.531626984375 0.0538571421875 0.4938142859375 0.4740047625 0.6185063484375 0.485226984375
1 0.502222221875 0.40995396875 0.5175777781249999 0.07213333281249999 0.4401365078125 0.06861428593749999 0.42478095312499997 0.40643333281249994 0.502222221875 0.40995396875
1 0.4266825390625 0.364996825 0.432922221875 0.0780126984375 0.3788365078125 0.0768365078125 0.372596825 0.363822221875 0.4266825390625 0.364996825
1 0.41881269843749996 0.5930047625 0.426603175 0.345277778125 0.37766031718750004 0.3437396828125 0.369869840625 0.5914650796875 0.41881269843749996 0.5930047625
0 0.4892428578125 0.67685238125 0.49622698437499996 0.38877777812500003 0.426126984375 0.387077778125 0.41914444375000004 0.67515238125 0.4892428578125 0.67685238125
0 0.5761999999999999 0.7663396828125 0.6006380953125 0.442130159375 0.49641428593750003 0.434274603125 0.47197619062499996 0.7584825390625001 0.5761999999999999 0.7663396828125
0 0.7036539687500001 0.9032301593750001 0.7620619046875 0.531080953125 0.6022333328125 0.505996825 0.543825396875 0.87814603125 0.7036539687500001 0.9032301593750001
0 0.6272761906250001 1 0.6715 0.8116920640625 0.556379365625 0.7846555562499999 0.508771428125 0.987369840625 0.56255396875 1 0.6272761906250001 1
1 0.41628412656249997 0.753080953125 0.41964761875 0.5479142859375 0.3729571421875 0.5471492062500001 0.3695936515625 0.7523158734375001 0.41628412656249997 0.753080953125
0 0.462974603125 0.82865555625 0.476822221875 0.6130396828125 0.4176841265625 0.6092412703125001 0.40383650781249997 0.8248571421875001 0.462974603125 0.82865555625
0 0.5229634921875 0.9337492062500001 0.55755396875 0.6935380953125 0.47995238125000006 0.6823634921874999 0.4453619046875 0.9225746031250001 0.5229634921875 0.9337492062500001
0 0.554274603125 1 0.556379365625 0.99864761875 0.40823015937499996 0.7681952375 0.34167301562499997 0.8109809531250001 0.4631857140625 1 0.554274603125 1
0 0.39875714218749997 0.9575920640625 0.400696825 0.8179952374999999 0.3706047625 0.817577778125 0.36866666718749996 0.9571746031249999 0.39875714218749997 0.9575920640625
0 0.4550333328125 1 0.404703175 0.8798936515625 0.36494444375 0.89655555625 0.40829365156249997 1 0.4550333328125 1