2 0.552884375 0.46205625 0.3300828125 0.44774843750000004 0.3277203125 0.4845484375 0.5505203125 0.49885624999999995 0.552884375 0.46205625
2 0.4873421875 0.559503125 0.22545937500000002 0.5361203125 0.22204687500000003 0.5743406249999999 0.4839296875 0.5977234375 0.4873421875 0.559503125
2 0.372859375 0.7345484375 0.3720625 0.71225625 0.325 0.7139359375 0.3257953125 0.7362296875000001 0.372859375 0.7345484375
2 0.3266015625 0.6876828125000001 0.2391015625 0.6689328125 0.22953281250000002 0.7135906249999999 0.31703281250000004 0.732340625 0.3266015625 0.6876828125000001
2 0.2531265625 0.6669796875 0.130003125 0.6177296875 0.11308125 0.6600359375 0.23620468749999998 0.7092859375 0.2531265625 0.6669796875
2 0.3333015625 0.44345468749999994 0.17169218749999998 0.423021875 0.16684062500000002 0.4614 0.32844843749999997 0.48183437500000004 0.3333015625 0.44345468749999994
2 0.2537484375 0.5136937500000001 0.0711875 0.47247031249999993 0.058882812500000006 0.5269640625 0.2414421875 0.5681875 0.2537484375 0.5136937500000001
2 0.0846640625 0.6315390625 0.012589062500000001 0.5982734375 0.0010718750000000001 0.623228125 0.073146875 0.65649375 0.0846640625 0.6315390625
2 0 0.5117625 0.0157609375 0.5417078125 0.1778515625 0.456396875 0.14147343750000002 0.3872765625 0 0.4617359375 0 0.5117625
2 0.11389374999999999 0.4042484375 0.112121875 0.3859390625 0.04080625 0.392840625 0.042578125 0.41115 0.11389374999999999 0.4042484375
2 0 0.44866875000000006 0.0557296875 0.44866875000000006 0.0557296875 0.4185765625 0 0.4185765625 0 0.44866875000000006
1 0.9666765625 0.670871875 0.4154234375 0.5946828125 0.382946875 0.8296546875 0.9342015625 0.9058453125 0.9666765625 0.670871875
1 0.9313593750000001 0.5342578125 0.5177765625 0.4970359375 0.5067296875 0.6197796875 0.9203125 0.6570015625 0.9313593750000001 0.5342578125
1 0.9168328125 0.444196875 0.5842921875 0.42908125 0.5808265625 0.5053124999999999 0.9133687500000001 0.520428125 0.9168328125 0.444196875
1 0.9087390624999999 0.3838546875 0.6262375 0.3777125 0.62508125 0.430953125 0.90758125 0.4370953125 0.9087390624999999 0.3838546875
1 0.64600625 0.382696875 0.4021515625 0.375028125 0.4006359375 0.42320624999999995 0.6444921875 0.430875 0.64600625 0.382696875
0 0.6033453125 0.43040625 0.319771875 0.42353281249999997 0.3180984375 0.4925359375 0.601671875 0.4994109375 0.6033453125 0.43040625
0 0.5568859374999999 0.4995953125 0.23774375 0.47553906250000005 0.230009375 0.578134375 0.549153125 0.602190625 0.5568859374999999 0.4995953125
0 0.486284375 0.6037609374999999 0.11995 0.546265625 0.09525781250000001 0.703596875 0.4615921875 0.7610921875 0.486284375 0.6037609374999999
0 0 0.6284125 0.185365625 0.6719453125 0.2119796875 0.5586234375 0.0124328125 0.511759375 0 0.5647015625 0 0.6284125
1 0.445775 0.3780671875 0.24381406249999998 0.37475625 0.2430609375 0.42071718750000003 0.445021875 0.424028125 0.445775 0.3780671875
0 0.384653125 0.42209531250000004 0.17240625 0.40846406249999995 0.1686671875 0.46667812499999994 0.3809140625 0.48030937500000004 0.384653125 0.42209531250000004
0 0.3126734375 0.483390625 0.076215625 0.44934062499999994 0.065215625 0.5257296874999999 0.3016734375 0.5597796875000001 0.3126734375 0.483390625
0 0 0.5565515624999999 0.00133125 0.5586234375 0.2281828125 0.4127890625 0.18606562499999998 0.347271875 0 0.4668859375 0 0.5565515624999999
0 0.179571875 0.37575156249999997 0.04215625 0.37384375 0.0417453125 0.4034640625 0.1791609375 0.40537343750000004 0.179571875 0.37575156249999997
0 0 0.4588609375 0.1182296875 0.4093171875 0.101828125 0.37017968749999997 0 0.41285156250000005 0 0.4588609375