2 0.6124997750000001 0.43590555625 0.3647286234375 0.402541246875 0.3594571203125 0.4434376078125 0.607226528125 0.47680179687499996 0.6124997750000001 0.43590555625
2 0.5323377984375 0.539571703125 0.24157532812500002 0.4930260125 0.23502968750000003 0.5354259421875 0.5257921578125 0.5819716328125 0.5323377984375 0.539571703125
2 0.3919725859375 0.7260426140625 0.392677953125 0.7010950703125001 0.34000464531249996 0.699296396875 0.339297421875 0.7242455640625 0.3919725859375 0.7260426140625
2 0.3436717109375 0.6701143828125 0.24730514062500003 0.6423529296875 0.233424359375 0.69145864375 0.32979093125 0.71922009375 0.3436717109375 0.6701143828125
2 0.26310615 0.6412674140625 0.1291426421875 0.576677228125 0.10721915156249999 0.6225838390625 0.24118265781249998 0.687174025 0.26310615 0.6412674140625
2 0.3686301515625 0.39799928281249997 0.18962855781250001 0.3625742046875 0.1814646703125 0.405037971875 0.360464409375 0.44046466874999995 0.3686301515625 0.39799928281249997
2 0.2747695984375 0.47019894375 0.0738598609375 0.40992925781249995 0.0562201015625 0.469801509375 0.25712809375 0.5300710703125 0.2747695984375 0.47019894375
2 0 0.58108590625 0.062879253125 0.6155122828125 0.0775258484375 0.5885537703125 0 0.5461083828125 0 0.58108590625
2 0 0.467170440625 0.007012301562499999 0.48289419218749996 0.194118234375 0.40031238125 0.158442203125 0.320311890625 0.0005462375 0.39000105937499996 0 0.39852237343749997 0 0.467170440625
2 0.12643039843749998 0.3371051296875 0.1257620109375 0.316527590625 0.04563238125 0.318665003125 0.0463007703125 0.33924254375 0.12643039843749998 0.3371051296875
2 0.001304771875 0.3781679015625 0.0583018640625 0.3821523109375 0.0604552390625 0.34855963125 0.0034581453125 0.344575221875 0.001304771875 0.3781679015625
1 0.9840995390625 0.6854575640625 0.44951111875 0.573229634375 0.39643122656249996 0.8329995984374999 0.966963840625 0.9527748359375 0.9840995390625 0.6854575640625
1 0.9934126593749999 0.5401726765625 0.5707929421875 0.4722137234375 0.549673821875 0.6083733828125 0.9845580671875 0.678304521875 0.9934126593749999 0.5401726765625
1 0.6406064921875 0.4863748125 0.99406783125 0.5272643984375 0.99506610625 0.441472846875 0.6499314890625 0.401546446875 0.6406064921875 0.4863748125
1 0.6953453125 0.406820109375 0.9951491890625 0.434332796875 0.99584441875 0.3745848359375 0.700446315625 0.3474764921875 0.6953453125 0.406820109375
1 0.7221647375 0.3545838484375 0.45040918124999996 0.3269874640625 0.44526914531250006 0.380651628125 0.71702644375 0.40824813437499996 0.7221647375 0.3545838484375
0 0.6711126562499999 0.40451288593749996 0.3549475984375 0.374703840625 0.348141115625 0.4516031640625 0.6643060625 0.48141395468750003 0.6711126562499999 0.40451288593749996
0 0.6142819203125 0.4781237375 0.259628025 0.42635654375 0.2436496671875 0.540282565625 0.59830530625 0.59204988125 0.6142819203125 0.4781237375
0 0.52798951875 0.5888952578125 0.12303056875 0.4961153078125 0.08419913125 0.6698207125 0.48915808125 0.7626006609375 0.52798951875 0.5888952578125
0 0 0.5836489140625 0.187084453125 0.641521175 0.2249127078125 0.5170945875 0.005438984375 0.4492021890625 0 0.467093359375 0 0.5836489140625
1 0.498904534375 0.3337853421875 0.273618478125 0.314323965625 0.269488559375 0.365572546875 0.494774615625 0.38503392187499996 0.498904534375 0.3337853421875
0 0.4275011734375 0.3781638234375 0.191467671875 0.34637868906249997 0.183126634375 0.41107266249999996 0.41916013437500005 0.442857796875 0.4275011734375 0.3781638234375
0 0.34273763281249997 0.4409705375 0.08112974218749999 0.384501496875 0.06338007031250001 0.46891789062499994 0.32498795937499997 0.5253869328125 0.34273763281249997 0.4409705375
0 0 0.4949789 0.25344198906250004 0.355560775 0.21109950156249999 0.27913455 0.00021679999999999998 0.39514027343749997 0 0.3985223578125 0 0.4949789
0 0.20181016562499998 0.31042024375 0.0484992828125 0.2975636890625 0.0459207953125 0.3305975234375 0.19923156718749999 0.343455821875 0.20181016562499998 0.31042024375
0 0.0007159890625 0.3873529234375 0.130909478125 0.343101971875 0.1153950546875 0.2981314546875 0.0040083875 0.33599142187500003 0.0007159890625 0.3873529234375