2 0.4386213109375 0.339759015625 0.45363278749999997 0.5735180328125 0.4922426234375 0.5710377046875 0.477231146875 0.337280328125 0.4386213109375 0.339759015625
2 0.53133934375 0.2299901640625 0.55587213125 0.504752459375 0.59597213125 0.5011721312499999 0.57143934375 0.22640983593750003 0.53133934375 0.2299901640625
2 0.7161377046874999 0.383803278125 0.7395262296875 0.38463934375000003 0.7412901640625 0.33526065625 0.7179 0.3344262296875 0.7161377046874999 0.383803278125
2 0.67068360625 0.244303278125 0.6903557375 0.3361065578125 0.7372098359375 0.32606721250000004 0.7175377046875 0.234263934375 0.67068360625 0.244303278125
2 0.6169622953125 0.12983934375 0.6686344265625 0.2590180328125 0.7130213109375 0.241263934375 0.6613491796875001 0.1120852453125 0.6169622953125 0.12983934375
2 0.41267868906249994 0.1735786890625 0.43411639375 0.343136065625 0.47438360625 0.3380442625 0.4529442625 0.168488525 0.41267868906249994 0.1735786890625
2 0.464559015625 0.068131146875 0.5078098359375 0.2596704921875 0.56498360625 0.246759015625 0.5217327875 0.055221310937500004 0.464559015625 0.068131146875
2 0.610959740625 0 0.5965491796875 0.0066508203125 0.6314508203125 0.0822704921875 0.6576327875 0.0701868859375 0.62523860625 0 0.610959740625 0
2 0.4498454859375 0 0.375175409375 0.14187377031249998 0.44769508125 0.180040984375 0.5372016390625001 0.0099786890625 0.518242428125 0 0.4498454859375 0
2 0.37377213125000003 0.1110786890625 0.3929819671875 0.1129377046875 0.40022295156250004 0.0381147546875 0.3810131140625 0.0362557375 0.37377213125000003 0.1110786890625
2 0.4080147546875 0 0.4080147546875 0.0519131140625 0.43958688593749995 0.0519131140625 0.43958688593749995 0 0.4080147546875 0
1 0.7281468421875 1 0.919247540625 0.973588525 0.8393098359375 0.3952229515625 0.5927819671875 0.429296721875 0.6716592484375 1 0.7281468421875 1
1 0.4903327875 0.53668360625 0.5293852453125 0.9706065578124999 0.6581655734375 0.95901639375 0.6191131140625 0.5250934421875 0.4903327875 0.53668360625
1 0.419036065625 0.6064704921875 0.43489508125 0.9553655734375001 0.514875409375 0.951731146875 0.49901639375 0.6028344265625 0.419036065625 0.6064704921875
1 0.36514098437500003 0.6504786890625 0.37158524531250003 0.9468737703125001 0.4274442625 0.945659015625 0.421 0.6492655734375 0.36514098437500003 0.6504786890625
1 0.362324590625 0.41537213125 0.3703704921875 0.671219671875 0.4209180328125 0.669631146875 0.41287213125 0.41378196718750004 0.362324590625 0.41537213125
0 0.4132147546875 0.328940984375 0.4204262296875 0.62646065625 0.492824590625 0.62470491875 0.48561147499999996 0.32718524531250004 0.4132147546875 0.328940984375
0 0.4677786890625 0.24287868906250001 0.4930180328125 0.5777163937500001 0.600659015625 0.569603278125 0.575419671875 0.234763934375 0.4677786890625 0.24287868906250001
0 0.54198360625 0.11929180312500001 0.6023065578125 0.5036426234375 0.767375409375 0.477736065625 0.707052459375 0.0933852453125 0.54198360625 0.11929180312500001
0 0.5334031921875 0 0.505780328125 0.006486885937500001 0.5549491796875 0.215847540625 0.6738442625000001 0.187924590625 0.6297104796874999 0 0.5334031921875 0
1 0.36203934375 0.249247540625 0.3655131140625 0.46114098437499995 0.4137344265625 0.4603508203125 0.41026065625 0.2484573765625 0.36203934375 0.249247540625
0 0.39740491875 0.17432786875 0.4117065578125 0.3970131140625 0.47278360625 0.3930901640625 0.45848196718749995 0.17040491875 0.39740491875 0.17432786875
0 0.44029180312499994 0.0734065578125 0.47601639375 0.3214934421875 0.5561622953125 0.309952459375 0.5204377046875 0.0618655734375 0.44029180312499994 0.0734065578125
0 0.45448452812499995 0 0.333203278125 0.188659015625 0.4019426234375 0.232847540625 0.5516315890625 0 0.45448452812499995 0
0 0.36108196718749996 0.037672131250000004 0.36308360624999997 0.1818459015625 0.3941622953125 0.18141475468749999 0.392159015625 0.037240984375 0.36108196718749996 0.037672131250000004
0 0.3992602765625 0 0.3572377046875 0.1002786890625 0.3983 0.11748688593750001 0.44753248125 0 0.3992602765625 0