0 0.26857635 0.5111232671875 0.848993665625 0.6921505906250001 0.5524523875 0.4033693828125 0.273943371875 0.3083343984375 0.26857635 0.5111232671875
0 1 0.8488142015625 0.8928429187500001 0.7222305078125 0.269148746875 0.534600734375 0.1527069390625 1 0.6876527515624999 1 1 0.9404561734374999 1 0.8488142015625
2 0.55504535 0.744404371875 0.5715617640625 0.6958195046875 0.35201450625 0.6110829343749999 0.3354984796875 0.659669415625 0.55504535 0.744404371875
2 1 0.93045024375 0.70992139375 0.8524179203125 0.6996305656249999 0.8993236124999999 0.9136982781249999 0.956908165625 1 0.940456171875 1 0.93045024375
2 0.687652746875 1 0.7520337921875 0.9877268203125 0.5009472374999999 0.9634685718749999 0.4993250265625 1 0.687652746875 1
2 0.7143320796875 0.9552057546875 0.7218470015625 0.9101293015625 0.4406829140625 0.8489912453124999 0.43316799531249994 0.8940676984374999 0.7143320796875 0.9552057546875
2 0.688243521875 0.8889288171875 0.6993007578125 0.8362468078124999 0.42079644375 0.7639129 0.40973920937499997 0.8165949093749999 0.688243521875 0.8889288171875
2 0.637524965625 0.6330466046875001 0.657547121875 0.57229355625 0.40254698749999995 0.47642493124999996 0.38252444531249996 0.5371763656249999 0.637524965625 0.6330466046875001
2 0.636617096875 0.6280194406249999 0.6432158640625001 0.6036572109375 0.56867596875 0.5798719125 0.56207840625 0.6042322234374999 0.636617096875 0.6280194406249999
2 0.40439173593750005 0.547659103125 0.417545559375 0.49800376718750006 0.2828927234375 0.4558120671875 0.2697389 0.505467403125 0.40439173593750005 0.547659103125
2 0.6290245796875 0.55955875 0.648126 0.5000839984375001 0.4262761140625 0.4184809328125 0.40717469375000004 0.477955684375 0.6290245796875 0.55955875
2 0.38079464375 0.4612613171875 0.391996678125 0.4339593328125 0.31220993125 0.397772359375 0.3010094875 0.42507404062500004 0.38079464375 0.4612613171875
2 0.561425221875 0.47203068437500006 0.5762880953125 0.43238087812500003 0.3967069078125 0.3570358046875 0.38184441874999997 0.3966872203125 0.561425221875 0.47203068437500006
1 0.613153221875 0.6746398109375 0.6264572515625 0.7140075703125001 0.967774165625 0.8204038656250001 0.9266662859375 0.770889103125 0.613153221875 0.6746398109375
1 0.5992980421875 0.63694618125 0.61245135625 0.6734843015624999 0.9250997328125001 0.7700262265625 0.8906010359375 0.7264480718749999 0.5992980421875 0.63694618125
2 0.886688015625 0.962057225 0.7452799390625 0.9197151531250001 0.739812915625 0.9865968171875 0.74639131875 0.988802465625 0.886688015625 0.962057225