0 0.20389338281249997 0.695539653125 0.7305039421874999 0.41289669843750004 0.67745721875 0.21737837343750002 0.4266921453125 0.36091989375 0.20389338281249997 0.695539653125
0 1 0.9432353000000001 0.7354745015625 0.43575295625 0.1679742890625 0.7327884890624999 0.0267872125 1 1 1 1 0.9432353000000001
2 0.4768594765625 0.647844771875 0.5045065359375001 0.6918741828125 0.69986928125 0.5692058828125 0.672222221875 0.5251748359375 0.4768594765625 0.647844771875
2 0.1287743640625 1 0.3992026140625 0.8687058828125 0.3780571890625 0.8251535953125 0.1075228765625 0.9564999999999999 0.1286412828125 1 0.1287743640625 1
2 0.44495875468749996 1 0.6247565359375 0.9477598046875 0.60918300625 0.8941617640624999 0.368158496875 0.9641911765625 0.3785625453125 1 0.44495875468749996 1
2 0.37995915 0.8832810453125 0.3979509796875 0.9255735296875001 0.6593071890625 0.8143888890625 0.641315359375 0.7720964046875001 0.37995915 0.8832810453125
2 0.38466339843749997 0.8075212421875 0.40792156874999996 0.8565294124999999 0.6640310453125 0.734986928125 0.6407728765625 0.6859787578125001 0.38466339843749997 0.8075212421875
2 0.36341993437500003 0.544027778125 0.39737254843750003 0.5992009796875 0.6248839875 0.4591928109375 0.590931371875 0.4040212421875 0.36341993437500003 0.544027778125
2 0.38486601249999997 0.5717728765625 0.39707843125000003 0.5941617640625 0.464580065625 0.557341503125 0.45236928125000003 0.5349542484375001 0.38486601249999997 0.5717728765625
2 0.58130555625 0.4277026140625 0.6059068625 0.47339052343750004 0.7280310453125 0.40763071875 0.7034297390625001 0.36194281093749997 0.58130555625 0.4277026140625
2 0.35564542499999996 0.47231372499999996 0.388393790625 0.5264183 0.58675326875 0.4063594765625 0.5540049015624999 0.3522549015625 0.35564542499999996 0.47231372499999996
2 0.5912728765625 0.36092156875 0.6086928109375 0.3853088234375 0.6784182999999999 0.33550326875 0.661 0.3111160125 0.5912728765625 0.36092156875
2 0.41015032656250006 0.393436275 0.43407026093749995 0.4291127453125 0.5924477125000001 0.3229281046875 0.568527778125 0.28725 0.41015032656250006 0.393436275
1 0.42730432343749997 0.6756105484375 0.431076578125 0.6350041 0.1462661171875 0.7861886499999999 0.11761513125 0.8417641421875001 0.42730432343749997 0.6756105484375
1 0.43149268906250005 0.6337547125 0.4357838671875 0.5959181265625 0.17116687656250001 0.7364613171875 0.14759925625 0.7850631 0.43149268906250005 0.6337547125
2 0.3108156546875 1 0.380356334375 0.9606997015625 0.3592351296875 0.8968988687499999 0.1616192765625 1 0.3108156546875 1