0 1 0.24404733125 0.7486092703125 0.31241774218749996 0.0316948375 0.9096794312500001 0.0414331875 0.9926909531250001 0.31215022812500004 0.9974163375 1 0.8928558093750001 1 0.24404733125
2 0.7646854875 0.8737826640625 0.7739413703125 0.9322254125 0.9388383093750001 0.9024243484375001 0.9295842765625 0.8439813390625 0.7646854875 0.8737826640625
2 0.418744653125 0.9992769499999999 0.82668039375 0.9148562890624999 0.8125056546874999 0.8381677796875 0.06405595 0.9930858359375 0.418744653125 0.9992769499999999
2 1 0.6936696578125 0.7494546734374999 0.73937621875 0.7577115062499999 0.7909567078124999 1 0.746756428125 1 0.6936696578125
2 0.7068866734375 0.7405060781249999 0.026411703125 0.864644990625 0.033565065625 0.9256215984375 0.7165741625 0.8010222562499999 0.7068866734375 0.7405060781249999
2 1 0.5719679578125 0.9227960062499999 0.5886204515625 0.9307246046875 0.6295513078125 1 0.6145849671875 1 0.5719679578125
2 0.63622778125 0.6572908453124999 0.6409988671875 0.6887921343750001 0.7326949453125 0.6728463078125 0.7279236421874999 0.6413431734375 0.63622778125 0.6572908453124999
2 0.29539091093750003 0.7326519046875 0.30062604375 0.7649777906249999 0.45211957031249994 0.7370610546874999 0.44688422031249997 0.7047333203124999 0.29539091093750003 0.7326519046875
2 0.6475727953125 0.3922422921875 0.663649553125 0.4243375234375 0.7892305625 0.359353771875 0.7731540203125 0.327260384375 0.6475727953125 0.3922422921875
2 0.5280420968749999 0.4991499640625 0.543456896875 0.5271921468749999 0.6510761953124999 0.46639004999999994 0.63566139375 0.43834786562500005 0.5280420968749999 0.4991499640625
2 0.5749316203125 0.5258177046875 0.607631925 0.562347140625 0.8883769062500001 0.310094009375 0.8556784546875 0.27356431406250004 0.5749316203125 0.5258177046875
2 0.6922321218749999 0.4874721875 0.7330230671875 0.530298775 0.9995313875 0.27623121875 0.9587404421875 0.233404628125 0.6922321218749999 0.4874721875
2 0.683191059375 0.5595704453125 0.6872744796875 0.5774546140625 0.817702528125 0.5448604796875001 0.813618890625 0.5269744609375 0.683191059375 0.5595704453125
2 1 0.4740828671875 0.9350752296874999 0.48622469687500003 0.9392028390625 0.51127749375 1 0.499907584375 1 0.4740828671875
2 1 0.2720620375 0.8021570359375 0.4587192953125 0.8439875328124999 0.503117546875 1 0.35245733281249997 1 0.2720620375
2 1 0.36688096406250004 0.9421256281250001 0.38158271093749996 0.95095461875 0.4195592296875 1 0.4071003 1 0.36688096406250004