0 0.42920746718749997 0.7079193953125 0.6994847937500001 0.204348046875 0.3795046484375 0.41739936406249994 0.24224307031249998 0.657193465625 0.42920746718749997 0.7079193953125
0 0.45106376406250004 0.7126724921875 0.9924249734374999 0.9948573703125 0.9973736078125001 0.031424496875 0.7351039921875 0.1700004140625 0.45106376406250004 0.7126724921875
2 0.6959796875 0.491809375 0.6538765625 0.46537187500000005 0.5365734375 0.6521874999999999 0.5786781249999999 0.678625 0.6959796875 0.491809375
2 0.9906750000000001 0.1324125 0.9490281250000001 0.11219375000000001 0.8234281250000001 0.3708921875 0.865075 0.39111250000000003 0.9906750000000001 0.1324125
2 0.9984375 0.3736453125 0.9563828125 0.3614265625 0.8894171875 0.59190625 0.9406703125 0.6067984375 0.9984375 0.40797812499999997 0.9984375 0.3736453125
2 0.9194546875 0.389915625 0.8790125 0.3727109375 0.7726921875 0.6226328125 0.813134375 0.6398375 0.9194546875 0.389915625
2 0.8534312500000001 0.39944999999999997 0.8065671875 0.37720937499999996 0.6903421875 0.6221140625 0.7372062500000001 0.6443546875 0.8534312500000001 0.39944999999999997
2 0.6073609375 0.3893625 0.5546015625 0.3568953125 0.4207203125 0.574453125 0.473478125 0.6069203125 0.6073609375 0.3893625
2 0.6025421875 0.38908125 0.5811328125 0.377403125 0.545925 0.44195312500000006 0.5673328125 0.4536296875 0.6025421875 0.38908125
2 0.48705468749999997 0.5887734375 0.44336562500000004 0.5652484375 0.3804828125 0.6820296875 0.42417187500000003 0.7055546875 0.48705468749999997 0.5887734375
2 0.5377625 0.3807765625 0.486025 0.3494609375 0.37121875000000004 0.5391421875 0.42295625000000003 0.5704578125 0.5377625 0.3807765625
2 0.40282656250000004 0.5914375 0.37950625 0.5747796875 0.33187968749999996 0.64145625 0.3552 0.6581125 0.40282656250000004 0.5914375
2 0.4447140625 0.42445468750000004 0.4105984375 0.40158125 0.3090578125 0.5530296875 0.343175 0.575903125 0.4447140625 0.42445468750000004
1 0.6415976703124999 0.42159197812500004 0.6804275875 0.417984759375 0.8393119609375 0.12184446874999999 0.786167896875 0.149241975 0.6415976703124999 0.42159197812500004
1 0.6042217078125 0.4260933234375 0.6404029437500001 0.421989884375 0.7850915890625 0.1505167890625 0.7386161343750001 0.17305332499999998 0.6042217078125 0.4260933234375
2 0.89203454375 0.3528935921875 0.9530440890625 0.37309074531249997 0.9988607937499999 0.292019484375 0.99827338125 0.1492636390625 0.89203454375 0.3528935921875