0 0.45958235781249995 0.27428123125 0.2570343046875 0.92369920625 0.5801461453125001 0.59190476875 0.6864789953125 0.280286290625 0.45958235781249995 0.27428123125
0 0.19120163125 1 0.223378453125 0.9727613078124999 0.4333138640625 0.274921675 0 0.166507559375 0 1 0.19120163125 1
2 0.198568534375 0.5948059859375 0.25292922500000004 0.613285890625 0.3477393734375 0.3676386078125 0.293376878125 0.3491591375 0.198568534375 0.5948059859375
2 0.015330523437499998 1 0.077714215625 0.7680938671875001 0.025232321875 0.756579653125 0 0.8503795546875 0 1 0.015330523437499998 1
2 0 0.7792462296875 0.013142040625 0.7814372046875 0.08154825624999999 0.466848015625 0.0311130640625 0.45843971562499997 0 0.60152369375 0 0.7792462296875
2 0.036862862499999996 0.7438389062499999 0.0958077671875 0.7562106375 0.1767408109375 0.4445974203125 0.11779590625 0.4322256890625 0.036862862499999996 0.7438389062499999
2 0.3231646375 0.6870908703125 0.3911400765625 0.7094932828125 0.49840567187499996 0.42417844687499995 0.43043203906249994 0.40177560312500005 0.3231646375 0.6870908703125
2 0.3287894375 0.6860750734375001 0.35604787656250003 0.693458309375 0.382660796875 0.610057028125 0.35540450468749996 0.6026751406249999 0.3287894375 0.6860750734375001
2 0.4187031015625 0.42624250156250004 0.47426151875 0.4409600671875 0.5214690156249999 0.29029954999999996 0.46591059843749993 0.2755819859375 0.4187031015625 0.42624250156250004
2 0.4053888109375 0.6775799499999999 0.47193398750000004 0.6989521671875 0.5632381171875 0.45072851875 0.496692940625 0.42935629999999997 0.4053888109375 0.6775799499999999
2 0.5153719531250001 0.3998401609375 0.545919628125 0.41237390625000003 0.5864085484375 0.3231020203125 0.5558612140625 0.31057005625 0.5153719531250001 0.3998401609375
2 0.5033223109375 0.6019443046874999 0.54768573125 0.6185740921875 0.6319879109375 0.4176440921875 0.587622690625 0.401014734375 0.5033223109375 0.6019443046874999
1 0.172191225 1 0.276626784375 0.6598217859375 0.23257894218750003 0.6747074140625 0.131177796875 1 0.172191225 1
1 0.1810834890625 1 0.2186595 0.9702529078125 0.318801475 0.6443194875 0.2779196625 0.6590364828124999 0.17263437343750002 1 0.1810834890625 1