0 0.1143783953125 0 0.0117810359375 0.6749351 0.01618155 0.9270403437500001 0.0934860296875 0.9361091828125 0.6496859781250001 0.2684826171875 0.7227048484374999 0 0.1143783953125 0
2 0.072490084375 0.24489209843749998 0.12691489375 0.25351163906249996 0.154667378125 0.09994964218749999 0.10024232500000001 0.091331825 0.072490084375 0.24489209843749998
2 0.08866508125 0.1957788828125 0.010048340625 0.5756690421874999 0.015813815624999998 0.905972896875 0.1600812546875 0.20897910937500003 0.08866508125 0.1957788828125
2 0.1073173734375 0 0.101355209375 0.0231486625 0.1590145328125 0.0365523328125 0.168299721875 0 0.1073173734375 0
2 0.25147905000000004 0 0.20404656562499998 0.260006159375 0.252080896875 0.2676953359375 0.3009161046875 0 0.25147905000000004 0
2 0.135424353125 0.9410291015625001 0.2510287140625 0.30733678593749997 0.19467302343749998 0.29831531093749997 0.0786398859375 0.9343675328125001 0.135424353125 0.9410291015625001
2 0.37571916562499996 0 0.3543553453125 0.0988877125 0.3924722046875 0.10627121875000001 0.41539434531249997 0 0.37571916562499996 0
2 0.299187325 0.3686948046875 0.3285229 0.373137878125 0.3433741703125 0.2877461078125 0.3140368765625 0.2833028328125 0.299187325 0.3686948046875
2 0.2282394328125 0.685666996875 0.2583429140625 0.6905422140625 0.2843420953125 0.5494640703125 0.2542368921875 0.54458865 0.2282394328125 0.685666996875
2 0.54546068125 0.347601353125 0.5753493656249999 0.362572834375 0.6358637671875 0.24562531875000002 0.6059768 0.23065403906249998 0.54546068125 0.347601353125
2 0.4496773125 0.45953076406250004 0.4757915953125 0.473885796875 0.53241355 0.3736653265625 0.5062992656249999 0.35931029375 0.4496773125 0.45953076406250004
2 0.41693922499999997 0.3997677703125 0.45095726249999996 0.430219928125 0.6858682328125 0.1687744390625 0.6518499531249999 0.13832400625000002 0.41693922499999997 0.3997677703125
2 0.446784265625 0.28299726875000003 0.48666652499999996 0.3209838359375 0.7232669406250001 0.07279796250000001 0.683384678125 0.0348113953125 0.446784265625 0.28299726875000003
2 0.40287039062499996 0.325600640625 0.4195250234375 0.3294033265625 0.4498800328125 0.2079424078125 0.43322367812499996 0.2041395203125 0.40287039062499996 0.325600640625
2 0.48151466249999997 0 0.46449783437500003 0.09099235624999999 0.4878282515625 0.0948361921875 0.5055639296875001 0 0.48151466249999997 0
2 0.645594821875 0 0.47209678437499997 0.179661609375 0.51344265625 0.21861626093750003 0.7196987234375001 0 0.645594821875 0
2 0.5702450796874999 0 0.5499104671875 0.0800485109375 0.5852761 0.088270509375 0.6076993359375 0 0.5702450796874999 0