0 0.3125399015625 0.124398740625 0.5082451171875 0.7518769187500001 0.7274763265625 0.7460747328124999 0.624735803125 0.4449839046875 0.3125399015625 0.124398740625
0 0.0366950671875 0 0 0.19249020625 0 0.8720695718749999 0.4828640703125 0.7512581109375 0.28002107187499997 0.0769941421875 0.1890685875 0 0.0366950671875 0
2 0.3085735078125 0.4243251203125 0.256049328125 0.442180703125 0.3476546859375 0.6795286703125 0.4001806109375 0.66167350625 0.3085735078125 0.4243251203125
2 0.03669506875 0 0.026315496875 0.054447807812500006 0.08856906718749999 0.2858723609375 0.1392779234375 0.27474714218749996 0.0653698265625 0 0.03669506875 0
2 0 0.5015187703125 0.019223165625 0.5006651484375 0 0.3016945421875 0 0.5015187703125
2 0.07688724218750001 0.2618545921875 0.028155940624999997 0.2699788328125 0.0942511375 0.5739400046875 0.1429824375 0.5658157687500001 0.07688724218750001 0.2618545921875
2 0.1567602078125 0.28622891093749997 0.099806684375 0.2981826796875 0.17800550312500002 0.599268421875 0.23495902656249998 0.5873146546875 0.1567602078125 0.28622891093749997
2 0.44211507499999997 0.3313679765625 0.376436103125 0.35301355 0.4800796046875 0.6286897890625001 0.5457568312500001 0.607043796875 0.44211507499999997 0.3313679765625
2 0.40820842031250004 0.346861228125 0.381870875 0.35399502968749996 0.40758678593750003 0.4345773984375 0.43392225624999997 0.4274448984375 0.40820842031250004 0.346861228125
2 0.522428359375 0.5908291250000001 0.468746915625 0.6050494750000001 0.5143595640624999 0.7506201078125 0.5680410078125 0.7363997578125 0.522428359375 0.5908291250000001
2 0.5201794609375 0.3415529734375 0.45588243281249996 0.3622031578125 0.5441019625 0.602040871875 0.6083989921875 0.5813906875 0.5201794609375 0.3415529734375
2 0.5916655859375 0.6184495375 0.562149928125 0.6305598453125 0.6012713078125 0.7168140671875001 0.6307866390625 0.7047054796875 0.5916655859375 0.6184495375
2 0.5933720234375001 0.41921557187499997 0.5505073687500001 0.43528354374999995 0.6319597625 0.629424953125 0.6748261578125 0.613357396875 0.5933720234375001 0.41921557187499997
1 0.1751385359375 0 0.28891073437500003 0.364978646875 0.33147047500000004 0.37936138124999996 0.2274171859375 0.0404283390625 0.178720934375 0 0.1751385359375 0
1 0.33271967343750003 0.3801201546875 0.37222034531250003 0.3943399546875 0.27546154375 0.07941779843749999 0.22835002499999998 0.0421219109375 0.33271967343750003 0.3801201546875
2 0 0.24195948750000001 0.066524159375 0.23652168750000002 0.0207489453125 0.083648090625 0 0.19249020781249998 0 0.24195948750000001