0 0.08291853125000001 0 0 0.5454782390624999 0 0.966783975 0.06181545625 0.974035746875 0.6434624609374999 0.275864175 0.7184888843749999 0 0.08291853125000001 0
2 0.039858912499999996 0.25119435156250003 0.0967737453125 0.26020825 0.1257959515625 0.099620540625 0.0688808625 0.09060844375 0.039858912499999996 0.25119435156250003
2 0 0.848744003125 0.13145752187499998 0.213638284375 0.056773940625 0.1998341265625 0 0.47417596875 0 0.848744003125
2 0.075017059375 0 0.0700446640625 0.019305790625 0.1303419953125 0.0333227015625 0.138806778125 0 0.075017059375 0
2 0.2261426578125 0 0.1774343171875 0.2669999046875 0.227666296875 0.2750408734375 0.27784153906250003 0 0.2261426578125 0
2 0.1056725265625 0.979180759375 0.22656597500000003 0.3164959859375 0.16763192031250002 0.3070617625 0.0462900765625 0.9722144140625 0.1056725265625 0.979180759375
2 0.35590219218749997 0 0.33461996875 0.09851002656249999 0.3744807375 0.10623134062499999 0.3973942765625 0 0.35590219218749997 0
2 0.276927921875 0.380661234375 0.307605646875 0.385307584375 0.3231363875 0.2960090015625 0.2924568640625 0.2913624390625 0.276927921875 0.380661234375
2 0.202734046875 0.712135421875 0.2342148125 0.7172336875 0.2614034984375 0.5697009890625 0.22992093281249998 0.564602509375 0.202734046875 0.712135421875
2 0.5344686859375 0.358602721875 0.5657248265625 0.3742591734375 0.6290078609374999 0.25196111718749997 0.597753515625 0.23630487812499998 0.5344686859375 0.358602721875
2 0.43430307187499995 0.4756530859375 0.4616121265625 0.4906648859375 0.520824628125 0.385859165625 0.493515571875 0.370847365625 0.43430307187499995 0.4756530859375
2 0.4000671640625 0.4131558375 0.43564158124999997 0.44500123125 0.6813001125 0.17159418437500001 0.6457254406249999 0.1397505953125 0.4000671640625 0.4131558375
2 0.43127766406249995 0.2910428953125 0.4729846015625 0.33076740937500004 0.720409871875 0.071226628125 0.6787029312499999 0.0315021125 0.43127766406249995 0.2910428953125
2 0.38535465625 0.335595440625 0.40277126562500004 0.33957210625 0.43451506718750005 0.21255415156250002 0.41709665625000003 0.20857727656249997 0.38535465625 0.335595440625
2 0.4666802984375 0 0.44980165625 0.09025344375 0.47419947812499996 0.0942731421875 0.491829859375 0 0.4666802984375 0
2 0.6344503359375 0 0.457748271875 0.1829794609375 0.500985784375 0.22371635156249997 0.7120535921875 0 0.6344503359375 0
2 0.5591417734374999 0 0.5391220578125 0.0788089 0.576105725 0.08740706875000001 0.598309621875 0 0.5591417734374999 0