0 0.80351944375 0.294174178125 0.2919549 0.5687416203125 0.343486003125 0.75867370625 0.5870863609375 0.6192333734375 0.80351944375 0.294174178125
0 0.0022428671875 0 0.2871263578125 0.5465383984375001 0.838412278125 0.2579895953125 0.9747267531249999 0 0.0022428671875 0
2 0.53835238125 0.3405063484375 0.5114952374999999 0.29773492031250004 0.3217142859375 0.4168984125 0.34857142812499997 0.45967142812499995 0.53835238125 0.3405063484375
2 0.8732228187500001 0 0.6137904765625 0.12595555625 0.6343317453124999 0.1682634921875 0.8971365078125 0.040669840624999995 0.8773920890625 0 0.8732228187500001 0
2 0.5638785562499999 0 0.394680953125 0.049160317187500004 0.4098095234375 0.101226984375 0.6439476187500001 0.0331984125 0.634302009375 0 0.5638785562499999 0
2 0.6324841265625001 0.11179682500000002 0.6150063484375 0.0707126984375 0.36111746093749997 0.17872063437500002 0.3785952375 0.2198047625 0.6324841265625001 0.11179682500000002
2 0.6279142859375 0.1853920640625 0.605320634375 0.1377841265625 0.35652857187500003 0.25585396875 0.379122221875 0.3034619046875 0.6279142859375 0.1853920640625
2 0.64855079375 0.4413571421875 0.6155682546875 0.38776031718750004 0.3945571421875 0.5237682546875 0.42753968281250004 0.5773634921874999 0.64855079375 0.4413571421875
2 0.6277174609375 0.41440476249999997 0.61585396875 0.39265555625 0.5502809531249999 0.428423809375 0.5621428578125001 0.450171428125 0.6277174609375 0.41440476249999997
2 0.4368904765625 0.5543587296875 0.41299206406250005 0.509976190625 0.29435714218750003 0.5738571421875001 0.31825555625 0.6182396828125001 0.4368904765625 0.5543587296875
2 0.6561031749999999 0.511022221875 0.6242904765625 0.4584634921875 0.4315984125 0.5750920640625 0.4634111109375 0.62765079375 0.6561031749999999 0.511022221875
2 0.42720793593749995 0.6192317453125 0.4102857140625 0.5955412703125 0.34255238125 0.643923809375 0.359473015625 0.6676142859375 0.42720793593749995 0.6192317453125
2 0.6031555562500001 0.58764603125 0.579919046875 0.5529888890625 0.42606666718749997 0.6561396828125 0.449303175 0.6907984125 0.6031555562500001 0.58764603125
1 0.5864916734375 0.3135338796875 0.5828271968750001 0.35298014375000003 0.859500215625 0.206115153125 0.8873326031250001 0.15212753125 0.5864916734375 0.3135338796875
1 0.582422975 0.354193834375 0.5782544015625 0.3909493765625 0.8353109078125 0.2544217046875 0.8582051671875 0.20720854375000003 0.582422975 0.354193834375
2 0.6968434125 0 0.632098290625 0.036590131250000005 0.6526160328125 0.0985680828125 0.8415433078125 0 0.6968434125 0