2 0.69461875 0.9961234375 0.693865625 0.859890625 0.410596875 0.86145625 0.41135 0.9976890624999999 0.69461875 0.9961234375
2 0.210821875 0.889640625 0.0337390625 0.889640625 0.0337390625 0.996875 0.210821875 0.996875 0.210821875 0.889640625
2 0.267175 0.4162390625 0.0682265625 0.4038046875 0.0656640625 0.4448046875 0.26461250000000003 0.45723906249999996 0.267175 0.4162390625
2 0.5098125 0.47826250000000003 0.4556140625 0.455034375 0.448728125 0.47109843749999997 0.5029281250000001 0.49432656250000007 0.5098125 0.47826250000000003
2 0.6608890625 0.48122031249999997 0.624015625 0.4787609375 0.6226890625 0.4986578125 0.6595625 0.501115625 0.6608890625 0.48122031249999997
2 0.8274984375000001 0.5171328125 0.7050625 0.46690156250000003 0.6899625 0.503709375 0.8123984375 0.5539390625 0.8274984375000001 0.5171328125
2 0.2938140625 0.25790156249999996 0.18215937499999998 0.2299875 0.17494218749999998 0.2588546875 0.2865984375 0.28676875 0.2938140625 0.25790156249999996
2 0.4247859375 0.301459375 0.35665468749999996 0.2901046875 0.3534015625 0.3096234375 0.4215328125 0.320978125 0.4247859375 0.301459375
2 0.9984375 0.5103265625 0.8802843749999999 0.48884531249999996 0.8727296875 0.5304 0.9952 0.5526671875 0.9984375 0.534859375 0.9984375 0.5103265625
2 0.7146234375 0.375040625 0.5723359375 0.33235468749999997 0.564340625 0.35900781249999997 0.706628125 0.40169375 0.7146234375 0.375040625
2 0 0.12177500000000001 0.09623437500000001 0.1550859375 0.105315625 0.12885 0.00018125000000000001 0.09245624999999999 0 0.092978125 0 0.12177500000000001
2 0.38230624999999996 0.21467343749999998 0.25639375000000003 0.1841484375 0.2508609375 0.20697187499999997 0.3767734375 0.237496875 0.38230624999999996 0.21467343749999998
2 0.44580624999999996 0.2497609375 0.40459375 0.22142656249999998 0.39375312500000004 0.2371953125 0.43496562499999997 0.265528125 0.44580624999999996 0.2497609375
2 0.8704109375 0.4153203125 0.7243078125 0.374228125 0.7181421875 0.3961484375 0.8642453124999999 0.437240625 0.8704109375 0.4153203125
2 0.9967015625 0.4440390625 0.9135781250000001 0.4206609375 0.9089578125 0.43708437499999997 0.9920828125 0.46046250000000005 0.9967015625 0.4440390625
2 0.8375031249999999 0.3611859375 0.5956703125 0.292090625 0.5899046875 0.31227031250000004 0.8317375 0.3813640625 0.8375031249999999 0.3611859375
0 0.996875 0.023899999999999998 0.0001734375 0.023899999999999998 0.0001734375 0.9961234375 0.996875 0.9961234375 0.996875 0.023899999999999998