2 0 0.6729652703125 0.0936031953125 0.6762620234375001 0.11178582343750001 0.3655482921875 0 0.3616111375 0 0.6729652703125
2 0.0121280359375 0 0.0030663484375 0.141463240625 0.09492394374999999 0.145207675 0.1042254890625 0 0.0121280359375 0
2 0.5927471703125 0.005899184375 0.5651411046875 0.223518325 0.6099050296875 0.228160534375 0.637511096875 0.0105413953125 0.5927471703125 0.005899184375
2 0.5370149234375 0.4248075375 0.5077450015625 0.48320747031250005 0.524870715625 0.49147496874999996 0.5541405296875 0.43307674531250007 0.5370149234375 0.4248075375
2 0.494584234375 0.614348534375 0.4892997375 0.6546755859375 0.511015665625 0.6570193625 0.516301871875 0.61669238125 0.494584234375 0.614348534375
2 0.4843209671875 0.6878975328125 0.42065871718750003 0.8199211546875 0.4599447578125 0.8381250890624999 0.52360871875 0.7061015359375 0.4843209671875 0.6878975328125
2 0.788907871875 0.13404703125 0.750465109375 0.255246384375 0.78160225625 0.26444924531249997 0.8200449078125001 0.14325160625 0.788907871875 0.13404703125
2 0.7207192109375 0.327484090625 0.703486240625 0.40169214999999997 0.7246540453125 0.40613184531249996 0.7418870156249999 0.3319237859375 0.7207192109375 0.327484090625
2 0.46424215625 0.9901708734374999 0.4872452640625 0.8972762624999999 0.4422239796875 0.8871346359375 0.41718368437500003 0.98825260625 0.46424215625 0.9901708734374999
2 0.6517664812499999 0.5566015296875 0.5949791249999999 0.710732253125 0.6236344593750001 0.7206912140624999 0.6804218171875 0.5665604937500001 0.6517664812499999 0.5566015296875
2 0.9299694796875 0 0.908187515625 0.05236978437499999 0.9363092484375001 0.0635009890625 0.9627223 0 0.9299694796875 0
2 0.840448390625 0.21962091562500002 0.7981420703125 0.35633756875 0.8227723125 0.363424928125 0.8650786296874999 0.22670827343750002 0.840448390625 0.21962091562500002
2 0.797279865625 0.3749716453125 0.763326553125 0.41890086875000004 0.7798489187500001 0.43149368125 0.8138039453125 0.387564525 0.797279865625 0.3749716453125
2 0.600249028125 0.723606821875 0.5449406921875 0.8819931249999999 0.5685364765625 0.8897340968749999 0.6238448171875 0.731347790625 0.600249028125 0.723606821875
2 0.5419710390625 0.9310336124999999 0.520752340625 0.9918000453125 0.5402974046875 0.9922549609375 0.5596497390625 0.93683430625 0.5419710390625 0.9310336124999999
2 0.7012040234375 0.586724546875 0.6084758031249999 0.8488405890624999 0.6301899140625 0.8560650578125 0.7229198484375 0.59394908125 0.7012040234375 0.586724546875
0 0.0121280359375 0 0 0.1893324234375 0 0.9712467546875001 0.48219046875 0.99090250625 0.8730558359374999 1 0.991666 1 1 0.8698967890624999 1 0 0.0121280359375 0