2 0.86273044375 0.46879053125 0.9828817437499999 0.4436269765625 0.983913778125 0.41407339531250004 0.9512274078124999 0.15128155000000001 0.824857425 0.17774749843749998 0.86273044375 0.46879053125
2 0.9403139218750001 0.8504474046875 0.9688785843750001 0.8446249890624999 0.9754474515625 0.6565172671874999 0.9176577953124999 0.66829669375 0.9403139218750001 0.8504474046875
2 0.47271274218750003 0.9120886531249999 0.4602156609375 0.7048055796875 0.41716603125 0.7108778453125 0.4296631125 0.9181609171874999 0.47271274218750003 0.9120886531249999
2 0.45110114375 0.5124771578125 0.46837033281249996 0.4517925359375 0.45075087343750003 0.44812302812500004 0.4334814859375 0.50880604375 0.45110114375 0.5124771578125
2 0.45756115468749997 0.327684259375 0.455404565625 0.2892335265625 0.434504034375 0.29209461875 0.436658996875 0.3305456828125 0.45756115468749997 0.327684259375
2 0.45421783437499996 0.257412621875 0.49089234375 0.1208042953125 0.4506085203125 0.1130895328125 0.41393238437499996 0.2496981890625 0.45421783437499996 0.257412621875
2 0.2649727 0.8391775421875 0.2797736078125 0.71839708125 0.2487709796875 0.717106134375 0.23396987187499999 0.8378849859375 0.2649727 0.8391775421875
2 0.2950412203125 0.6448279625 0.298155975 0.5723352265625 0.27740133437500003 0.573134640625 0.2742865796875 0.645627378125 0.2950412203125 0.6448279625
2 0.41811397968749997 0 0.41437962031250003 0.06480098281249999 0.4586459328125 0.0637459625 0.462320015625 0 0.41811397968749997 0
2 0.3195117515625 0.41736319843749997 0.3457858859375 0.2619374203125 0.31699054375 0.2593742203125 0.2907164109375 0.4147999984375 0.3195117515625 0.41736319843749997
2 0.13841659374999998 0.9384087796875 0.12700191562500002 0.9924583296874999 0.1565893484375 0.9910802734375 0.1669161640625 0.9421776015625 0.13841659374999998 0.9384087796875
2 0.201197978125 0.7721056187500001 0.2168955109375 0.6361063687499999 0.1924057390625 0.6352627453124999 0.17670820468749998 0.7712619953125001 0.201197978125 0.7721056187500001
2 0.2144088890625 0.6187047906250001 0.2386587671875 0.5702951578125 0.22084248125 0.562493121875 0.19659097812499998 0.6109030890625 0.2144088890625 0.6187047906250001
2 0.33853458125 0.2512716234375 0.36265986093749997 0.092259521875 0.33903017812499997 0.090573159375 0.314904896875 0.249585259375 0.33853458125 0.2512716234375
2 0.3553909234375 0 0.34560204843750003 0.00199529375 0.339072234375 0.0450362671875 0.3567764953125 0.0463005890625 0.36380060625 0 0.3553909234375 0
2 0.2675408375 0.4009942265625 0.3085958578125 0.1375654421875 0.28683270312500003 0.1359205 0.245776053125 0.3993496140625 0.2675408375 0.4009942265625
0 0.355390928125 0 0 0.07244033125 0 0.690776825 0.0380388890625 0.99660185 0.5032668703125001 0.9749335078125 0.967633471875 0.8802803593749999 0.983913778125 0.414073396875 0.932410825 0 0.355390928125 0