0 0.3249188703125 0.10251842656250001 0.0647005359375 0.075843025 0.0476325859375 0.203600296875 0.3627838234375 0.224789103125 0.3249188703125 0.10251842656250001
2 0.066527928125 0.1047794921875 0.3968943171875 0.1461713109375 0.40209386562500005 0.1192605359375 0.071727478125 0.0778687171875 0.066527928125 0.1047794921875
0 0.42511335624999996 0.40123136718749997 0.35998481718750003 0.222626153125 0.044084853125000004 0.203867409375 0.015543653125000001 0.4062375359375 0.42511335624999996 0.40123136718749997
2 0.11618174218749999 0.3825414609375 0.271761540625 0.370781053125 0.27088560156249997 0.22058685625000002 0.11530580312500001 0.232347265625 0.11618174218749999 0.3825414609375
2 0.028854506250000002 0.39039182499999997 0.0705783203125 0.3962799828125 0.0942620328125 0.2827727390625 0.0525365328125 0.27688640000000003 0.028854506250000002 0.39039182499999997
0 0.5405747 0.132562346875 0.32680804218750004 0.1079370828125 0.36837036875 0.22714758906250002 0.6155534625 0.2483199390625 0.5405747 0.132562346875
2 0.31481391406250003 0.21977149218749997 0.6116224265625 0.26832837187499997 0.630715009375 0.185521490625 0.33390649687499996 0.1369646125 0.31481391406250003 0.21977149218749997
0 0.7158507453125 0.4054108203125 0.622055684375 0.2484377421875 0.3711752171875 0.23032557968749998 0.42793967187500004 0.3989969640625 0.7158507453125 0.4054108203125
2 0.460789228125 0.25338297656250003 0.6294811890625 0.307815759375 0.6444887359375 0.2686855859375 0.47579676718749997 0.214251115625 0.460789228125 0.25338297656250003
0 1 0.4930299671875 0.9263435484375 0.4117037265625 0.731120365625 0.41498332343750005 0.8803956296875001 0.643946325 1 0.6166024515624999 1 0.4930299671875
1 0.868617175 0.6382920359375001 0.72199574375 0.4100924953125 0.4313851578125 0.40512088281249997 0.5274908375 0.6962197953125 0.868617175 0.6382920359375001
2 0.7437902390625 0.427126878125 0.7764952234375 0.4939638984375 0.8083607859375 0.47672334375 0.7756558015625 0.4098863234375 0.7437902390625 0.427126878125
2 0.795995503125 0.4424193953125 0.8702995296875 0.4766071875 0.8869574359374999 0.444135946875 0.8126534 0.40994646718750005 0.795995503125 0.4424193953125
2 0.5857395624999999 0.2508584859375 0.8187184406249999 0.5061601718750001 0.9271818906249999 0.4059141734375 0.6942030109374999 0.15061248437500002 0.5857395624999999 0.2508584859375
0 0.8060143921874999 0.2762096046875 0.7173584281250001 0.17353726249999998 0.5523518015625 0.14110776875 0.62219464375 0.25849371875 0.8060143921874999 0.2762096046875
0 0.924293346875 0.41231739218749996 0.8058422546875 0.2780078453125 0.625027221875 0.262213028125 0.7234571187500001 0.409493 0.924293346875 0.41231739218749996
1 0.5225195593749999 0.6996342875 0.4260194109375 0.397340678125 0.0137402265625 0.41552845156249996 0.0123785359375 0.4252069625 0.009759562500000001 0.5152152546875 0.01132663125 0.78391533125 0.5225195593749999 0.6996342875