0 0.7980184578125 0.0515758265625 0.7771607265625 0.3618028265625 0.8975209234375001 0.3245295125 0.923779521875 0.068377090625 0.7980184578125 0.0515758265625
2 0.8810404093749999 0.40049864843750005 0.92178548125 0.0752942359375 0.8952951875 0.0701759296875 0.8545501156249999 0.39538034375 0.8810404093749999 0.40049864843750005
0 0.7977555187500001 0.0480835265625 0.598547425 0.0199882828125 0.6034753734375 0.423158459375 0.77928988125 0.3590475546875 0.7977555187500001 0.0480835265625
2 0.7812973140625 0.2713405140625 0.7697206609375 0.11819165000000001 0.6218732499999999 0.119053903125 0.6334499015625 0.27220276718749997 0.7812973140625 0.2713405140625
2 0.720083084375 0.0974766890625 0.72587745 0.05640315 0.614145546875 0.0330911546875 0.6083493921875001 0.074163034375 0.720083084375 0.0974766890625
0 0.7748390921875 0.36730208124999997 0.753997559375 0.6106229390625 0.8679464390625 0.5368157203125 0.892186934375 0.3263891671875 0.7748390921875 0.36730208124999997
2 0.8158147828125 0.6255475875000001 0.863612959375 0.3333767078125 0.7820999375000001 0.314582446875 0.734301759375 0.6067533265625 0.8158147828125 0.6255475875000001
0 0.7717107578125 0.3700631046875 0.6056748640625 0.4259406140625 0.5993612234375 0.709353078125 0.753881596875 0.6170235640625 0.7717107578125 0.3700631046875
2 0.7339501265624999 0.6391061 0.7875340578125 0.47304994218749996 0.7490136328125 0.458276896875 0.6954313625 0.6243330453125 0.7339501265624999 0.6391061
0 0.5010347140625 1 0.5931666437499999 0.91655693125 0.5899382906249999 0.7243841093750001 0.3645528359375 0.8713269484374999 0.3939699875 1 0.5010347140625 1
1 0.59964663125 0.4293322640625 0.3130961390625 0.5239362937500001 0.3701187765625 0.85973253125 0.5947527 0.7154020609375 0.59964663125 0.4293322640625
2 0.5291629578125 0.8004176484375 0.59495565 0.7682236796875 0.5779844796875 0.7368560171875 0.5121917875 0.7690499859375 0.5291629578125 0.8004176484375
2 0.5612411765624999 0.8777862265625 0.594896446875 0.804643190625 0.5629309078125 0.7882455734375 0.5292773000000001 0.8613886000000001 0.5612411765624999 0.8777862265625
2 0.5988657359375 0.9173821734375001 0.8501783359375 0.6880435890625 0.751498678125 0.5812748812499999 0.5001860812500001 0.8106134656249999 0.5988657359375 0.9173821734375001
0 0.8595345406250001 0.5484088046875 0.7439827453125 0.617160353125 0.7265436703125 0.7981079171875 0.8276117578125 0.710837203125 0.8595345406250001 0.5484088046875
0 0.74032155 0.619948671875 0.595342828125 0.7168406015625 0.5925625671875 0.9145387640625 0.7247735265624999 0.79793846875 0.74032155 0.619948671875
1 0.49127248437500004 0.01429456875 0.2267708453125 0.015837153125 0.3097349984375 0.519042690625 0.6073052703124999 0.4240503578125 0.58940168125 0.0182130359375 0.579874396875 0.016872621875 0.49127248437500004 0.01429456875