2 0.1630039203125 0.8266482875 0.1353271109375 0.958799903125 0.4101421125 0.992981728125 0.44104781875 0.9919024765625 0.467362646875 0.866254059375 0.1630039203125 0.8266482875
2 0.8603921453125001 0.9772586499999999 0.8664809453125001 0.9473871078125 0.6759965421875 0.9236944265625 0.6636781875 0.9841280546875 0.8603921453125001 0.9772586499999999
2 0.7141757703125 0.44532356718750005 0.9309423828125001 0.45839240937500003 0.9372924625 0.4133731890625 0.7205258515625 0.40030434687499994 0.7141757703125 0.44532356718750005
2 0.449586965625 0.453851328125 0.5130480078125 0.4357920453125 0.5092089343749999 0.41736625937499994 0.445749571875 0.43542575 0.449586965625 0.453851328125
2 0.279590615625 0.44029235624999996 0.3198005328125 0.4425476125 0.3227928703125 0.42068914687500003 0.2825826078125 0.41843559218750004 0.279590615625 0.44029235624999996
2 0.103455471875 0.4774037578125 0.24631385312499998 0.43905132968749994 0.238246471875 0.3969227546875 0.095387746875 0.435276884375 0.103455471875 0.4774037578125
2 0.7283891046875001 0.25662599531249997 0.8546954687499999 0.24114792187499998 0.8533437765624999 0.20872666406249998 0.7270390953125 0.2242049453125 0.7283891046875001 0.25662599531249997
2 0.57564468125 0.2758493859375 0.651454078125 0.2725921265625 0.65229006875 0.25088792656250003 0.5764806703125 0.2541451859375 0.57564468125 0.2758493859375
2 0 0.4462057203125 0.043786628125 0.44368202187500005 0.0448899171875 0.397390453125 0 0.3999773734375 0 0.4462057203125
2 0.25104566875 0.3256584421875 0.4135824296875 0.2981822234375 0.410901959375 0.26806945 0.2483651984375 0.29554566718749997 0.25104566875 0.3256584421875
2 1 0.10003028437499999 0.9584666984375 0.10880166718749999 0.96240795 0.1386051390625 1 0.1306667953125 1 0.10003028437499999
2 0.6423334578125 0.190871121875 0.7845548953125 0.1744554015625 0.783672675 0.14884518124999999 0.6414512375 0.165260903125 0.6423334578125 0.190871121875
2 0.5735112765625 0.2136300828125 0.624135728125 0.188270734375 0.6159770859375 0.1696376234375 0.5653522843750001 0.1949986734375 0.5735112765625 0.2136300828125
2 0.07360472812499999 0.34330442968749997 0.23989189375 0.3180753796875 0.23812837656250002 0.2933645984375 0.0718412125 0.31859365 0.07360472812499999 0.34330442968749997
2 0 0.3410269515625 0.025543100000000003 0.337151890625 0.024220932812500002 0.31863763125 0 0.32231222656249997 0 0.3410269515625
2 0.12098346874999999 0.286766909375 0.39646455 0.24383355624999997 0.39474469375 0.22107299687499998 0.11926326875 0.26400805625 0.12098346874999999 0.286766909375
0 0.0455514546875 0 0 0.2234745953125 0 0.941967753125 0.4101421140625 0.992981728125 0.8976788078125001 0.9759565718750001 0.9966624921875 0.4903444390625 1 0.41868680156250004 1 0.0014282 0.9885175625 0 0.0455514546875 0