2 0.9713633390625 0.6079666578125 0.976508896875 0.5276386734375 0.9864739296874999 0.313685415625 0.8723069750000001 0.309664396875 0.8550902984375 0.6038714609375 0.9713633390625 0.6079666578125
2 0.9580340515625 0.81605199375 0.871056390625 0.8125064828124999 0.8592776593749999 0.9963858671875 0.9462553203124999 0.9999313781250001 0.9580340515625 0.81605199375
2 0.39968002343750003 0.9444142093749999 0.4258195171875 0.7383560859375 0.383433675 0.7339604937499999 0.3572941796875 0.9400186156249999 0.39968002343750003 0.9444142093749999
2 0.45245149375000004 0.5477603625 0.48016645156250004 0.49246292656249996 0.46395054062499996 0.48463463906250004 0.43623568593749995 0.53993045625 0.45245149375000004 0.5477603625
2 0.49262805312499997 0.36828873125 0.4976318109375 0.3301040546875 0.4770695421875 0.32788479062500003 0.472064165625 0.3660694015625 0.49262805312499997 0.36828873125
2 0.502346084375 0.2986470234375 0.5626262765625001 0.17363715625 0.5254273078125 0.15640030625 0.46514549374999997 0.28141010781250003 0.502346084375 0.2986470234375
2 0.213940359375 0.8230742171875001 0.25034085 0.7083135796875 0.2208578640625 0.6995996203125 0.184457478125 0.8143586359375 0.213940359375 0.8230742171875001
2 0.278506496875 0.6399135015625 0.294823965625 0.5696477453125001 0.2747807015625 0.565443909375 0.2584632328125 0.6357096656250001 0.278506496875 0.6399135015625
2 0.5213582078125001 0.0124319546875 0.499577140625 0.10039153906250001 0.54220666875 0.1099943921875 0.5659166984375 0.0142483140625 0.5213582078125001 0.0124319546875
2 0.34379611250000003 0.42296792656250004 0.39756664062499997 0.2770253984375 0.370433621875 0.26759550625 0.3166630921875 0.41353803281249996 0.34379611250000003 0.42296792656250004
2 0.0613516375 0.9957317 0.10099744687500001 0.9004123609375 0.0743696796875 0.8898725015625001 0.030854939062499996 0.99448855 0.0613516375 0.9957317
2 0.16513792968750002 0.7420464453125 0.20519672656250001 0.6125928640625 0.18187496718750001 0.6058820218750001 0.141816171875 0.735335603125 0.16513792968750002 0.7420464453125
2 0.20601312656249998 0.5949487234374999 0.2381626703125 0.553353240625 0.2225180546875 0.5414294203125001 0.19036688906250002 0.583024840625 0.20601312656249998 0.5949487234374999
2 0.3925767015625 0.26483479062500004 0.4449467828125 0.11486275937499998 0.42260452343750005 0.1075330265625 0.3702344390625 0.2575050609375 0.3925767015625 0.26483479062500004
2 0.44775867187499996 0.0684275484375 0.467850128125 0.0108893328125 0.4493433953125 0.010458584375 0.431019153125 0.06293501562500001 0.44775867187499996 0.0684275484375
2 0.29698494062499997 0.3944451953125 0.3847869734375 0.1462540671875 0.364226425 0.1394133984375 0.27642276875 0.3876044640625 0.29698494062499997 0.3944451953125
0 0.9462509234375001 1 0.9765088953125 0.527638696875 0.9995970562500001 0.0319266265625 0.5043634 0.011739189062499999 0.022120953125000002 0.0005148703125 0 0.3458480796875 0 0.9932307953124999 0.1660605828125 1 0.9462509234375001 1