2 1 0.44486898437500005 0.85474305625 0.444065971875 0.853003471875 0.7588090281250001 1 0.75962165625 1 0.44486898437500005
2 1 0.025335068750000002 0.8860590281249999 0.025335068750000002 0.8860590281249999 0.22209374999999998 1 0.22209374999999998 1 0.025335068750000002
2 0.34624131875 0.0636545140625 0.3600572921875 0.2847083328125 0.405612846875 0.2818611109375 0.391796875 0.060807292187499994 0.34624131875 0.0636545140625
2 0.40316319375000004 0.49408506875 0.42897222187499995 0.55430555625 0.44682118125 0.5466562500000001 0.42101215312500007 0.486434028125 0.40316319375000004 0.49408506875
2 0.42952604218749996 0.6811979171875 0.43225868125 0.722168403125 0.45436458281250003 0.72069444375 0.45163368125 0.6797239578125 0.42952604218749996 0.6811979171875
2 0.4163489578125 0.77125 0.4721614578125 0.90728993125 0.5130572921875001 0.890512153125 0.45724652812500005 0.754472221875 0.4163489578125 0.77125
2 0.15311111093750002 0.190246528125 0.1841267359375 0.3143072921875 0.2162013890625 0.30628993125 0.1851857640625 0.18222743125000002 0.15311111093750002 0.190246528125
2 0.2199079859375 0.3841302078125 0.23252430624999998 0.45983159687499997 0.25421180625 0.4562170140625 0.24159548593750002 0.380515625 0.2199079859375 0.3841302078125
2 0.49462147968750003 1 0.486902778125 0.957546875 0.44073090312499996 0.965940971875 0.446923125 1 0.49462147968750003 1
2 0.26685243125 0.6237760421874999 0.31428124999999996 0.7818732640625 0.3438958328125 0.7729895828125 0.2964670140625 0.6148923609375 0.26685243125 0.6237760421874999
2 0.004435753125 0 0.0407361109375 0.1048645828125 0.069887153125 0.09477430625 0.037081609375000005 0 0.004435753125 0
2 0.10217881874999998 0.2727291671875 0.1360954859375 0.41263194375 0.1614548609375 0.40648437499999995 0.12753819375 0.266581596875 0.10217881874999998 0.2727291671875
2 0.1435989578125 0.4373958328125 0.175081596875 0.4831875 0.19260069375 0.4711423609375 0.1611197921875 0.42535069375 0.1435989578125 0.4373958328125
2 0.313378471875 0.79263368125 0.3590364578125 0.9549704859375 0.3833923609375 0.9481197921875 0.33773437500000003 0.7857829859375001 0.313378471875 0.79263368125
2 0.22211458281250002 0.649703125 0.298887153125 0.91840625 0.3213072921875 0.9119999999999999 0.2445364578125 0.643296875 0.22211458281250002 0.649703125
0 0 0 0 1 1 1 1 0 0 0