2 1 0.28292635312500003 0.8989016390625 0.28348524531249997 0.9005442625000001 0.5806852453125 1 0.5801354328125 1 0.28292635312500003
2 1 0.7902852453125 0.9301147546875 0.7902852453125 0.9301147546875 0.9760770484375 1 0.9760770484375 1 0.7902852453125
2 0.4634016390625 0.9425819671875001 0.476447540625 0.7338491796875 0.433431146875 0.7311606562499999 0.4203852453125 0.9398934421874999 0.4634016390625 0.9425819671875001
2 0.490988525 0.5406786890624999 0.515359015625 0.48381311406250005 0.49850491874999997 0.4765901640625 0.4741344265625 0.5334540984375 0.490988525 0.5406786890624999
2 0.5199032781249999 0.3581622953125 0.5224819671875001 0.31947540937499996 0.501608196875 0.31808360625 0.49902786875 0.3567704921875 0.5199032781249999 0.3581622953125
2 0.525203278125 0.287580328125 0.577903278125 0.1591229515625 0.5392868859375 0.143280328125 0.4865852453125 0.27173770468749997 0.525203278125 0.287580328125
2 0.2683065578125 0.8279295078125 0.2975934421875 0.7107819671875 0.2673065578125 0.703211475 0.238019671875 0.8203573765625001 0.2683065578125 0.8279295078125
2 0.32157213125 0.6406934421875 0.3334852453125 0.569211475 0.3130065578125 0.5657983609375 0.3010934421875 0.637280328125 0.32157213125 0.6406934421875
2 0.5255888718749999 0 0.509608196875 0.0878983609375 0.5532065578124999 0.095824590625 0.5706290984375 0 0.5255888718749999 0
2 0.3733852453125 0.41938032812500003 0.4181704921875 0.27009508125 0.3902065578125 0.2617065578125 0.3454213109375 0.41099180312500005 0.3733852453125 0.41938032812500003
2 0.12845738906249998 1 0.1594344265625 0.910508196875 0.131908196875 0.9009803281250001 0.09763113749999999 1 0.12845738906249998 1
2 0.21387213124999999 0.7482770484375 0.2458983609375 0.61617213125 0.22195245937500002 0.6103672125 0.1899262296875 0.74247213125 0.21387213124999999 0.7482770484375
2 0.2455819671875 0.5983573765625 0.275308196875 0.5551180328124999 0.2587655734375 0.5437442625 0.2290377046875 0.58698360625 0.2455819671875 0.5983573765625
2 0.412352459375 0.2580147546875 0.45546557343750005 0.1047262296875 0.43246721250000003 0.0982573765625 0.3893540984375 0.2515459015625 0.412352459375 0.2580147546875
2 0.452967303125 0 0.4380704921875 0.052967212500000006 0.45530163906250004 0.057814754687500004 0.47156149531249997 0 0.452967303125 0
2 0.3243491796875 0.392559015625 0.396840984375 0.1388327875 0.3756704921875 0.13278360625000002 0.3031770484375 0.3865098359375 0.3243491796875 0.392559015625
0 0.021796721875 0 0.021796721875 1 1 1 1 0 0.021796721875 0