2 0 0.7086146109375 0.1034158421875 0.7080429046875001 0.1017623765625 0.4088811875 0 0.409443753125 0 0.7086146109375
2 0 0.1978976890625 0.0719967 0.1978976890625 0.0719967 0.0108795375 0 0.0108795375 0 0.1978976890625
2 0.5417904296875 0.044595709375 0.528658415625 0.2547062703125 0.5719587453125 0.25741254062499996 0.585090759375 0.0473019796875 0.5417904296875 0.044595709375
2 0.5140214515625 0.44915181562499995 0.4894900984375 0.5063927390625 0.5064554453125 0.513663365625 0.5309867984375 0.4564240921875 0.5140214515625 0.44915181562499995
2 0.4849158421875 0.6328729375 0.48232013125 0.6718151812500001 0.5033316828125 0.6732161718749999 0.5059290421875 0.634273928125 0.4849158421875 0.6328729375
2 0.47958085781250004 0.7039207921874999 0.42653300312500003 0.833226071875 0.465404290625 0.8491732671875001 0.5184537953125 0.7198679875 0.47958085781250004 0.7039207921874999
2 0.7381732671875 0.16000494999999998 0.7086930687499999 0.2779257421875 0.73917986875 0.2855462046875 0.768660065625 0.16762706249999998 0.7381732671875 0.16000494999999998
2 0.68455610625 0.3484768984375 0.67256435625 0.42043069375000003 0.6931782171875 0.4238663359375 0.7051699671875 0.351912540625 0.68455610625 0.3484768984375
2 0.47799266406249996 1 0.495278878125 0.9049207921875 0.4513927390625 0.8969422437500001 0.43265508593749996 1 0.47799266406249996 1
2 0.632400990625 0.571250825 0.58732013125 0.7215214515625 0.6154686468749999 0.729965346875 0.6605495046875001 0.57969471875 0.632400990625 0.571250825
2 0.8743759765625001 0 0.8477640265625 0.0768811875 0.8754719468750001 0.08647194687500001 0.905405434375 0 0.8743759765625001 0
2 0.7929669968749999 0.24018316875 0.7607293734375 0.373160065625 0.7848333328125 0.37900330000000004 0.8170709578125 0.246026403125 0.7929669968749999 0.24018316875
2 0.7610478546875 0.391092409375 0.7311254125 0.4346171609375 0.747777228125 0.44606600625 0.7777013203124999 0.40254125468749996 0.7610478546875 0.391092409375
2 0.5931765671875 0.73368151875 0.5497788781249999 0.8879818484375 0.5729290421875 0.8944934 0.6163267328125 0.74019306875 0.5931765671875 0.73368151875
2 0.55043723125 1 0.567288778125 0.9400825078124999 0.54994389375 0.9352029703125 0.5317203390625 1 0.55043723125 1
2 0.6817607265625 0.5982491750000001 0.6087904296875 0.853650165625 0.630100659375 0.8597392734374999 0.7030726078125 0.604338284375 0.6817607265625 0.5982491750000001
0 0 0 0 1 0.9863102312500001 1 0.9863102312500001 0 0 0