0 0.6575019656250001 0.23039131249999997 0.985134440625 0.2083633453125 0.9673905312500001 0.0755463796875 0.696866521875 0.1032782328125 0.6575019656250001 0.23039131249999997
2 0.9600852953125001 0.077652296875 0.616635090625 0.12068339531250001 0.6220405609374999 0.14865994375 0.9654907671874999 0.10562884531250001 0.9600852953125001 0.077652296875
0 1 0.287893346875 0.9888226781249999 0.2086410359375 0.6604118234375 0.22814269999999998 0.5927039374999999 0.41382138749999997 1 0.4187997671875 1 0.287893346875
2 0.9147810953125 0.23824880624999997 0.753039721875 0.22602263906250003 0.752129090625 0.3821651203125 0.9138704656250001 0.3943912875 0.9147810953125 0.23824880624999997
2 1 0.3802358578125 0.9800362765624999 0.28455186875 0.9366582828125001 0.2906713296875 0.9612799640624999 0.40867390937500003 1 0.4032096515625 1 0.3802358578125
0 0.3947216484375 0.2548540625 0.651694171875 0.232843203125 0.6949025296875 0.1089114890625 0.472669865625 0.1345120109375 0.3947216484375 0.2548540625
2 0.6875229484375 0.1390886234375 0.37895964375 0.189568546875 0.39880836875000003 0.2756549078125 0.7073716734375 0.22517498281249998 0.6875229484375 0.1390886234375
0 0.5897656875 0.41149849375 0.6487782390625 0.23614705468750002 0.3879619125 0.25497653124999997 0.2904521953125 0.41816636406249996 0.5897656875 0.41149849375
2 0.5400132625 0.21943597812500001 0.364640421875 0.27602626875 0.380242328125 0.3167061515625 0.5556151578125 0.260117615625 0.5400132625 0.21943597812500001
0 0 0.6388537984375 0.11939068125 0.6661488203125 0.2745778390625 0.42811797656249995 0.0716230421875 0.42470849531250005 0 0.5037895890625 0 0.6388537984375
1 0.4862719015625 0.7204925265625 0.586183746875 0.41786494375 0.2840638296875 0.42303345156249994 0.1316356109375 0.6602705984374999 0.4862719015625 0.7204925265625
2 0.228278621875 0.422819115625 0.19427839062500002 0.492303146875 0.22740595468749997 0.5102264953125 0.2614061859375 0.4407424640625 0.228278621875 0.422819115625
2 0.189815771875 0.422881640625 0.1125690015625 0.45842515937500006 0.1298866265625 0.4921823890625 0.20713338750000002 0.456640625 0.189815771875 0.422881640625
2 0.31295726562500004 0.1532770046875 0.0707515 0.41868965156250004 0.18351053125 0.5229057890625 0.425716296875 0.2574931453125 0.31295726562500004 0.1532770046875
0 0.3878174484375 0.2654307640625 0.46042634531250004 0.1433958640625 0.28888480156249996 0.1771096953125 0.19671771093749998 0.28384826875 0.3878174484375 0.2654307640625
0 0.2825445796875 0.4224102140625 0.3848726890625 0.26929737343750004 0.1968966671875 0.28571772812499996 0.073754440625 0.42534646406250004 0.2825445796875 0.4224102140625
1 1 0.42778610781250004 0.5917619984375 0.40977661249999997 0.4914400625 0.7240422453125 1 0.8078891859375 1 0.42778610781250004