2 0.045074703125 0.28975601875 0.012762181249999999 0.43860771875 0.016824440625 0.5782185109375 0.111771884375 0.5956810499999999 0.17152005937499998 0.3130115890625 0.045074703125 0.28975601875
2 0.107974540625 0 0.0884574875 0.0899077671875 0.1868559390625 0.10857477499999998 0.21042520156250002 0 0.107974540625 0
2 0.643189946875 0.2536339703125 0.6985475937500001 0.057647509374999996 0.6585241468749999 0.0473951109375 0.6031664984375 0.2433815734375 0.643189946875 0.2536339703125
2 0.5292996390625 0.4838611078125 0.5640168828125 0.434194784375 0.5496082546875 0.42431444375 0.5148906734375001 0.47398232343749996 0.5292996390625 0.4838611078125
2 0.49368019687500003 0.6339059265625 0.5040934499999999 0.597610525 0.4846884484375 0.592552396875 0.47427674062499997 0.6288480921875 0.49368019687500003 0.6339059265625
2 0.42208408437499995 0.7932471546875 0.49829268281249994 0.6806284953125 0.46513130937499997 0.6586652390625 0.388924259375 0.7712841921875 0.42208408437499995 0.7932471546875
2 0.794133025 0.309917775 0.8459211640625 0.20385619375 0.8189128859375 0.1912417890625 0.7671244078125 0.297304928125 0.794133025 0.309917775
2 0.7226820468749999 0.4322984296875 0.74866305 0.36651392656250004 0.730049178125 0.35960630625 0.7040681734375001 0.4253908078125 0.7226820468749999 0.4322984296875
2 0.3936878703125 0.9604123890625 0.438657834375 0.8511777734375 0.39916569062499996 0.8358447859375 0.3512005546875 0.952352190625 0.3936878703125 0.9604123890625
2 0.5871390953125 0.707406684375 0.6601758125 0.5735823890625 0.6355271859375 0.560608015625 0.5624904703125 0.6944323109375 0.5871390953125 0.707406684375
2 1 0.05051017343750001 0.988944375 0.048412828125 0.9386453734375 0.132265328125 0.962646115625 0.14624388593749998 1 0.0839744328125 1 0.05051017343750001
2 0.8177669859375 0.40624723749999997 0.8752244921875001 0.2864630203125 0.8538332593750001 0.2766624265625 0.7963757546875 0.3964466453125 0.8177669859375 0.40624723749999997
2 0.769299640625 0.4629591265625 0.8062604906249999 0.4271965203125 0.7929999078125001 0.41342940781250004 0.7560406046875 0.44919230781249997 0.769299640625 0.4629591265625
2 0.513562540625 0.855140196875 0.5858475921874999 0.717213071875 0.565487125 0.706951228125 0.49320207656250004 0.8448783546874999 0.513562540625 0.855140196875
2 0.45927113906250006 0.9728540828125001 0.4989357671875 0.89716853125 0.483681196875 0.8894791968750001 0.44255595937500003 0.9679527046875 0.448062384375 0.9707276874999999 0.45927113906250006 0.9728540828125001
2 0.574260728125 0.8325001859375 0.694975984375 0.60440298125 0.67625166875 0.594866690625 0.5555379578124999 0.8229641859375001 0.574260728125 0.8325001859375
0 0.107974540625 0 0.012762181249999999 0.43860771875 0.025915059375 0.8906428140625 0.46770474687499997 0.974454009375 0.8964271 0.9494837765625 1 0.47236217812500003 1 0.05051017343750001 0.7337482984375 0 0.107974540625 0