2 0.5955339640624999 1 0.59215570625 0.904082709375 0.27937743125000003 0.9223861531249999 0.28211103125000003 1 0.5955339640624999 1
2 1 0.90913951875 0.8139603796875001 0.9210566281249999 0.8171783859374999 1 1 1 1 0.90913951875
2 0.7351293937500001 0.4477151015625 0.9541945078125 0.41992560624999997 0.9495214515624999 0.37486424375 0.7304563390625 0.40265374062500003 0.7351293937500001 0.4477151015625
2 0.4737147390625 0.5054925734375 0.5325027109375 0.476028165625 0.5241785578125 0.45878876875 0.46539230781249996 0.4882530671875 0.4737147390625 0.5054925734375
2 0.3011073 0.5240603968750001 0.34170230625000003 0.5187407875 0.3393428859375 0.49687884687499995 0.29874795 0.5022001781250001 0.3011073 0.5240603968750001
2 0.1347637546875 0.593157503125 0.26766460937500003 0.5290722484375 0.24933964999999997 0.4895234484375 0.1164388640625 0.5536104265625 0.1347637546875 0.593157503125
2 0.7031905171874999 0.2611597078125 0.82519518125 0.22246151093750002 0.815929446875 0.19111758437499998 0.69392650625 0.22981566875 0.7031905171874999 0.2611597078125
2 0.5557716890625 0.308450728125 0.630472825 0.291103253125 0.6260036312499999 0.2697947984375 0.5513024953125 0.2871422734375 0.5557716890625 0.308450728125
2 0 0.5880661328125 0.0671036734375 0.57144895 0.056894659375000003 0.526128521875 0 0.540217109375 0 0.5880661328125
2 0.24467816406249998 0.4176788203125 0.3998330109375 0.3605141390625 0.38980787499999997 0.331668403125 0.23465302968750001 0.3888330859375 0.24467816406249998 0.4176788203125
2 1 0.030909560937500004 0.89620996875 0.074080721875 0.907415134375 0.10238931250000001 1 0.0638808421875 1 0.030909560937500004
2 0.6014276296875 0.2131659546875 0.7390527 0.1705785296875 0.7319182484375 0.145784634375 0.5942931796875001 0.1883720578125 0.6014276296875 0.2131659546875
2 0.538448628125 0.24821280625000003 0.5826697390625 0.21403388906249998 0.5699931859375 0.197400015625 0.525772140625 0.23158065625000002 0.538448628125 0.24821280625000003
2 0.07227934531249999 0.4680497359375 0.23171805 0.4123739015625 0.223925646875 0.38862133125 0.0644869390625 0.4442971671875 0.07227934531249999 0.4680497359375
2 0 0.4790399890625 0.0229130078125 0.4710391203125 0.0170737703125 0.453242953125 0 0.4592049421875 0 0.4790399890625
2 0.1056521640625 0.4040924640625 0.3695098421875 0.310748109375 0.3622373046875 0.28888799375 0.0983796921875 0.3822340734375 0.1056521640625 0.4040924640625
0 0.240048775 0 0 0.015376765625 0 1 1 1 1 0 0.240048775 0