2 0.7543885375 1 0.8494750953124999 0.9881730187500001 0.8217075421875 0.8555881187500001 0.5163509187499999 0.89532374375 0.5382735000000001 1 0.7543885375 1
2 0.3166228109375 1 0.3070329765625 0.952952440625 0.11592403437500001 0.9767228031249999 0.12066869218750001 1 0.3166228109375 1
2 0.2623576703125 0.42784632812499995 0.0448803484375 0.44095802031250003 0.051251248437499994 0.48612484375 0.268728571875 0.473013153125 0.2623576703125 0.42784632812499995
2 0.53803485625 0.463082884375 0.47436742968749995 0.44496418125000003 0.47051576875 0.4634503796875 0.5341848796875001 0.4815688734375 0.53803485625 0.463082884375
2 0.7017367937500001 0.4460370203125 0.6613946937499999 0.44829796406250005 0.6643968421875 0.470228096875 0.7047385953124999 0.4679654453125 0.7017367937500001 0.4460370203125
2 0.8895454078125 0.4629335296875 0.7462182937499999 0.4244536484375 0.7381244625 0.4667203515625 0.88145123125 0.5051985250000001 0.8895454078125 0.4629335296875
2 0.255823071875 0.251169553125 0.1291042765625 0.235640521875 0.127748153125 0.268168078125 0.2544686359375 0.2836969 0.255823071875 0.251169553125
2 0.40687513124999997 0.2812079578125 0.3308171765625 0.27794001874999996 0.3316559078125 0.29971537812500004 0.4077138609375 0.30298331875 0.40687513124999997 0.2812079578125
2 1 0.428368534375 0.9402088046875001 0.42492287968750003 0.9413157109375 0.47136622499999997 1 0.4747485703125 1 0.428368534375
2 0.7360663921875 0.3227441765625 0.5729967234375 0.2951778734375 0.5703074640625 0.325389378125 0.7333771328124999 0.352955684375 0.7360663921875 0.3227441765625
2 0 0.16113271875 0.019682515625 0.165289090625 0.023636690625 0.1353879015625 0 0.1303960890625 0 0.16113271875
2 0.3416915453125 0.19203225156249998 0.1990038078125 0.17556270624999998 0.19811869531249998 0.20125689531250002 0.3408064328125 0.2177264375 0.3416915453125 0.19203225156249998
2 0.41804000312499995 0.221867521875 0.36724921875 0.196423321875 0.3590638265625 0.2151175234375 0.40985426093750005 0.24056001875000002 0.41804000312499995 0.221867521875
2 0.91316914375 0.345867728125 0.7463367765625 0.3205559578125 0.7445674765625 0.3453477578125 0.9113998453125 0.3706595265625 0.91316914375 0.345867728125
2 1 0.3518368640625 0.9609455562500001 0.345911853125 0.9596190546875001 0.3644868140625 1 0.370612875 1 0.3518368640625
2 0.86559160625 0.29110316406250003 0.5892069625 0.248027334375 0.5874814671874999 0.27086251875 0.8638657656250001 0.3139366375 0.86559160625 0.29110316406250003
0 0.204367275 0 0 0.0254194515625 0 0.5902227156250001 0.08352605468749999 1 0.754388540625 1 1 0.969450546875 1 0.32282014062500003 0.9341986640625001 0 0.204367275 0