2 0.9859941828125001 0.591149915625 0.990147290625 0.44841683750000005 0.9571121249999999 0.2962361859375 0.8278389171875 0.32001184843749997 0.8889233125 0.609002990625 0.9859941828125001 0.591149915625
2 0.7880636921875 0 0.8121600625 0.111002965625 0.91275911875 0.091918484375 0.89280558125 0 0.7880636921875 0
2 0.38653904375 0.2488246125 0.3299433640625 0.048455065625 0.289024825 0.0589367515625 0.3456205015625 0.2593062953125 0.38653904375 0.2488246125
2 0.4767890875 0.4845825671875 0.44129507500000004 0.4338039046875 0.42656420937500006 0.4439052109375 0.46205787656249997 0.4946822828125 0.4767890875 0.4845825671875
2 0.51831131875 0.6429117875 0.5076667625 0.6058043671875 0.48782778281250005 0.6109756171875 0.4984739203125 0.6480827359375 0.51831131875 0.6429117875
2 0.6055726421875 0.788533359375 0.52766128125 0.673395771875 0.49375827968749997 0.69585021875 0.5716712234375 0.81098750625 0.6055726421875 0.788533359375
2 0.21891434375 0.3039539203125 0.16596765625 0.1955187625 0.13835535937500001 0.208415278125 0.1913017 0.31684884375 0.21891434375 0.3039539203125
2 0.28338078125 0.434904340625 0.25681873125 0.3676486203125 0.237788575 0.3747107234375 0.26435062343750004 0.44196644531249996 0.28338078125 0.434904340625
2 0.6441400078124999 0.9736508015625001 0.59510216875 0.8545377999999999 0.5547268140625 0.8702136984375001 0.600702496875 0.9818912609374999 0.6441400078124999 0.9736508015625001
2 0.428124759375 0.7099627453124999 0.353454634375 0.5731455750000001 0.3282547609375 0.5864101109375001 0.40292488593750003 0.72322728125 0.428124759375 0.7099627453124999
2 0 0.1178079984375 0.0190199453125 0.149514515625 0.0435574453125 0.1352233390625 0 0.06260955781250001 0 0.1178079984375
2 0.18900881249999998 0.4053128640625 0.130266315625 0.282849765625 0.1083966859375 0.2928695421875 0.167139184375 0.41533263906249995 0.18900881249999998 0.4053128640625
2 0.2302460265625 0.45923814218750003 0.1924601578125 0.4226754328125 0.1789030125 0.4367504359375 0.2166904625 0.47331284531250006 0.2302460265625 0.45923814218750003
2 0.4989627328125 0.8637733984375 0.42506108593749997 0.7227616390625 0.4042452734375 0.7332529812499999 0.4781469234375 0.8742647375000001 0.4989627328125 0.8637733984375
2 0.508696540625 0.9093717031249999 0.4931008125 0.917233003125 0.533652509375 0.994611203125 0.5451119390625 0.9924372531250001 0.5507415109375 0.989600209375 0.508696540625 0.9093717031249999
2 0.435232759375 0.8413691359375 0.3118193796875 0.60817041875 0.292676309375 0.61791998125 0.41609126874999997 0.8511184015625 0.435232759375 0.8413691359375
0 0.2530368828125 0 0 0.048003212499999996 0 0.571232115625 0.0867198984375 0.9707182375000001 0.525030290625 0.9962469109375001 0.976700259375 0.9105613437500001 0.990147290625 0.44841683750000005 0.89280558125 0 0.2530368828125 0