2 0.6897944890625001 0.8229470359375 0.3980066578125 0.8846225703125 0.4160325046875 0.9826328359375 0.5601468703125 0.9868261359374999 0.7138002390625 0.9534712734375 0.6897944890625001 0.8229470359375
2 1 0.7855879031249999 0.9008260390625 0.80711645 0.9200952078125001 0.9086890453124999 1 0.8913434234375 1 0.7855879031249999
2 0.95339611875 0.2789186125 0.7510875140625 0.33606199062500003 0.7616706343749999 0.3773765171875 0.9639792406250001 0.3202331390625 0.95339611875 0.2789186125
2 0.5647021578125 0.4177890234375 0.5134336953124999 0.4536261796875 0.52363115 0.46849995 0.57490121875 0.43266244687500005 0.5647021578125 0.4177890234375
2 0.3960149421875 0.4796454703125 0.3585487203125 0.49039463593750005 0.3637697109375 0.510424009375 0.4012362359375 0.49967644062499994 0.3960149421875 0.4796454703125
2 0.310318971875 0.48563335937499996 0.194067453125 0.5643003 0.2167388984375 0.5985297968750001 0.3329907203125 0.5198644546875 0.310318971875 0.48563335937499996
2 0.8024710265625 0.12679105625 0.692988103125 0.18024978125 0.706007815625 0.20812964374999998 0.815492346875 0.15467056875000001 0.8024710265625 0.12679105625
2 0.63456626875 0.22718652968750003 0.5666596859374999 0.2540056296875 0.573790134375 0.27321995 0.641696715625 0.2464008484375 0.63456626875 0.22718652968750003
2 0.1342681046875 0.5471919125 0.021509792187499998 0.5936125203125 0.029829996874999997 0.6374703953124999 0.1500957046875 0.5879579968749999 0.1342681046875 0.5471919125
2 0.4208181796875 0.31852819375 0.2826769703125 0.393920934375 0.296069871875 0.4193646765625 0.43421108124999996 0.3439719375 0.4208181796875 0.31852819375
2 0.8724452906250001 0 0.8619417953124999 0.006300784375 0.8763712734375 0.031075743750000002 0.9281770500000001 0 0.8724452906250001 0
2 0.7171994625 0.096542459375 0.5935512390625 0.15585343437500002 0.6036679796875 0.1779347046875 0.7273162046875 0.11862373281250001 0.7171994625 0.096542459375
2 0.5719261718750001 0.16773110625 0.535009934375 0.2058842421875 0.54922084375 0.2195709890625 0.5861373859375 0.18141944999999998 0.5719261718750001 0.16773110625
2 0.2725542484375 0.39525409843750003 0.1301778609375 0.4698709265625 0.14077073125 0.4908881796875 0.28314711875 0.4162713546875 0.2725542484375 0.39525409843750003
2 0.010861742187499999 0.537483990625 0.013726240625 0.5431680421875 0.0947311515625 0.500716184375 0.0867937734375 0.48496953125 0.008666753125 0.5259136625 0.010861742187499999 0.537483990625
2 0.3890033734375 0.2826054359375 0.1535481953125 0.40721473281250004 0.1633918078125 0.4265414625 0.3988472875 0.3019337609375 0.3890033734375 0.2826054359375
0 0.3767027234375 0 0.032790940625 0.074655896875 0.007015215625 0.517208003125 0.0935299984375 0.9732489703124999 0.5601468703125 0.9868261359374999 1 0.8913434234375 1 0.1745662859375 0.9668833156250001 0 0.3767027234375 0