2 0 0.5818814859375 0.13172258125 0.5826096781250001 0.133338709375 0.29020322656249997 0 0.2894661 0 0.5818814859375
2 0 0.97162419375 0.10262903281249999 0.97162419375 0.10262903281249999 0.7888290328124999 0 0.7888290328124999 0 0.97162419375
2 0.604137096875 0.93602419375 0.5913016125 0.7306580640625 0.5489790328125 0.7333032265625 0.561814515625 0.9386693546875 0.604137096875 0.93602419375
2 0.5512548390625 0.5361403218749999 0.52727741875 0.4801935484375 0.5106951609375 0.4873 0.53467258125 0.5432483875 0.5512548390625 0.5361403218749999
2 0.5267629031250001 0.36230645156249996 0.5242241937500001 0.32424354843750003 0.503687096875 0.325612903125 0.5062241937499999 0.36367580625 0.5267629031250001 0.36230645156249996
2 0.5390048390625 0.27864516093749997 0.48715322656250004 0.15225967812500002 0.449159678125 0.1678467734375 0.501009678125 0.2942322578125 0.5390048390625 0.27864516093749997
2 0.783561290625 0.8184161296875001 0.7547467734375 0.703159678125 0.7249483875 0.7106080640625 0.7537629031249999 0.8258661296875 0.783561290625 0.8184161296875001
2 0.7215048390625001 0.6382919359375 0.7097838703125 0.567962903125 0.689635484375 0.5713209671875 0.7013564515625 0.64165 0.7215048390625001 0.6382919359375
2 0.45426375781250006 0 0.4734580640625 0.10556935468749999 0.5163532265625 0.0977709671875 0.4985776265625 0 0.45426375781250006 0
2 0.6778919359375 0.4156532265625 0.6338290328125 0.26877580624999997 0.6063161296875 0.2770290328125 0.6503790328125 0.42390645156250006 0.6778919359375 0.4156532265625
2 0.9233604812499999 1 0.887961290625 0.897738709375 0.8608790328125 0.907112903125 0.8930313312499999 1 0.9233604812499999 1
2 0.8308790328125 0.741787096875 0.7993693546875 0.6118129031249999 0.775809678125 0.61752419375 0.8073193546875 0.7474983875000001 0.8308790328125 0.741787096875
2 0.7923983875 0.5888064515625 0.76315 0.546264515625 0.74687419375 0.5574548390625 0.7761209671875 0.5999967734375 0.7923983875 0.5888064515625
2 0.6346677421875 0.25877903281250003 0.59225 0.10796290312500001 0.56962258125 0.11432741875 0.612040321875 0.2651435484375 0.6346677421875 0.25877903281250003
2 0.5506109718750001 0 0.5697838703125 0.06817258125 0.5867370968750001 0.0634032265625 0.5689052 0 0.5506109718750001 0
2 0.7194548390625 0.39156612968750004 0.6481306453125 0.14193225781250002 0.6273016124999999 0.1478838703125 0.69862419375 0.39751774218749997 0.7194548390625 0.39156612968750004
0 0 0 0 1 0.9962967734375001 1 0.9962967734375001 0 0 0