0 0.6160175671875 1 0.9120441671874999 0.6983256515625 0.6880686265625 0.3682832984375 0.163717859375 0.50012891875 0.36846684218750003 1 0.6160175671875 1
4 0.5273257640625 0.729281309375 0.717198675 0.8998964953125 0.9102866781250001 0.685771834375 0.7204136421875 0.5151585125 0.5273257640625 0.729281309375
4 0.5291406359375 0.57187186875 0.5911407640624999 0.5747654468750001 0.596150753125 0.5029734671874999 0.534150625 0.5000798890625 0.5291406359375 0.57187186875
4 0.346697753125 0.56358155 0.3516103734375 0.6724263765625 0.5141904984375001 0.66130595625 0.5092797375 0.552461215625 0.346697753125 0.56358155
4 0.4275369109375 0.83153994375 0.4271556703125 0.9026242296874999 0.48682155937499993 0.9015569203125 0.48720293124999997 0.8304707718750001 0.4275369109375 0.83153994375
0 0.34136617343750003 1 0.137981465625 0.50270879375 0.00491314375 0.5364562937499999 0.0130043296875 1 0.34136617343750003 1
4 0.0106395140625 0.8645197328125 0.0889149640625 0.8009119 0.0181301578125 0.712811278125 0.0081332296875 0.72093484375 0.0106395140625 0.8645197328125
4 0.32913788906249997 1 0.1374108609375 0.49887516249999997 0.113239359375 0.508611053125 0.30124150312500003 1 0.32913788906249997 1
4 0.126771446875 0.475730665625 0.027428374999999998 0.1531127234375 0.0207905375 0.248231340625 0.0941511546875 0.4864709125 0.126771446875 0.475730665625
4 0.0309708546875 0.2718577765625 0.018948303125 0.274630134375 0.0095065578125 0.40992809531249996 0.0574128453125 0.3988803421875 0.0309708546875 0.2718577765625
4 0.14752056875 0.288090140625 0.3446274359375 0.3199876578125 0.358968071875 0.2421221046875 0.16185934531249999 0.21022449999999998 0.14752056875 0.288090140625
4 0.369253271875 0.220417896875 0.4453798625 0.2434436671875 0.46705698125 0.1763413328125 0.390930390625 0.15331556562499998 0.369253271875 0.220417896875
4 0.11060288437500002 0.0978461625 0.21623825000000002 0.1427392328125 0.230182434375 0.111280484375 0.1245470671875 0.066387415625 0.11060288437500002 0.0978461625
4 0.2296765421875 0.4346558640625 0.4088331421875 0.4745283640625 0.426258846875 0.40318120156250004 0.24710224687500001 0.363308703125 0.2296765421875 0.4346558640625
4 0.8592216671875 0.559526075 0.9392381109375 0.6551387656250001 0.9802007703125 0.6205318125 0.9001824671875 0.524919034375 0.8592216671875 0.559526075
4 0.8537573765625 0.6235219015625 0.91132116875 0.6832752125 0.937118371875 0.658345778125 0.879556309375 0.5985944171875001 0.8537573765625 0.6235219015625
4 0.719532059375 0.3760658265625 0.8096898015624999 0.41197917031250003 0.8244864749999999 0.37651379375 0.7343268734375 0.3406003625 0.719532059375 0.3760658265625
4 0.72832870625 0.21305658906249997 0.822806553125 0.33344130625 0.8767629640625 0.2905682125 0.7822832562500001 0.17018340625 0.72832870625 0.21305658906249997
4 0.2264764171875 0.590443046875 0.299617225 0.5964893499999999 0.31104418906250003 0.48828368749999995 0.237903378125 0.48223738125000004 0.2264764171875 0.590443046875
4 0.925878909375 0.5219166875 0.9661646875000001 0.5741021500000001 0.9922488296875001 0.553698121875 0.9519630515624999 0.5015126578125 0.925878909375 0.5219166875
0 1 0.26658651093749997 0.9889020640625 0.2532546203125 0.90890781875 0.3204943 1 0.4299232234375 1 0.26658651093749997
0 1 0.45168845781250005 0.84201848125 0.250750690625 0.6796108609375 0.3800254796875 0.914267534375 0.6784912046875 1 0.61024894375 1 0.45168845781250005
0 0.252500184375 0 0.0348660734375 0.0465322671875 0.023580165625 0.2082566546875 0.07674682499999999 0.48630188125 0.6641340062500001 0.3607128484375 0.5951599890625 0 0.252500184375 0
0 0.35263814375 0 0.33799029062499997 0.042601378125 0.7355892140625 0.1712671078125 0.7858935953125 0.024963348437499998 0.708752615625 0 0.35263814375 0
0 0.5041878468750001 0.124470484375 0.7399397328124999 0.4264952125 0.8903903968750001 0.3075562859375 0.6546385124999999 0.005531559375 0.5041878468750001 0.124470484375
0 0.6534799578125 0 0.8175560578125 0.1997562234375 0.8896491234375 0.139926475 0.77471608125 0 0.6534799578125 0
0 1 0.2697581046875 0.8358762375 0.07647009375 0.7584046859375 0.1428308640625 0.9335291281250001 0.3490763578125 1 0.2921370734375 1 0.2697581046875
0 0.03811331875 0 0.035043378125 0.043991534375 0.5059657015625 0.1003815203125 0.44310721875 0 0.03811331875 0
4 0.1203125 0.0375 0.10625 0.075