0 0.5166369671875 1 0.825714771875 0.68502545 0.6149142624999999 0.374397353125 0.1214076578125 0.4984873484375 0.326829034375 1 0.5166369671875 1
4 0.46362686249999996 0.7141601859375 0.6423307796875 0.874739184375 0.824060665625 0.6732100937500001 0.64535663125 0.5126328484375 0.46362686249999996 0.7141601859375
4 0.4653349765625 0.5660101234375 0.5236880390625 0.5687334921875 0.5284033234375001 0.5011645703125 0.4700502609375 0.49844120312499995 0.4653349765625 0.5660101234375
4 0.2936240296875 0.5582074718750001 0.298247671875 0.6606496625 0.451264259375 0.650183384375 0.4466423671875 0.547741275 0.2936240296875 0.5582074718750001
4 0.36970794218749997 0.8104036078125001 0.369349128125 0.8773064640625 0.42550525781250004 0.8763019375000001 0.4258641953125 0.809397328125 0.36970794218749997 0.8104036078125001
0 0.301303321875 1 0.0971851703125 0.500915465625 0 0.525562628125 0 0.9898690218749999 0.21707450781249998 1 0.301303321875 1
4 0 0.8230246046874999 0.0510049328125 0.7815772125 0 0.7180951375 0 0.8230246046874999
4 0.288974996875 1 0.09664813125 0.49730734375 0.07389848125000001 0.506470534375 0.262719575 1 0.288974996875 1
4 0 0.30398922968750003 0.05593311250000001 0.4856327546875 0.0866345640625 0.47552428593749996 0 0.19417739218750002 0 0.30398922968750003
4 0 0.40811948750000004 0.02135588125 0.40319457031250006 0 0.3006047640625 0 0.40811948750000004
4 0.10616315000000001 0.2989214390625 0.2916754953125 0.32894263281249997 0.3051725640625 0.2556574046875 0.11965846875 0.22563613125 0.10616315000000001 0.2989214390625
4 0.314852753125 0.2352299171875 0.386501309375 0.256901228125 0.4069033015625 0.1937460921875 0.335254746875 0.17207478125 0.314852753125 0.2352299171875
4 0.07141709375000001 0.119868284375 0.1708386140625 0.16212058437500002 0.18396255156250002 0.13251235156250002 0.08454103125 0.09026005000000001 0.07141709375000001 0.119868284375
4 0.18348641875 0.43686565 0.3521043953125 0.474392709375 0.368505059375 0.4072424375 0.19988708125000001 0.36971538125 0.18348641875 0.43686565
4 0.7759994765625 0.5543905546875 0.851309071875 0.64437896875 0.8898621640625001 0.61180771875 0.8145508187500001 0.521819221875 0.7759994765625 0.5543905546875
4 0.770856615625 0.6146219203125 0.8250343015625001 0.6708603296875 0.8493140234375 0.6473973328125 0.7951379640625 0.5911607578125 0.770856615625 0.6146219203125
4 0.6445269046875 0.381722084375 0.7293812515625 0.4155228796875 0.7433075328125 0.3821437015625 0.6584514359375 0.34834282499999997 0.6445269046875 0.381722084375
4 0.652806103125 0.22830162656250003 0.7417264296875 0.3416048890625 0.7925089328125 0.3012537421875 0.7035868562500001 0.1879503953125 0.652806103125 0.22830162656250003
4 0.1804745359375 0.58348888125 0.24931294375 0.5891795203125 0.260067734375 0.48733889531249996 0.19122932343750002 0.4816482546875 0.1804745359375 0.58348888125
4 0.8387357062499999 0.5189934843749999 0.87665173125 0.5681092125 0.9012015124999999 0.548905421875 0.8632854875 0.499789690625 0.8387357062499999 0.5189934843749999
0 1 0.38860511249999996 0.8980516156249999 0.2661350671875 0.822762915625 0.329419471875 0.981148634375 0.519688040625 1 0.5038423812499999 1 0.38860511249999996
0 0.6069540124999999 0.3854488171875 0.827807353125 0.6663577359375 0.9806634546874999 0.544685671875 0.75980824375 0.263778428125 0.6069540124999999 0.3854488171875
0 0.3348857703125 0 0.0001353890625 0.071572853125 0 0.07351294375 0 0.27862594375 0.0395525671875 0.4854736671875 0.5923875625 0.3672722234375 0.5221592875 0 0.3348857703125 0
0 0.3087659625 0 0.28542877031249997 0.0678731921875 0.659639521875 0.18897035 0.706984821875 0.05127269375 0.5485435046875 0 0.3087659625 0
0 0.44184999999999997 0.14492646874999998 0.663734128125 0.4291850359375 0.8053347531249999 0.31724251875 0.5834506265625 0.0329839515625 0.44184999999999997 0.14492646874999998
0 0.5940057921874999 0 0.5735131234375 0.0170067828125 0.7367847859375 0.2157836359375 0.8046370828124999 0.159473284375 0.67364865 0 0.5940057921874999 0
0 0.68111290625 0.16220682656250002 0.8459359125000001 0.35632023125 0.9188504359375 0.29386128125 0.754027309375 0.09974963125 0.68111290625 0.16220682656250002
0 0.0051300875 0 0.0003022640625 0.069181575 0.443523275 0.122254503125 0.3669680234375 0 0.0051300875 0
4 0.08203125 0.0609375 0.1 0.0734375