0 0.980516084375 0.49562459218750005 0.9737436609375001 0.3505131859375 0.4891785265625 0.15203357343749999 0.37051746875 0.6239492640625001 0.6675555859375 0.82552725 0.9795483109375 0.5193754484374999 0.980516084375 0.49562459218750005
4 0.8489693453125 0.6501663078125001 0.695415678125 0.4792806875 0.5027051609375001 0.653059778125 0.6562571515625 0.8239455109374999 0.8489693453125 0.6501663078125001
4 0.5563514015625 0.5367141875 0.55374718125 0.480914071875 0.4891344 0.48542306249999995 0.4917386203125 0.541223178125 0.5563514015625 0.5367141875
4 0.6442462390625 0.32113683593750003 0.5462858953125 0.316715478125 0.5362775937500001 0.46303926406249996 0.6342378609375 0.46745894843749997 0.6442462390625 0.32113683593750003
4 0.85142430625 0.389127603125 0.7874484500000001 0.38947072031249996 0.7864861953125 0.4431701375 0.850463728125 0.442826903125 0.85142430625 0.389127603125
0 0.9725821671875 0.3256261015625 0.9581655874999999 0.0167248421875 0.5218731640625001 0.009109329687499999 0.4915004140625 0.12887081875 0.9725821671875 0.3256261015625
4 0.759883209375 0.0847109671875 0.817130259375 0.014263062500000001 0.687903859375 0.01200740625 0.68059265 0.0210046421875 0.759883209375 0.0847109671875
4 0.9708241140625 0.2879566359375 0.4968124484375 0.1066029234375 0.48805014687500003 0.128357275 0.9720171609375001 0.313519834375 0.9708241140625 0.2879566359375
4 0.1768639515625 0.029373037499999997 0.4672200984375 0.1187818015625 0.476886321875 0.0894235390625 0.26247070625 0.023398984375 0.1768639515625 0.029373037499999997
4 0.2862296203125 0.0217409734375 0.2837344984375 0.03256126875 0.3980548078125 0.056359060937500004 0.4079977859375 0.013243401562500002 0.2862296203125 0.0217409734375
4 0.3270513921875 0.3148521921875 0.2983436265625 0.1374560125 0.22826455 0.15036091093749998 0.25697239375 0.32775876406250004 0.3270513921875 0.3148521921875
4 0.2581618 0.4055293765625 0.2374386078125 0.3370154453125 0.177046509375 0.3565248515625 0.1977697 0.42503878281249996 0.2581618 0.4055293765625
4 0.167527809375 0.199301925 0.127124046875 0.1042300953125 0.0988111734375 0.1167798609375 0.1392149359375 0.211851690625 0.167527809375 0.199301925
4 0.46613802812499994 0.372637328125 0.430252778125 0.2113963875 0.36604033281250004 0.227079521875 0.40192558125 0.38832046249999996 0.46613802812499994 0.372637328125
4 0.6286873890625 0.8500018 0.5426359671875 0.777987 0.51148963125 0.8148517203125 0.5975411312500001 0.88686819375 0.6286873890625 0.8500018
4 0.654010190625 0.8248765515625 0.6002322109375 0.7730691390625 0.577797475 0.796288178125 0.6315737 0.848094034375 0.654010190625 0.8248765515625
4 0.409843753125 0.733408321875 0.37752174374999997 0.652266353125 0.3456028265625 0.6655816859375 0.3779249140625 0.7467253281249999 0.409843753125 0.733408321875
4 0.339159675 0.7452133984375 0.23081342968750002 0.6601833359375 0.192227565625 0.7087424312499999 0.300573890625 0.7937741671875 0.339159675 0.7452133984375
4 0.575902915625 0.274343003125 0.5704612421874999 0.20851627499999997 0.47307614375 0.21880054062499998 0.47851781875 0.2846272703125 0.575902915625 0.274343003125
4 0.555754434375 0.87423571875 0.50878751875 0.83797851875 0.4904238921875 0.861454246875 0.537390809375 0.897711446875 0.555754434375 0.87423571875
0 0.48773241875 1 0.5094516890625 0.9741608812500001 0.3275073703125 0.8227045374999999 0.2669916578125 0.8946993578125 0.393488753125 1 0.48773241875 1
0 0.649704584375 0.82752828125 0.38108543125 0.616337275 0.264738121875 0.7625041328125 0.5333556734375 0.973696928125 0.649704584375 0.82752828125
0 0 0.5328621203125 0.3637040640625 0.60240810625 0.47673419375000003 0.0737596421875 0.22649348906250003 0.0259096484375 0.080941540625 0.036066965625 0 0.414635240625 0 0.5328621203125
0 0 0.5218551078125 0.0615295140625 0.7119917359375 0.193202896875 0.6667177921875 0.077403740625 0.3088787609375 0 0.3354928921875 0 0.5218551078125
0 0.422908190625 0.670633259375 0.1510859359375 0.4584565625 0.044040903125 0.5938621609375 0.3158631578125 0.8060388578125 0.422908190625 0.670633259375
0 0 0.6698467515625001 0.164996328125 0.8053717109375 0.2188431015625 0.7404879515625 0.0287627359375 0.5843594249999999 0 0.61901766875 0 0.6698467515625001
0 0.353231221875 0.844863715625 0.167610278125 0.6872517171875 0.107885584375 0.7569761140625 0.29350485000000004 0.9145882296875 0.353231221875 0.844863715625
0 0 0.37902322499999996 0.12940586874999999 0.46005663124999996 0.07865488125 0.036226540625 0 0.04171545625 0 0.37902322499999996
4 0.07109375 0.1140625 0.0703125 0.0953125