0 0 0.619002709375 0.4707324203125 0.853325653125 0.6079470796875001 0.371423440625 0.302644521875 0.1399045796875 0 0.4041297984375 0 0.619002709375
4 0.47098784687500006 0.33351041718749996 0.3208072921875 0.145784721875 0.11363368125 0.31152256875 0.263815971875 0.4992482640625 0.47098784687500006 0.33351041718749996
4 0.47691666718750003 0.5077795140625 0.47691666718750003 0.449909721875 0.410043403125 0.449909721875 0.410043403125 0.5077795140625 0.47691666718750003 0.5077795140625
4 0.4272048609375 0.5275173609375 0.326359375 0.51588194375 0.3089895828125 0.6664166671875 0.40983506875 0.67805381875 0.4272048609375 0.5275173609375
4 0.1681267359375 0.53000694375 0.10210937499999999 0.525746528125 0.0985329859375 0.5811875 0.1645486109375 0.5854479171875 0.1681267359375 0.53000694375
4 0.2334514125 1 0.257043403125 0.9740486109375001 0.1783125 0.9024739578125001 0.091434028125 0.9980399312499999 0.09359003437499999 1 0.2334514125 1
4 0 0.6907789125 0.45075694374999997 0.89882118125 0.46084375 0.876965278125 0 0.66426755625 0 0.6907789125
4 0.7725844015625001 1 0.481871528125 0.8883663187499999 0.4704861109375 0.9180173609375 0.6839826875 1 0.7725844015625001 1
4 0.6644019343750001 1 0.66700868125 0.990730903125 0.55021875 0.95788368125 0.5383737296875 1 0.6644019343750001 1
4 0.7299045140625 0.87296006875 0.7088298609375 0.68750868125 0.63591319375 0.6957951390625 0.656987846875 0.8812447921875 0.7299045140625 0.87296006875
4 0.792668403125 0.66353819375 0.7745885421875001 0.59121875 0.711347221875 0.6070295140625 0.7294270828125 0.6793489578125 0.792668403125 0.66353819375
4 0.8618350687499999 0.9170121531250001 0.824730903125 0.81581944375 0.794918403125 0.82675 0.83202256875 0.9279427078125 0.8618350687499999 0.9170121531250001
4 0.591465278125 0.7837152781250001 0.5622083328125 0.6144479171875 0.49521006874999995 0.626027778125 0.5244670140625 0.7952951390624999 0.591465278125 0.7837152781250001
4 0.46971527812499997 0.16562847187500002 0.384409721875 0.08497569375 0.35050347187500003 0.12083854218750001 0.435809028125 0.20148958281249998 0.46971527812499997 0.16562847187500002
4 0.40041666718749996 0.180034721875 0.347434028125 0.12260243125 0.32317013906250003 0.144984375 0.3761545140625 0.20241840312499998 0.40041666718749996 0.180034721875
4 0.6336614578125 0.33189930625 0.6042239578124999 0.2456875 0.5706545140625 0.25715104218749996 0.6000920140625 0.3433611109375 0.6336614578125 0.33189930625
4 0.7939652781250001 0.29834722187499996 0.6862864578125001 0.20263194375000002 0.6441423609375 0.250046875 0.75182118125 0.3457604171875 0.7939652781250001 0.29834722187499996
4 0.4806458328125 0.7845520828125 0.4782013890625 0.716112846875 0.37724131875 0.71971875 0.3796857640625 0.7881579859375 0.4806458328125 0.7845520828125
4 0.493690971875 0.1189739578125 0.446984375 0.078105903125 0.426909721875 0.10104861093749999 0.47361631875 0.1419166671875 0.493690971875 0.1189739578125
0 0.480516628125 0 0.479487846875 0.0010937499999999999 0.659894096875 0.17078298593750002 0.72578993125 0.10072569375 0.6187030828125 0 0.480516628125 0
0 0.45467106562500004 0 0.3277395828125 0.14255381875 0.5946857640625 0.38024479218749996 0.72175 0.2375416671875 0.4549751859375 0 0.45467106562500004 0
0 1 0.4982998109375 0.61194618125 0.39589756875000004 0.4698888890625 0.9342204859375001 0.7191606921875 1 0.8768419312500001 1 1 0.5332952640624999 1 0.4982998109375
0 1 0.5672898625 0.9289531249999999 0.3044166671875 0.7909357640625 0.34171874999999996 0.893168403125 0.7199791671875 1 0.6911056890625 1 0.5672898625
0 0.9413072921875001 0.42779166718750006 0.6711041671875 0.18885069375000002 0.5541545140624999 0.32110069375 0.8243576390625 0.5600416671875 0.9413072921875001 0.42779166718750006
0 1 0.36133648749999997 0.82671006875 0.2004236109375 0.7680364578125001 0.2636111109375 0.9566111109375001 0.43871701406249997 1 0.3919901234375 1 0.36133648749999997
0 0.8832968749999999 0.25457118125 0.6993958328125001 0.07825347187500001 0.6344236109375 0.1460208328125 0.8183263890625 0.3223385421875 0.8832968749999999 0.25457118125
0 1 0.668994559375 0.8451641000000001 0.5585127796875 0.876381653125 1 1 1 1 0.668994559375
4 0.88828125 0.9203125 0.0328125 0.0875