0 1 0.4449863359375 0.6730144546875 0.15941295 0.3937422359375 0.37569893125 0.5303397078125001 0.8267772078125001 1 0.5967725421875001 1 0.4449863359375
4 0.6621160125000001 0.1617189546875 0.5207696078125 0.3384019609375 0.7157549015625 0.4943905234375 0.857102940625 0.317707515625 0.6621160125000001 0.1617189546875
4 0.5151895421875 0.4479542484375 0.5151895421875 0.502419934375 0.578129084375 0.502419934375 0.578129084375 0.4479542484375 0.5151895421875 0.4479542484375
4 0.6568905234375 0.5100457515625 0.5619771234375001 0.52099673125 0.5783251640625 0.6626781046875 0.6732385625 0.651725490625 0.6568905234375 0.5100457515625
4 0.8679493468749999 0.519330065625 0.8058153593749999 0.52333986875 0.80918300625 0.5755196078125 0.871315359375 0.5715098046875 0.8679493468749999 0.519330065625
4 0.83822368125 1 0.87799673125 0.963841503125 0.7962287578125 0.8738970593750001 0.722129084375 0.9412614375 0.775527365625 1 0.83822368125 1
4 1 0.6331114984374999 0.53031699375 0.8498888890625 0.5398104578125 0.87045915 1 0.6580633640625 1 0.6331114984374999
4 0.23094516718749997 1 0.5212418296875 0.88852614375 0.51052614375 0.86061928125 0.207936275 0.9768137250000001 0.21683934843750002 1 0.23094516718749997 1
4 0.466998178125 1 0.446199346875 0.9260473859375 0.33627941250000004 0.9569624187500001 0.34838286093750004 1 0.466998178125 1
4 0.2969183 0.6715767968749999 0.2770833328125 0.84611928125 0.34571078437499997 0.8539166671875 0.3655457515625 0.6793758171875 0.2969183 0.6715767968749999
4 0.235027778125 0.5809509796875 0.21801143750000002 0.649016340625 0.2775326796875 0.663897059375 0.29454902031249997 0.5958317 0.235027778125 0.5809509796875
4 0.18783496718749998 0.79233986875 0.15291339843750001 0.887580065625 0.180972221875 0.8978676468750001 0.21589379062499997 0.8026274515624999 0.18783496718749998 0.79233986875
4 0.4349150328125 0.6028137250000001 0.40737908437500003 0.7621241828125 0.47043627499999996 0.7730228765625 0.497972221875 0.61371241875 0.4349150328125 0.6028137250000001
4 0.6022549015625 0.104486928125 0.5219673203124999 0.180395425 0.553879084375 0.21414705937499998 0.6341666671875 0.1382401953125 0.6022549015625 0.104486928125
4 0.63705555625 0.1399003265625 0.5871895421875 0.1939542484375 0.610024509375 0.21502124218750002 0.65989215625 0.1609656859375 0.63705555625 0.1399003265625
4 0.395370915625 0.2557450984375 0.3676650328125 0.3368856203125 0.3992598046875 0.347673203125 0.4269656859375 0.2665343140625 0.395370915625 0.2557450984375
4 0.3181356203125 0.215222221875 0.21679084999999998 0.3053071890625 0.2564558828125 0.349931371875 0.357800653125 0.2598480390625 0.3181356203125 0.215222221875
4 0.5139803921875 0.698498365625 0.5116797390625 0.7629117640625 0.6067009796875 0.7663055562500001 0.609001634375 0.70189215625 0.5139803921875 0.698498365625
4 0.5433611109375 0.0980212421875 0.4994019609375 0.13648529375000001 0.5182957515625 0.15807843125 0.5622549015625 0.1196143796875 0.5433611109375 0.0980212421875
0 0.40780117968749996 0 0.2809558828125 0.1193104578125 0.342975490625 0.18524673125 0.5127696078125 0.025539215625 0.48874740625 0 0.40780117968749996 0
0 0.536 0.024367646875000003 0.2847581703125 0.24807843125 0.40434803906249994 0.3823872546875 0.6555915031249999 0.15867810468750002 0.536 0.024367646875000003
0 0.157163128125 1 0.521803921875 0.90377614375 0.388102940625 0.39711928125 0.01475 0.49564215625 0.1478442953125 1 0.157163128125 1
0 0 0.6687795484375 0.12342320312499999 0.7021372546875 0.21964215625 0.3461274515625 0.0897434640625 0.3110196078125 0 0.6430701187500001 0 0.6687795484375
0 0.3324248359375 0.202251634375 0.0781160125 0.42713725468749997 0.18818627500000001 0.55160784375 0.4424950984375 0.326722221875 0.3324248359375 0.202251634375
0 0.185972221875 0.213143790625 0.0084901953125 0.37794934687500004 0.06371241875 0.437419934375 0.24119444375 0.2726143796875 0.185972221875 0.213143790625
0 0.3057973859375 0.09816013125 0.1327140515625 0.264106209375 0.1938627453125 0.3278872546875 0.36694771249999997 0.1619411765625 0.3057973859375 0.09816013125
0 0.1346296265625 1 0.1670636953125 0.551523075 0 0.671540225 0 1 0.1346296265625 1
4 0.12578125 0.8921875 0.05625 0.0875