0 0 0.6164026109375 0.47199646875 0.851354778125 0.6032849140625001 0.39026561718749997 0.31116818125 0.1687459109375 0 0.44041274843749995 0 0.6164026109375
4 0.4722408640625 0.35399003281249997 0.3285465109375 0.17437209375 0.1303205984375 0.3329518265625 0.2740166109375 0.5125697671875 0.4722408640625 0.35399003281249997
4 0.47791362187499997 0.5207325578125 0.47791362187499997 0.4653621265625 0.413928571875 0.4653621265625 0.413928571875 0.5207325578125 0.47791362187499997 0.5207325578125
4 0.43034883749999997 0.539617940625 0.3338588046875 0.52848505 0.317239203125 0.672518271875 0.41372923593750005 0.6836528234375 0.43034883749999997 0.539617940625
4 0.1824601328125 0.542 0.1192940203125 0.5379235875 0.11587209375 0.5909701 0.1790365453125 0.5950465109375 0.1824601328125 0.542
4 0.237412946875 1 0.2675365453125 0.9668637875 0.1922059796875 0.8983803984375 0.109079734375 0.9898189374999999 0.12027853749999999 1 0.237412946875 1
4 0 0.6858615234375 0.45288372031249996 0.8948853828125 0.462534884375 0.8739734218749999 0 0.660495175 0 0.6858615234375
4 0.78244095625 1 0.48265448437499997 0.884882059375 0.47176079687500005 0.9132524921874999 0.69766589375 1 0.78244095625 1
4 0.654965721875 1 0.65979568125 0.98282558125 0.548049834375 0.951397009375 0.5343804671875 1 0.654965721875 1
4 0.7199750828125 0.8701411953125 0.69981063125 0.6926993359375 0.6300431890625 0.70062790625 0.6502076406249999 0.87806810625 0.7199750828125 0.8701411953125
4 0.7800282390625 0.6697641203125 0.7627292359375 0.60056810625 0.70221926875 0.6156960140625001 0.719518271875 0.6848920265625 0.7800282390625 0.6697641203125
4 0.8462076406250001 0.9122906984375 0.8107059796874999 0.8154684390625 0.7821810625000001 0.8259269109374999 0.817682725 0.92274916875 0.8462076406250001 0.9122906984375
4 0.58751495 0.78475083125 0.5595215953125 0.6227940203125 0.49541694375 0.6338737546875 0.5234102984375 0.7958305640625001 0.58751495 0.78475083125
4 0.47102325624999997 0.1933588046875 0.38940199375 0.11618936875000001 0.3569601328125 0.15050332187499998 0.4385813953125 0.22767109687499998 0.47102325624999997 0.1933588046875
4 0.4047176078125 0.2071428578125 0.35402325625 0.1521910296875 0.330807309375 0.1736063125 0.381503321875 0.22855979999999998 0.4047176078125 0.2071428578125
4 0.6278887046875 0.3524485046875 0.599722590625 0.2699601328125 0.567602990625 0.280928571875 0.5957691031250001 0.3634152828125 0.6278887046875 0.3524485046875
4 0.781269103125 0.320345515625 0.6782408640625001 0.2287641203125 0.63791694375 0.2741312296875 0.7409451828125 0.3657109640625 0.781269103125 0.320345515625
4 0.481481728125 0.7855514953125 0.4791428578125 0.7200681062500001 0.3825431890625 0.723518271875 0.38488205937500003 0.7890016609375 0.481481728125 0.7855514953125
4 0.4939634546875 0.14871926875000002 0.4492740859375 0.10961627968750001 0.4300664453125 0.13156810624999998 0.4747558140625 0.17067109687499998 0.4939634546875 0.14871926875000002
0 0.5141697515625 0 0.48037375468750004 0.035930232812500004 0.652988371875 0.1982906984375 0.71603820625 0.1312591359375 0.5764896312500001 0 0.5141697515625 0
0 0.7121727578125 0.2621661125 0.456757475 0.034739203125 0.3351794015625 0.17128073125 0.5905963453124999 0.3987059796875 0.7121727578125 0.2621661125
0 0.8583746 1 0.9866661125 0.5138421921874999 0.6071112953125 0.413682725 0.47118936875 0.9287558140625001 0.7411695765624999 1 0.8583746 1
0 1 0.6575729515625001 0.9104269109375001 0.3261528234375 0.77837043125 0.361843853125 0.8761877078125 0.7237674421875 1 0.6903045765625 1 0.6575729515625001
0 0.9222475078124999 0.4441993359375 0.6637142859375 0.2155780734375 0.5518156140625 0.3421162796875 0.8103488375 0.5707375421875 0.9222475078124999 0.4441993359375
0 0.9930299 0.3941943515625 0.8125996671875001 0.2266511625 0.7564601328125 0.28710963437500003 0.9368903656249999 0.45465282343749996 0.9930299 0.3941943515625
0 0.866742525 0.2784601328125 0.690784053125 0.109757475 0.628617940625 0.17459800625 0.8045780734375001 0.3433006640625 0.866742525 0.2784601328125
0 1 0.690393521875 0.8302566812500001 0.5692746859375 0.8607132578125001 1 1 1 1 0.690393521875
4 0.87109375 0.915625 0.03125 0.0828125