0 1 0.4898055765625 0.9581655874999999 0.011149265625 0.649362846875 0.0075560203125 0.35778140625 0.45383947343750003 0.49741322187500003 0.9160445484374999 1 0.6860899078125 1 0.4898055765625
4 1 0.4898055765625 0.9969203703125 0.45456941406249995 0.9073409859374999 0.1261911375 0.3319922265625 0.276946421875 0.43854609218749996 0.6675555921874999 1 0.520441396875 1 0.4898055765625
4 0.212034990625 0.7278195968750001 0.2245823765625 0.8713828875 0.32142011406250004 0.8640374906250001 0.308872728125 0.720474203125 0.212034990625 0.7278195968750001
4 0.58424185 0.24958530781250002 0.7417386484375 0.0086309109375 0.6640756984375 0.0077272203125 0.52958126875 0.2134902859375 0.58424185 0.24958530781250002
0 0.1957970515625 0.69138126875 0.35360825 0.44804259999999996 0.2424222765625 0.09656151562500001 0.1333859546875 0.426519440625 0.1957970515625 0.69138126875
4 0.18643809218750002 0.282149253125 0.14446585781250001 0.5724654499999999 0.282202715625 0.593948225 0.32417495 0.303632028125 0.18643809218750002 0.282149253125
0 0.11137050625 0.03338666875 0.0787956515625 0.19622192968750002 0.133907025 0.41603841406250003 0.24220617656250001 0.0755423953125 0.22583035625 0.024704590625 0.11137050625 0.03338666875
4 0.1836948203125 0.075625478125 0.11613791250000001 0.102275278125 0.15558857343750002 0.1998782640625 0.22314548125 0.17322846249999999 0.1836948203125 0.075625478125
0 0.3435181375 1 0.49432096875 0.9583962640625 0.355057275 0.47240745781250004 0.1328319859375 0.5337170375 0.26644914218750004 1 0.3435181375 1
0 0.35603180624999997 0.4459435890625 0.6323222203125 0.0073577359375 0.47816953125 0.00556400625 0.2701570765625 0.021342293749999998 0.25152161562500003 0.0728209859375 0.35603180624999997 0.4459435890625
0 0.2557877046875 1 0.19617292656250002 0.7065093906250001 0.1125864171875 0.8270148828125 0.14513833125 1 0.2557877046875 1
0 0.11170765468749999 0.8188284546875 0.1915894828125 0.69765655 0.1329632703125 0.42867176718750005 0.0705049421875 0.6003630171875 0.11170765468749999 0.8188284546875
0 0.06852335468750001 0.595141209375 0.1306396984375 0.42360402343750003 0.07721284218749999 0.196190146875 0.033725375 0.406969046875 0.06852335468750001 0.595141209375
4 0.08125 0.37109375 0.0578125 0.115625
4 0.06796875 0.528125 0.028125 0.0515625
4 0.13828125 0.61953125 0.0625 0.121875
4 0.1707416921875 1 0.2405298265625 0.9637269609375 0.20782431250000002 0.8171246406250001 0.138681634375 0.8864701921875 0.163191440625 1 0.1707416921875 1
4 0.2888947375 0.019920993749999998 0.2808029640625 0.0335413515625 0.30484315 0.06694958437500001 0.330732275 0.0167475078125 0.2888947375 0.019920993749999998