0 0.3100594375 1 0.686359465625 0.51435608125 0.5862298921875 0.032129242187500004 0 0.2485389140625 0 0.8335214531249999 0.0705624109375 0.999919890625 0.07625118125 1 0.3100594375 1
4 0.09889695937500001 0.8025945953125 0.6956925671875 0.6940861484374999 0.622260134375 0.29020270312499996 0.025462837500000002 0.3987111484375 0.09889695937500001 0.8025945953125
4 0.8572956078124999 0.246559121875 0.8572956078124999 0.10016216250000001 0.7584459453125 0.10016216250000001 0.7584459453125 0.246559121875 0.8572956078124999 0.246559121875
4 0.29129391875 0.9973969593750001 0.489702703125 0.7431858109375 0.4374729734375 0.7024206078125 0.2390641890625 0.95663175625 0.29129391875 0.9973969593750001
0 0.8771201906250001 0.282850509375 0.6932403468749999 0.5119216328125 0.76653839375 0.8883567156250001 0.913800740625 0.565888425 0.8771201906250001 0.282850509375
4 0.843753378125 0.7 0.9120456078125001 0.40912837812499997 0.7742770265625001 0.3767820953125 0.7059847968749999 0.667653715625 0.843753378125 0.7
0 0.8851230640625 1 0.9478287125 0.8016857078124999 0.915697709375 0.570646834375 0.7716316546875001 0.899611790625 0.79332649375 0.9992308328125 0.8448660125 1 0.8851230640625 1
4 0.8282314187500001 0.9094239859375 0.8990996625 0.8876182437500001 0.8677449328125 0.7857128375 0.7968766890625 0.8075185812499999 0.8282314187500001 0.9094239859375
0 0.593177753125 0 0.6896266890625 0.4943074328125 0.9204087843750001 0.44927533750000004 0.8327461859374999 0 0.593177753125 0
0 0.7215537671875001 1 0.7676450375 0.909042384375 0.6878750390625 0.528651625 0.323615790625 0.99902836875 0.512504046875 1 0.7215537671875001 1
4 0.656813853125 0.9464241640625 0.6791710984375 0.9973423296874999 0.7288539421875 0.9774717374999999 0.7477458125 0.9240432109375 0.7263698515625 0.852039325 0.656813853125 0.9464241640625
0 0.8399915124999999 0 0.8740804546875 0.271728415625 0.9643696203125 0.156567165625 0.9491022875 0 0.8399915124999999 0
4 0.8524572750000001 0 0.8416689187499999 0.0055266328125 0.8688714640624999 0.1733494921875 0.9574242859375 0.106220309375 0.9417164734375 0 0.8524572750000001 0
0 0.9654998671874999 0.165166396875 0.8743815828124999 0.276283728125 0.9109187046875 0.5540118265625 0.99105124375 0.388371309375 0.9654998671874999 0.165166396875
4 0.92890625 0.34375 0.04375 0.09375
0 1 0.48401481406249997 0.990415321875 0.39332318437499997 0.9108693828125001 0.557169365625 0.946680240625 0.7961468453125 1 0.6290158625 1 0.48401481406249997
4 0.9578125 0.62265625 0.04375 0.1015625
4 0.98515625 0.4625 0.025 0.071875