0 0.51296354375 0 0.218143103125 0.3910620984375 0.3487111296875 0.9197070437500001 1 0.6627229406249999 1 0.5959992015625 0.9974612734375 0.486925146875 0.9807106531249999 0.0756684 0.9443774859375 0 0.51296354375 0
4 0.30207710625 0.643978734375 0.95549000625 0.5127460328125 0.8563367328125 0.0684807921875 0.2029256984375 0.1997134625 0.30207710625 0.643978734375
4 0.16040047500000001 0.8563089250000001 0.153820615625 0.6947619453125 0.0447857234375 0.6966659296875 0.0513655828125 0.8582129093749999 0.16040047500000001 0.8563089250000001
4 0.5312054749999999 0 0.427933459375 0.1415650203125 0.48737702031249996 0.1855428265625 0.6227309515624999 0 0.5312054749999999 0
0 0.1084452875 0 0 0.27464849375 0 0.5082660078125001 0.024632334375000002 0.66061713125 0.2146934109375 0.3946410234375 0.11418359687499999 0 0.1084452875 0
4 0 0.52326200625 0.1305054234375 0.551367659375 0.1927609953125 0.2290795203125 0.0393432578125 0.19603947187499998 0 0.399713853125 0 0.52326200625
0 0 0 0 0.255888090625 0.1005600015625 0 0 0
4 0 0 0 0.076139015625 0.0090272796875 0.1019186765625 0.086217546875 0.07649132187499999 0.05943253281250001 0 0 0
0 0.2246004375 1 0.3494656984375 0.9732330484375 0.2185957109375 0.4200496203125 0 0.4669108859375 0 0.6176569187500001 0.09045349375 1 0.2246004375 1
0 0.134474934375 0 0.22889318906249997 0.38100106718750004 0.504798309375 0 0.134474934375 0
0 0.078405765625 1 0.0269223125 0.673257553125 0 0.7084248546875 0 1 0.078405765625 1
4 0 0.9985720499999999 0.0655715984375 0.9649050171875 0.0369391359375 0.7885258937499999 0 0.8224045906249999 0 0.9985720499999999