0 1 0.24933035625 0.5366743328125 0.037339328125 0.38312732031249996 0.5456060765624999 0.680007775 1 1 1 1 0.24933035625
4 1 0.44895580312499994 0.4719407203125 0.31059178906249996 0.35476808437499996 0.7401276453125 0.9874540046875 0.905906653125 1 0.8599157999999999 1 0.44895580312499994
4 0.236654159375 0.0864518078125 0.222856346875 0.2443220921875 0.32934458125 0.2523995015625 0.34314239375 0.0945292203125 0.236654159375 0.0864518078125
4 0.7823517421874999 1 0.6321559859375 0.77021546875 0.57204813125 0.8099075890625 0.6962996343750001 1 0.7823517421874999 1
0 0.37853828125 0.5519806453125 0.20500019374999998 0.28439173125 0.136369434375 0.575648725 0.25627191875 0.9384890546875001 0.37853828125 0.5519806453125
4 0.1485535203125 0.41515826875000006 0.19470855468749998 0.7344063203125 0.34617176562499996 0.71078265 0.30001673125 0.3915345984375 0.1485535203125 0.41515826875000006
0 0.2436658390625 1 0.2560342828125 0.9616028640625001 0.13694243281250001 0.5871742531249999 0.0763388609375 0.828896846875 0.110567690625 1 0.2436658390625 1
4 0.117402515625 0.9322058796875 0.1916918984375 0.9615115015625 0.23507406875 0.8541817593750001 0.1607846859375 0.8248761359375001 0.117402515625 0.9322058796875
0 0.26693744375 0 0.135760259375 0.45776820625000003 0.3801317109375 0.525187675 0.5306281328125 0 0.26693744375 0
0 0.6619824171875 1 0.38120336093749996 0.5542888375 0.266278065625 0.9645954796874999 0.279094621875 1 0.6619824171875 1
0 0.1389464796875 0 0.11349709062499999 0.135241365625 0.20541352812499997 0.26775599687499996 0.25980100625 0 0.1389464796875 0
0 0.2003733140625 0.2774910796875 0.1125307546875 0.1442436234375 0.0672219296875 0.38448053125000003 0.1359046265625 0.57328190625 0.2003733140625 0.2774910796875
0 0.133349496875 0.5788546828125 0.06504286406250001 0.390222725 0.026777045312499997 0.5971474406249999 0.0745983140625 0.828931796875 0.133349496875 0.5788546828125
4 0.07890625 0.63671875 0.0625 0.128125
4 0.0640625 0.4640625 0.03125 0.05625
4 0.14140625 0.36328125 0.06875 0.134375
4 0.15727505625 0 0.14219286250000002 0.0698609578125 0.2182260484375 0.146117234375 0.25082334375 0 0.15727505625 0
4 0.33984186250000004 1 0.3249134296875 0.9710520031250001 0.304082778125 1 0.33984186250000004 1