0 1 0.3093435453125 0.44872338593750005 0.10583705000000002 0.34756859375000004 0.5930013656249999 0.6629305140625 1 1 1 1 0.3093435453125
4 1 0.4734028890625 0.4123242328125 0.36655290156250003 0.33813993125 0.774571671875 0.941046075 0.8841911265625001 1 0.5599479296875 1 0.4734028890625
4 0.174882253125 0.174566553125 0.174882253125 0.3224624578125 0.27474402656249997 0.3224624578125 0.27474402656249997 0.174566553125 0.174882253125 0.174566553125
4 0.7683759968749999 1 0.5990034125 0.7829914671875 0.5462389078125 0.8241740609375 0.683468965625 1 0.7683759968749999 1
0 0.3406172609375 0.5905419921874999 0.1548546875 0.3591254296875 0.1177985703125 0.6450613453125 0.266568721875 0.9708313578125001 0.3406172609375 0.5905419921874999
4 0.119571671875 0.4866962453125 0.188563140625 0.780546075 0.3277423203125 0.7478686 0.258750853125 0.45401877187500006 0.119571671875 0.4866962453125
0 0.257547225 1 0.26142331093750004 0.982201671875 0.11588217812499998 0.649868475 0.0834221875 0.8832729328125 0.1203305015625 1 0.257547225 1
4 0.13265017031249998 0.970085325 0.2042440265625 0.992114334375 0.23591979531249999 0.8891655296875 0.16432593906249998 0.86713651875 0.13265017031249998 0.970085325
0 0.1111228671875 0.527254265625 0.34426791875 0.5727474406249999 0.4434215015625 0.06457849843749999 0.21027645 0.01908703125 0.1111228671875 0.527254265625
0 0.6500330078125 1 0.346037503125 0.6074432796875 0.265450746875 0.9917288265625 0.2696420296875 1 0.6500330078125 1
4 0.355681878125 1 0.3071485453125 0.934142115625 0.2875971640625 1 0.355681878125 1
0 0.0892909625 0 0.06671192031249999 0.23154908125 0.1579255484375 0.34788945781249997 0.2000241515625 0.0123147546875 0.153714403125 0 0.0892909625 0
4 0.1906689421875 0.078962059375 0.095947059375 0.030438156249999997 0.0737283671875 0.180686728125 0.163187871875 0.248503240625 0.1906689421875 0.078962059375
0 0.1576213359375 0.3524914109375 0.06557009999999999 0.240236359375 0.03975710625 0.465726646875 0.12071011406250001 0.6330631421875 0.1576213359375 0.3524914109375
4 0.10234375 0.4203125 0.04375 0.0953125
0 0.12075994062499999 0.6362530109375 0.0403995375 0.4707292234375 0.019087782812500002 0.6723841828125 0.08458242031249999 0.8776773578125001 0.12075994062499999 0.6362530109375
4 0.0734375 0.70234375 0.04375 0.103125
4 0.04609375 0.540625 0.025 0.0734375