0 0.5628069078125 0 0.252432940625 0.41169294375 0.377543140625 0.9182401890625 1 0.67263255625 1 0.53898945625 0.9991751109375 0.5035488546875 0.9831246765625 0.109482903125 0.9305550374999999 0 0.5628069078125 0
4 0.8639496671875 0.1025957421875 0.2378516328125 0.22834280312500002 0.3328584484375 0.6540375015625 0.9589582703125 0.5282904109375 0.8639496671875 0.1025957421875
4 0.0863220109375 0.7045223375 0.092626828125 0.85931655 0.19710399218750002 0.857492153125 0.19079917500000002 0.702697940625 0.0863220109375 0.7045223375
4 0.579384271875 0 0.4534539265625 0.172625003125 0.5104127078125 0.214764509375 0.6670839265625 0 0.579384271875 0
0 0.06701104687500001 0.6699804015625 0.24912744843749998 0.4151222671875 0.15066304531250002 0.028512326562500002 0.017730189062500002 0.3651780265625 0.06701104687500001 0.6699804015625
4 0.0811070453125 0.2248223875 0.02145379375 0.5336386734375 0.168458571875 0.565297628125 0.228111821875 0.256481340625 0.0811070453125 0.2248223875
0 0.10007154062500001 0 0.0014111203125 0.0017228234374999998 0 0.006984265625 0 0.27202893906250003 0.014938504687500001 0.3546145703125 0.15360982343750001 0.0017472421875 0.1531137171875 0 0.10007154062500001 0
4 0.0884934890625 0.0030994734375 0.0145298234375 0.027463945312499998 0.05205829375 0.1346359015625 0.1260219578125 0.11027142812499999 0.0884934890625 0.0030994734375
0 0.2361208171875 1 0.3782661671875 0.9695287734375 0.2528666296875 0.43946876875 0.0108855125 0.49134325937499995 0.131221884375 1 0.2361208171875 1
0 0.163098534375 0 0.2627336671875 0.40205246875 0.5538833359375 0 0.163098534375 0
0 0.11929667656250001 1 0.0692053015625 0.682092446875 0 0.7724919515625001 0 0.9772449218749999 0.0031978296874999998 1 0.11929667656250001 1
4 0.0313496578125 1 0.1062390234375 0.9615488578125 0.078803415625 0.792542496875 0.002637921875 0.8623976156250001 0.0198353 1 0.0313496578125 1
0 0 0.7607538515625001 0.0654254 0.6717128046874999 0.0150522765625 0.3819191625 0 0.4180075796875 0 0.7607538515625001
4 0.02109375 0.59921875 0.0421875 0.0984375