0 1 0.56887731875 0.5936359203125 0.26252076406249997 0.101335315625 0.38411223906249997 0.3412172234375 0.9920580812500001 0.50436345625 0.9882608109375 0.887346303125 0.9726617953125001 1 0.9185696578125 1 0.56887731875
4 0.8940397625 0.8568385828125 0.7718293375 0.24834955625 0.358107303125 0.3406843046875 0.48031775625 0.94917506875 0.8940397625 0.8568385828125
4 0.309042353125 0.1010817046875 0.158601728125 0.10720919843750001 0.1603748140625 0.20874794218749998 0.31081543906250003 0.2026204484375 0.309042353125 0.1010817046875
4 1 0.584835978125 0.825980075 0.457888034375 0.7850257421875 0.51324485 1 0.6700690796875 1 0.584835978125
0 0.342612796875 0.08231386093750001 0.590303046875 0.2593082390625 0.9660395828125001 0.163613146875 0.6388426046875 0.034419028125 0.342612796875 0.08231386093750001
4 0.7752507421875 0.096013409375 0.47511991406250004 0.038037906249999996 0.4443513671875 0.180908175 0.7444821968750001 0.23888367656249998 0.7752507421875 0.096013409375
0 0.8243907921875 0 0.6491089640625 0.031705859375 0.9920518984375001 0.166477046875 0.9946457390625 0.1657405609375 0.99207563125 0.0185589328125 0.9228776078125 0 0.8243907921875 0
4 0.9907377 0.10319210937500001 0.967058478125 0.031308671875 0.8629007328125 0.0677816546875 0.88657995625 0.13966509062500002 0.9907377 0.10319210937500001
0 0.566641290625 0.26294225625 0.5162257703125 0.0277668578125 0.0010754390625 0.1496394625 0.051489223437499995 0.38481493125 0.566641290625 0.26294225625
0 1 0.47236132187499996 0.994815025 0.17543495625 0.60300525625 0.2725317828125 1 0.5600188578124999 1 0.47236132187499996
0 0.21240610625 0 0.14747336875 0.0026447296875000002 0 0.023369540624999997 0 0.1365757109375 0.330841403125 0.084446403125 0.22053319375 0 0.21240610625 0
4 0.016475810937499998 0.0371397171875 0.059244703125 0.12043855156250001 0.2234977609375 0.0937745703125 0.1556073171875 0.0197512296875 0.016475810937499998 0.0371397171875
0 0.23100093125 0 0.3409291171875 0.0807728109375 0.6225723140625 0.03181643125 0.5462911828125 0 0.23100093125 0
4 0.4125 0.02890625 0.0953125 0.0578125
0 0.561024121875 0 0.6291027875 0.029077871875 0.800555684375 0 0.561024121875 0
4 0.6921875 0.00546875 0.134375 0.0109375