0 1 0.2973204515625 0.518720234375 0.07711466875 0.371254290625 0.565252040625 0.6552989609375001 1 1 1 1 0.2973204515625
4 1 0.481941909375 0.45655032812499996 0.3395452484375 0.34401819375 0.7520697859375 0.9516472453124999 0.9112832875000001 1 0.7340327484375 1 0.481941909375
4 0.2305820484375 0.1242820984375 0.21733068281249998 0.27590009531250004 0.3196015609375 0.2836576078125 0.33285292499999997 0.1320396140625 0.2305820484375 0.1242820984375
4 0.7535892359374999 1 0.6104204359375001 0.7809660109375 0.5526930890624999 0.8190861671875 0.67094513125 1 0.7535892359374999 1
0 0.366846996875 0.5713741515625 0.2001817046875 0.31438281875 0.1342689953125 0.59410488125 0.249422865625 0.9425752968750001 0.366846996875 0.5713741515625
4 0.1459705421875 0.43997048124999993 0.19029765468749998 0.746575046875 0.3357623234375 0.7238869671875 0.2914352109375 0.41728240312500003 0.1459705421875 0.43997048124999993
0 0.2378475859375 1 0.24919464218749998 0.9647737078124999 0.1348193 0.6051739515625 0.0766158703125 0.8373233750000001 0.10915899062500001 1 0.2378475859375 1
4 0.116053240625 0.9365409609374999 0.1874004703125 0.9646859640625 0.22906453437500002 0.8616069046874999 0.1577173046875 0.8334619 0.116053240625 0.9365409609374999
0 0.271487696875 0 0.1336839453125 0.4808928984375 0.3683773203125 0.5456422890625 0.5154544890625 0.032386784375 0.3980607359375 0 0.271487696875 0
0 0.6380260875 1 0.36940652812499997 0.5735909296874999 0.2590327296875 0.967647803125 0.2707443328125 1 0.6380260875 1
0 0.14450707812500002 0 0.1123024875 0.17113939843749998 0.20057866875000002 0.2984059234375 0.2611918609375 0 0.14450707812500002 0
0 0.1957380671875 0.307755459375 0.1113744203125 0.1797851296875 0.0678600046875 0.41050770468750003 0.13382259531250001 0.591831796875 0.1957380671875 0.307755459375
0 0.1313686578125 0.5971838703125 0.06576723906250001 0.416022484375 0.0290168984375 0.6147521609375 0.07494425625 0.8373569406250001 0.1313686578125 0.5971838703125
4 0.07890625 0.65234375 0.0609375 0.121875
4 0.06484375 0.48671875 0.0296875 0.0546875
4 0.1390625 0.390625 0.065625 0.128125
4 0.163252971875 0 0.1398617921875 0.10834831250000002 0.21288376250000002 0.1815845375 0.24742423906250002 0.026757004687500002 0.19594464218750002 0 0.163252971875 0
4 0.32883212031250003 1 0.31534590156250003 0.9738486234374999 0.2965276671875 1 0.32883212031250003 1