0 0.9998876984375 0.6967794031250001 0.547654375 0.34636749375 0.1015945484375 0.43898735 0.3074845734375 0.9967206781250001 0.8038685593749999 0.9977940656250001 0.9968008984375001 0.9159797703124999 0.9998876984375 0.6967794031250001
4 0.814275 0.8897703124999999 0.7139046875 0.33773437500000003 0.3403125 0.40565937500000004 0.44068281249999997 0.9576968750000001 0.814275 0.8897703124999999
4 0.2999421875 0.1882515625 0.164525 0.1882515625 0.164525 0.2796875 0.2999421875 0.2796875 0.2999421875 0.1882515625
4 0.9944671875 0.711803125 0.759321875 0.528275 0.7216140625 0.5765875 0.9567593750000001 0.760115625 0.9944671875 0.711803125
0 0.333511721875 0.1699138234375 0.5454025109375 0.34000267968750003 0.8936049625000001 0.2722019859375 0.5953217937499999 0.135984315625 0.333511721875 0.1699138234375
4 0.719375 0.20077812499999997 0.45031875 0.1376078125 0.4203984375 0.26504374999999997 0.6894546874999999 0.32821406249999996 0.719375 0.20077812499999997
0 0.9961635203125001 0.24742299375000001 0.9974281203125 0.1626860578125 0.8134342796875 0.104508440625 0.599723321875 0.13422961875 0.9040159062500001 0.26749071875 0.9961635203125001 0.24742299375000001
4 0.9130921875 0.2151359375 0.8929218750000001 0.1495828125 0.798659375 0.1785859375 0.8188296875000001 0.2441390625 0.9130921875 0.2151359375
0 0.529109375 0.3433453125 0.4874546875 0.129871875 0.0221640625 0.22065937500000002 0.06381718750000001 0.4341328125 0.529109375 0.3433453125
0 0.560877753125 0.34496558906249997 0.995976240625 0.6819053937499999 0.9978671046875001 0.3143154984375 0.91273920625 0.271178340625 0.560877753125 0.34496558906249997
4 0.860011375 0.3093578875 0.9473173515625 0.3736971859375 0.9944166546875 0.35301673437500003 0.9760363578125 0.307060103125 0.9266149703125001 0.2895851234375 0.860011375 0.3093578875
0 0.015963196875 0.21127211406250002 0.323223784375 0.1727255796875 0.216699628125 0.0892081015625 0.0025807984375 0.11008746875 0.0025807984375 0.1609474796875 0.015963196875 0.21127211406250002
4 0.0325574375 0.11597652656249999 0.07698713593749999 0.20270625 0.23222327968749998 0.1775438953125 0.1701287859375 0.0956325359375 0.0325574375 0.11597652656249999
0 0.2246539171875 0.0881626234375 0.3274374484375 0.1724470359375 0.5843359390625 0.13865019843749998 0.4311184609375 0.06452759999999999 0.2246539171875 0.0881626234375
4 0.38984375 0.121875 0.0875 0.040625
0 0.43569894531250003 0.0651158265625 0.5872566625 0.1386958203125 0.80831083125 0.105570778125 0.6203392671875 0.0456022515625 0.43569894531250003 0.0651158265625
4 0.64765625 0.0953125 0.09375 0.040625
4 0.5 0.0703125 0.0671875 0.0234375