4 0 0.681224784375 0.25865163281250003 0.5672220671875 0.210457625 0.461244884375 0 0.554004115625 0 0.681224784375
4 0.64644913125 1 0.6550112265625 0.9738699359374999 0.5489802187499999 0.9374871 0.52849648125 1 0.64644913125 1
4 0.688841825 0.662833203125 0.675459296875 0.7136016390625 0.7447135953124999 0.732974575 0.758096125 0.6822061359375 0.688841825 0.662833203125
4 0.72798240625 0.8437303453125 0.709294809375 0.8951172296875001 0.7744660031249999 0.9197956453125 0.7931517578125 0.8684083593749999 0.72798240625 0.8437303453125
4 1 0.223693090625 0.8534160921874999 0.1730178375 0.8165050671875 0.284770771875 1 0.3482062375 1 0.223693090625
4 0.6048706703125 0.1698896890625 0.5635526515625 0.29499391875000003 0.7784250984375001 0.36927702500000004 0.8197431156249999 0.24417279218750002 0.6048706703125 0.1698896890625
4 0.8192584937499999 0.3420397 0.7791529984375 0.391315909375 0.830816421875 0.4336595046875 0.8709219140625001 0.384383296875 0.8192584937499999 0.3420397
4 1 0.326015171875 0.9236937187500001 0.30939294687499996 0.8925480531250001 0.46421610625 1 0.48762296562499996 1 0.326015171875
4 0.7396315671875 0.0407417765625 0.3626727296875 0.08413284062500001 0.38412904375 0.2463075984375 0.7610878765625 0.20291653437499999 0.7396315671875 0.0407417765625
4 0.24923068437499998 0.0073316796875 0.11199498593749999 0.017077118750000002 0.1182536515625 0.087897534375 0.255487140625 0.07815353124999999 0.24923068437499998 0.0073316796875
4 0.20619375468749998 0 0.20885614375 0.0214121578125 0.3183594296875 0.0096828390625 0.317155296875 0 0.20619375468749998 0
4 0.7269046578125 0.012969609375 0.6917438046875 0.061805303125 0.7795040671875 0.125712875 0.8146649187499999 0.07687717968749999 0.7269046578125 0.012969609375
4 1 0.10010567031249999 0.9128589828125 0.068418015625 0.881329921875 0.1589080140625 1 0.20206078593750001 1 0.10010567031249999
0 1 0.42099640000000005 0 0.20316078750000002 0 0.9617283734375001 0.175690403125 1 0.9128232078125 1 1 0.566649575 1 0.42099640000000005
0 1 0.21091181093750003 0.641250525 0.054589624999999996 0.5365258078124999 0.303023565625 1 0.504976934375 1 0.21091181093750003
0 0.1816016828125 0 0.12979920625000002 0.1251133453125 0.7039283890625 0.3710462375 0.794519115625 0.15225150468749998 0.4390886890625 0 0.1816016828125 0
4 0.444473171875 0 0.5680444375 0.0362313609375 0.57808743125 0 0.444473171875 0
0 0.55299035 0 0.5363582078125 0.0492323515625 0.9164041125000001 0.1834548125 0.9513247953124999 0.0800870390625 0.724561325 0 0.55299035 0
0 0 0.5346642296875 0.49951043124999994 0.298235634375 0.1061721078125 0.1217981515625 0.0026801140625 0.145900740625 0 0.159223421875 0 0.5346642296875
4 0.26875 0.275 0.103125 0.075
4 0.0609375 0.1796875 0.0875 0.071875
4 0.375 0.7546875 0.471875 0.490625