4 0.359226025 1 0.48035597812499997 0.8252829578125 0.39357478437500004 0.7648704234375 0.23055910000000002 1 0.359226025 1
4 0.0459029125 0.45368911250000005 0.11159323750000001 0.4447904484375 0.0973690671875 0.3440586203125 0.0316787421875 0.352957284375 0.0459029125 0.45368911250000005
4 0.334643525 0.368344534375 0.38256107031250003 0.364684540625 0.37721319375 0.299609446875 0.3292956484375 0.303269440625 0.334643525 0.368344534375
4 0.1775319390625 0.3084135109375 0.226927803125 0.300112428125 0.21610535625 0.237821290625 0.1667094515625 0.2461206640625 0.1775319390625 0.3084135109375
4 0.74426593125 0.3123943671875 0.8510400609375001 0.2976755859375 0.8251185640625 0.1171359703125 0.7183443953124999 0.131853040625 0.74426593125 0.3123943671875
4 0.691077553125 0.5368381109375 0.8106076640625 0.5203633765625 0.7812856453125 0.3161392953125 0.6617555359375 0.33261402812499996 0.691077553125 0.5368381109375
4 0.64209159375 0.32835909218750003 0.693318346875 0.30056724218749997 0.6642827437500001 0.2474600890625 0.613055990625 0.27525193593749997 0.64209159375 0.32835909218750003
4 0.7408040609375 0.21255107031249998 0.7374715109375 0.0693711171875 0.593024025 0.0718924578125 0.5963565765625 0.215072409375 0.7408040609375 0.21255107031249998
4 0.845478890625 0.7508903 0.9500259359375001 0.42102081093750005 0.8081284125 0.3753186515625 0.70358136875 0.705188140625 0.845478890625 0.7508903
4 0.862081496875 0.985938975 0.894708740625 0.8648569593750001 0.8322002890625001 0.847681990625 0.7995747171875001 0.9687622656249999 0.862081496875 0.985938975
4 0.9056868796875 0.9082512859375 0.9352690796875001 0.8122839171875 0.9046243140625 0.802677859375 0.8750404062499999 0.8986452593750001 0.9056868796875 0.9082512859375
4 0.922779796875 0.4603832109375 0.972750715625 0.4369393625 0.9306310484375 0.348038434375 0.8806601281249999 0.37148228437499997 0.922779796875 0.4603832109375
4 0.868566859375 0.275030784375 0.9553108531250001 0.2616456078125 0.917028415625 0.022414834375 0.830284421875 0.035800009375000004 0.868566859375 0.275030784375
0 0.6742019921875 1 0.6532541671875001 0.09999598125 0 0.1113985765625 0 0.22003712812499998 0.0181538359375 1 0.6742019921875 1
0 0.6791649796875 0.5596843859375 0.9204746484375 0.506699509375 0.806894125 0.0022430765625000002 0.56558616875 0.055227921874999995 0.6791649796875 0.5596843859375
0 0.7681641609375001 0.9523553140625 0.9803992687499999 0.9071576625000001 0.859441134375 0.3537200859375 0.647206025 0.39891773750000004 0.7681641609375001 0.9523553140625
4 1 0.5683948296875 0.9242238421875 0.575141190625 0.9419794781249999 0.7623843390625 1 0.7572187640625 1 0.5683948296875
0 1 0.5475802843750001 0.951524453125 0.225352425 0.8526263453125 0.23966335156250002 0.9070364453125 0.6013395015625 1 0.587887328125 1 0.5475802843750001
0 0.7553994984375 1 0.7670305578125001 0.974017884375 0.6770246078125 0.593555671875 0.3788424265625 1 0.7553994984375 1
4 0.6578125 0.803125 0.05625 0.084375
4 0.7078125 0.98515625 0.05625 0.0296875
4 0.2375 0.63046875 0.4046875 0.3578125