4 1 0.268204815625 0.9625287546875001 0.2165463265625 0.7246325875 0.38910543125 0.7824408953125 0.46880191718750003 1 0.3109964796875 1 0.268204815625
4 0.421247603125 0.132833865625 0.42848402500000005 0.07131948906249999 0.33422044687499997 0.06023003125 0.326984025 0.121744409375 0.421247603125 0.132833865625
4 0.35088498437500004 0.38751916875000003 0.3535207671875 0.34270926562500004 0.2926869015625 0.339130990625 0.29005111875 0.3839408953125 0.35088498437500004 0.38751916875000003
4 0.288071884375 0.243640575 0.295015975 0.197349840625 0.23669009531250002 0.1886006390625 0.229747603125 0.2348913734375 0.288071884375 0.243640575
4 0.29596645312500003 0.8262939296875 0.30796645312500004 0.7263019171875 0.1390111828125 0.70602715625 0.1270127796875 0.80601916875 0.29596645312500003 0.8262939296875
4 0.50318370625 0.783712459375 0.516615015625 0.6717747609375 0.32549680468750003 0.64884025625 0.3120654953125 0.7607779546875 0.50318370625 0.783712459375
4 0.296095846875 0.679 0.3212044734375 0.6305766765625 0.27115655 0.6046261984375 0.2460479234375 0.6530495203125 0.296095846875 0.679
4 0.08099680468750001 0.7252396171875 0.21470766718749998 0.7252396171875 0.21470766718749998 0.5903450484375 0.08099680468750001 0.5903450484375 0.08099680468750001 0.7252396171875
4 0.412720446875 0.916015975 0.7189456875 0.811255590625 0.6739712453125 0.6797891375 0.36774600625 0.7845495203125 0.412720446875 0.916015975
4 0.8261341859375 0.8547348250000001 0.938630990625 0.8216469656250001 0.9215782750000001 0.7636709265625 0.8090830671875 0.7967571890625 0.8261341859375 0.8547348250000001
4 0.7777188500000001 0.8937396171875 0.8668210859375 0.8640399359375 0.8573546328124999 0.835640575 0.768252396875 0.8653418531250001 0.7777188500000001 0.8937396171875
4 0.4279504796875 0.9368833859375 0.4490207671875 0.8897268374999999 0.3653466453125 0.85234025625 0.3442763578125 0.8994968046875 0.4279504796875 0.9368833859375
4 0.2640319484375 0.9244121406250001 0.27511341875 0.843146965625 0.051170926562499996 0.8126086265625 0.04008945625 0.8938738015625001 0.2640319484375 0.9244121406250001
0 0.10821245937499999 0 0.10821245937499999 0.6459584671874999 1 0.6459584671874999 1 0 0.10821245937499999 0
0 0.49221885 0.886568690625 0.5377476031249999 0.660158146875 0.0649936109375 0.5650942484375 0.019464856250000002 0.7915031953125 0.49221885 0.886568690625
0 0.8670175718750001 0.933806709375 0.9057507984375001 0.7347060703125 0.3871533546875 0.6338178906249999 0.348420128125 0.8329185296875 0.8670175718750001 0.933806709375
4 0.7258658140625001 0.9764345046875 0.731247603125 0.901087859375 0.5561693296875 0.8885814703125 0.550787540625 0.963928115625 0.7258658140625001 0.9764345046875
0 0.56859744375 0.9645990421875 0.5803450484375 0.8719680515625001 0.24183865781249997 0.82903514375 0.2300910546875 0.9216661343749999 0.56859744375 0.9645990421875
0 1 0.3272175828125 0.5693311203125 0.6574242124999999 0.925954046875 0.733177203125 1 0.6980319984375 1 0.3272175828125
4 0.7640625 0.63515625 0.0765625 0.05
4 0.9546875 0.6765625 0.065625 0.05
4 0.596875 0.24609375 0.328125 0.3703125