4 0.9984375 0.6973359375 0.76845 0.5305156249999999 0.71190625 0.60846875 0.9445984375 0.777253125 0.9984375 0.7030296875000001 0.9984375 0.6973359375
4 0.4222359375 0.9193031250000001 0.41515781250000006 0.859134375 0.32295625 0.86998125 0.330034375 0.93015 0.4222359375 0.9193031250000001
4 0.3489125 0.65385 0.34633437499999997 0.6100203125 0.28683125 0.6135203125 0.289409375 0.65735 0.3489125 0.65385
4 0.2916875 0.7960296875 0.2848953125 0.7507515625 0.227846875 0.7593093750000001 0.2346375 0.8045875 0.2916875 0.7960296875
4 0.3043546875 0.2786484375 0.2926171875 0.18084375 0.127359375 0.200675 0.1390953125 0.2984796875 0.3043546875 0.2786484375
4 0.5084390625 0.3319828125 0.4953015625 0.22249375 0.30836406250000004 0.24492656249999997 0.3215015625 0.354415625 0.5084390625 0.3319828125
4 0.317303125 0.37227968749999996 0.29274374999999997 0.324915625 0.243790625 0.3502984375 0.26835 0.3976625 0.317303125 0.37227968749999996
4 0.2131359375 0.2796875 0.08235 0.2796875 0.08235 0.41163125 0.2131359375 0.41163125 0.2131359375 0.2796875
4 0.70634375 0.195553125 0.4068171875 0.093084375 0.3628265625 0.221675 0.662353125 0.32414375 0.70634375 0.195553125
4 0.9212234374999999 0.1853890625 0.8111875 0.15302500000000002 0.794509375 0.20973437499999997 0.90454375 0.24209687500000002 0.9212234374999999 0.1853890625
4 0.850984375 0.1439234375 0.76383125 0.11487343750000001 0.754571875 0.14265 0.841725 0.1717015625 0.850984375 0.1439234375
4 0.44232343749999997 0.1187984375 0.4217140625 0.07267343750000001 0.3398703125 0.1092421875 0.3604796875 0.1553671875 0.44232343749999997 0.1187984375
4 0.2722203125 0.164359375 0.26138125 0.084871875 0.0423375 0.11474218750000001 0.0531765625 0.1942296875 0.2722203125 0.164359375
0 0.996875 0.357234375 0.1089703125 0.357234375 0.1089703125 0.9961234375 0.996875 0.9961234375 0.996875 0.357234375
0 0.529109375 0.3433453125 0.48457656250000003 0.1218875 0.0221640625 0.21487343750000001 0.066696875 0.43632968749999995 0.529109375 0.3433453125
0 0.8890625 0.270428125 0.8511765625000001 0.0756828125 0.3439234375 0.1743640625 0.381809375 0.36910937499999996 0.8890625 0.270428125
4 0.7183765625 0.1076859375 0.7131125 0.0339875 0.5418640625 0.0462203125 0.547128125 0.11991875 0.7183765625 0.1076859375
0 0.570775 0.13616875 0.5592843750000001 0.0455640625 0.2281828125 0.0875578125 0.23967343749999998 0.1781625 0.570775 0.13616875
0 0.5600020015625 0.34601944218749997 0.9897762406249999 0.6755401234375 0.9998876984375 0.3151461578125 0.9088238015625001 0.2719235484375 0.5600020015625 0.34601944218749997
4 0.75078125 0.36796875 0.075 0.0484375
4 0.93671875 0.32734375 0.0640625 0.05
4 0.58671875 0.7484375 0.3203125 0.3625