4 0.7752183734375 1 0.6066574 0.75687204375 0.520960971875 0.8165294203125001 0.6481596828125 1 0.7752183734375 1
4 0.9640297421874999 0.35010781875 0.899160546875 0.34132038750000004 0.885114178125 0.44079306718750005 0.9499833734375001 0.4495804984375 0.9640297421874999 0.35010781875
4 0.670133046875 0.301041071875 0.622814471875 0.297426828125 0.61753344375 0.361688484375 0.66485201875 0.365302728125 0.670133046875 0.301041071875
4 0.8306869171875 0.24460665625 0.7819084609375 0.236411025 0.77122129375 0.2979235234375 0.8199997109374999 0.3061208421875 0.8306869171875 0.24460665625
4 0.28594740937499996 0.131767378125 0.18050791875 0.1172342703125 0.1549104390625 0.295517140625 0.2603498921875 0.31005193750000004 0.28594740937499996 0.131767378125
4 0.34182890781249997 0.330018853125 0.223792925 0.3137500546875 0.19483743125 0.515421334375 0.31287341562500004 0.531690134375 0.34182890781249997 0.330018853125
4 0.389919709375 0.2733737875 0.339333290625 0.2459293375 0.3106606328125 0.2983726515625 0.36124705156250003 0.325817103125 0.389919709375 0.2733737875
4 0.40641038125 0.21394650468749998 0.40970127500000003 0.07255630156250001 0.26705938281249997 0.070066478125 0.2637684890625 0.21145668125 0.40641038125 0.21394650468749998
4 0.3005258984375 0.6979357890625 0.1972856921875 0.37218966875000004 0.057161887499999994 0.4173205515625 0.1604020953125 0.7430666718750001 0.3005258984375 0.6979357890625
4 0.2057324671875 0.9582152374999999 0.17351471406250002 0.838648465625 0.11178761875000001 0.855608746875 0.144007021875 0.9751772375 0.2057324671875 0.9582152374999999
4 0.1312100984375 0.88897469375 0.101995990625 0.7942068859375 0.071734284375 0.80369286875 0.10094670624999999 0.8984606453125 0.1312100984375 0.88897469375
4 0.1256606234375 0.36840125625 0.0763143390625 0.34525045468750004 0.034721168749999996 0.43304012031249994 0.08406745 0.4561909203125 0.1256606234375 0.36840125625
4 0.1754066328125 0.036915009375 0.0897469390625 0.023697148437500003 0.0519430328125 0.25993753750000004 0.1376027265625 0.2731554 0.1754066328125 0.036915009375
0 0.9771310140624999 1 0.9978084687500001 0.1116121609375 0.350224009375 0.10030853125000001 0.329283459375 1 0.9771310140624999 1
0 0.4367961578125 0.056100073437499995 0.1985045515625 0.0037775375 0.086343784375 0.5019282656249999 0.3246370828125 0.55425083125 0.4367961578125 0.056100073437499995
0 0.35619655 0.395493765625 0.1466143796875 0.350861084375 0.027168221875 0.8973806921874999 0.236750390625 0.942013371875 0.35619655 0.395493765625
4 0 0.7486204812499999 0.06510776562500001 0.7544170343750001 0.08264145625 0.569514425 0.003099928125 0.5624328328125 0 0.5951233125 0 0.7486204812499999
0 0.15334398437500002 0.23823005937500003 0.05568210312500001 0.22409802031249998 0.0019521312499999998 0.5812532187499999 0.0996140109375 0.5953852578125 0.15334398437500002 0.23823005937500003
0 0.629229746875 1 0.3267507 0.5876987265625 0.2378698234375 0.9634051609375 0.2542517375 1 0.629229746875 1
4 0.34609375 0.79453125 0.0546875 0.0828125
4 0.296875 0.9796875 0.0546875 0.040625
4 0.7609375 0.62421875 0.4 0.353125