4 0 0.4590475140625 0.244174490625 0.566667459375 0.292535840625 0.46032229999999996 0 0.3313848578125 0 0.4590475140625
4 0.6188025921875 0 0.56125491875 0.019746559375 0.5838725109375 0.08877162499999999 0.6902716828125001 0.052262459375 0.673146728125 0 0.6188025921875 0
4 0.7937145140624999 0.34493898125 0.7802855171874999 0.2939942640625 0.7107907531250001 0.3134344671875 0.7242197484374999 0.3643791828125 0.7937145140624999 0.34493898125
4 0.8288918687500001 0.158090221875 0.8101412328125001 0.10652450937499999 0.74474375 0.13128861249999998 0.763496234375 0.1828539234375 0.8288918687500001 0.158090221875
4 1 0.6927025 0.8523262656249999 0.7437543296875 0.889365453125 0.8558952953125001 1 0.8176480296875 1 0.6927025
4 0.8555755578124999 0.784493275 0.814114075 0.658954653125 0.59849554375 0.7334956859374999 0.6399570265625 0.8590343062500001 0.8555755578124999 0.784493275
4 0.906932059375 0.6437959265625001 0.8666873125000001 0.594348621875 0.8148445015625001 0.63683924375 0.8550892515624999 0.6862865499999999 0.906932059375 0.6437959265625001
4 1 0.5481397125 0.9286332906249999 0.563685921875 0.9598870984375001 0.7190466609375 1 0.7103086421875 1 0.5481397125
4 0.7967166546875 0.8258927828125 0.4184489359375 0.78235105625 0.39691812187500003 0.9450889203124999 0.77518584375 0.988630646875 0.7967166546875 0.8258927828125
4 0.285039525 1 0.289360359375 0.951088990625 0.151650365625 0.9413111546874999 0.1464638125 1 0.285039525 1
4 0.7850721234375 1 0.850479728125 0.952369775 0.8151967906250001 0.9033645109374999 0.727131803125 0.967493984375 0.750535571875 1 0.7850721234375 1
4 1 0.840009084375 0.9173762062499999 0.8700541109375 0.94901474375 0.9608583109375 1 0.942318209375 1 0.840009084375
0 0.328833884375 0 0 0.07163173125 0 0.7057656999999999 0.024488934375 0.8274986703125 1 0.61499761875 1 0.27966466875 0.9437400609375001 0 0.328833884375 0
0 1 0.5386698484375 0.5713748562500001 0.7254381578125 0.6764631999999999 0.9747347171875 1 0.8337561703124999 1 0.5386698484375
0 0.5424994484375001 1 0.8302639734374999 0.8767337328125 0.739358696875 0.657179296875 0.163236009375 0.903966121875 0.202998296875 1 0.5424994484375001 1
0 0.8436307515625 1 0.98761411875 0.94914876875 0.9525721828125 0.8454220796874999 0.5712066734375 0.9801105921875 0.5779259031249999 1 0.8436307515625 1
0 0 0.7057656984375 0.035675531249999996 0.8831065484374999 0.13952687187499999 0.9072928265625 0.534230953125 0.7302427140625001 0 0.4773801765625 0 0.7057656984375
4 0.303125 0.753125 0.103125 0.0765625
4 0.09375 0.84921875 0.0875 0.071875
4 0.4078125 0.2640625 0.475 0.5125