4 0 0.32378201875 0.2098877890625 0.4760231015625 0.2696039609375 0.3936963703125 0.0238564359375 0.21544224375 0 0.24833112656249998 0 0.32378201875
4 0.575526403125 0.0654224421875 0.58300165 0.128966996875 0.6803762375 0.1175115515625 0.672900990625 0.05396699687499999 0.575526403125 0.0654224421875
4 0.652963696875 0.3457689765625 0.65568646875 0.39205775625 0.718528053125 0.3883613859375 0.71580528125 0.3420726078125 0.652963696875 0.3457689765625
4 0.713399340625 0.1956122109375 0.7205726078125 0.24343069375 0.7808217828124999 0.23439273906250002 0.773650165625 0.1865742578125 0.713399340625 0.1956122109375
4 0.7000214515625001 0.7420214515625 0.7124174921875001 0.8453135312500001 0.8869471953125 0.8243696375 0.8745528046875 0.7210775578125 0.7000214515625001 0.7420214515625
4 0.4844867984375 0.68569471875 0.49836138593749996 0.8013267328125 0.695787128125 0.7776353140625 0.6819125406250001 0.6620033000000001 0.4844867984375 0.68569471875
4 0.6863465343749999 0.6431369640625 0.712283828125 0.6931584156249999 0.7639834984375 0.666351484375 0.7380462046875 0.6163300328125 0.6863465343749999 0.6431369640625
4 0.7963580859375 0.7409240921875 0.9344818484375 0.7409240921875 0.9344818484375 0.6015775578125 0.7963580859375 0.6015775578125 0.7963580859375 0.7409240921875
4 0.2754785484375 0.8297788781250001 0.59181023125 0.9379967 0.6382689765625 0.80219141875 0.32193729375 0.693973596875 0.2754785484375 0.8297788781250001
4 0.0485429046875 0.8405132015625 0.164752475 0.8746930687500001 0.1823663359375 0.8148019796874999 0.066158415625 0.7806237625 0.0485429046875 0.8405132015625
4 0.122722771875 0.88430528125 0.21476567656249998 0.9149851484375 0.2245445546875 0.885650165625 0.13250165 0.854968646875 0.122722771875 0.88430528125
4 0.5543118812500001 0.910839934375 0.5760775578125 0.9595528046874999 0.6625132015624999 0.92093234375 0.640747525 0.872219471875 0.5543118812500001 0.910839934375
4 0.7339587453124999 0.8627227718749999 0.745405940625 0.9466699671875001 0.9767392734375001 0.9151237625 0.9652920796875 0.8311765671875 0.7339587453124999 0.8627227718749999
0 0 0 0 0.659026403125 0.9063679875 0.659026403125 0.9063679875 0 0 0
0 0.46265676562499997 0.67369471875 0.50968811875 0.9075775578125 0.9980445546875 0.8093745875 0.9510132015625 0.5754934 0.46265676562499997 0.67369471875
0 0.0825082515625 0.7507029703125 0.1225198015625 0.9563745875 0.6582326734375 0.852156765625 0.618221121875 0.6464851484375 0.0825082515625 0.7507029703125
4 0.2740590390625 1 0.44918646874999996 0.9874900984374999 0.44362706249999995 0.9096567656250001 0.2627706265625 0.9225759078125 0.2683008015625 1 0.2740590390625 1
0 0.418653465625 0.89249505 0.430788778125 0.98818316875 0.780466996875 0.9438333328124999 0.7683316828125 0.8481452140625001 0.418653465625 0.89249505
0 0 0.7198676484375001 0.061638229687500004 0.7491236453125001 0.4300308890625 0.6708705562499999 0 0.34115309374999997 0 0.7198676484375001
4 0.22890625 0.64765625 0.078125 0.05
4 0.0328125 0.69140625 0.065625 0.053125
4 0.4015625 0.24609375 0.3375 0.3828125