4 0.439068540625 1 0.5428132140625 0.7646179578125001 0.4471025703125 0.72109274375 0.32417203125 1 0.439068540625 1
4 0.050584403124999996 0.4792455734375 0.11270696250000001 0.458889740625 0.0798487140625 0.3631304859375 0.017726154687500002 0.38348632031249996 0.050584403124999996 0.4792455734375
4 0.3149035203125 0.34466332187500004 0.3607537640625 0.3325772265625 0.3432575828125 0.2700319375 0.29740733750000004 0.282118034375 0.3149035203125 0.34466332187500004
4 0.1509722515625 0.314105625 0.19738103125 0.2972283890625 0.1750937 0.23837231874999998 0.1286845578125 0.25524789062500003 0.1509722515625 0.314105625
4 0.702191396875 0.2172813609375 0.803118265625 0.1839460921875 0.7438115640625 0.012394740625000001 0.6428843343749999 0.045728346875 0.702191396875 0.2172813609375
4 0.6929586171875 0.4457290109375 0.805943375 0.4084136765625 0.7388564468750001 0.2143569984375 0.6258716875 0.2516723328125 0.6929586171875 0.4457290109375
4 0.60596781875 0.2510149484375 0.6504703953125001 0.2147946734375 0.612228834375 0.168136146875 0.567726259375 0.20435641875 0.60596781875 0.2510149484375
4 0.6799544953125001 0.12047661093749999 0.6553715999999999 0.007625939062500001 0.5265557828125 0.00612703125 0.50982616875 0.009492515625 0.5401298296875 0.1486050390625 0.6799544953125001 0.12047661093749999
4 0.883392528125 0.627148690625 0.9225800828124999 0.286707740625 0.7761160046875 0.2673300109375 0.73692845 0.6077709578125 0.883392528125 0.627148690625
4 0.9439522265625 0.8535420281249999 0.9527535765625 0.7296010374999999 0.8887925921875001 0.7239506765625 0.8799925390625001 0.8478896703125001 0.9439522265625 0.8535420281249999
4 0.971619875 0.76999129375 0.9822112609375001 0.6710964765625 0.9506301859375 0.667169140625 0.9400371453125 0.7660642953125001 0.971619875 0.76999129375
4 0.9035570859375 0.3299563765625 0.9476618218749999 0.29820173125 0.8899452968749999 0.21894324531249998 0.8458405593749999 0.2506978890625 0.9035570859375 0.3299563765625
4 0.8975849796875 0.13026173125 0.8538298640624999 0.009935209375 0.7613603859375 0.008859229687500001 0.8158612 0.1587364140625 0.8975849796875 0.13026173125
0 0.5903307250000001 1 0.7775613031249999 0.9623349593749999 0.5736401734375 0.0262110328125 0.0008228984375 0.1414442703125 0.0032146546875 0.552552115625 0.1006847390625 1 0.5903307250000001 1
0 0.9100737453125 0.3755581203125 0.7502312375 0.00872973125 0.48330042500000003 0.005623709375 0.6857068421875 0.4701376296875 0.9100737453125 0.3755581203125
0 1 0.6529744015625 0.8218728593750001 0.23713742343750002 0.6242738671875 0.3189521734375 0.846382009375 0.8374625921875 1 0.7738579265625 1 0.6529744015625
4 1 0.44713375468749994 0.9947014484375 0.4228101296875 0.9266535515625 0.4416723671875 0.97929601875 0.6212156140625 1 0.6154766656249999 1 0.44713375468749994
0 0.9819302296875 0.364182346875 0.8870463921875 0.09552229375 0.793692371875 0.12706003593749998 0.9149120328125001 0.47028899375 0.9988657703125 0.44192694374999997 0.9819302296875 0.364182346875
0 0.5903307234375 1 0.82760839375 0.9522670218749999 0.8493760437500001 0.858800815625 0.6900309421874999 0.5035671421875 0.455059025 1 0.5903307234375 1
4 0.7109375 0.71171875 0.06875 0.0921875
4 0.796875 0.9 0.065625 0.078125
4 0.2703125 0.6171875 0.4609375 0.4265625