4 0 0.7700452359375001 0.2056136828125 0.6274929640625 0.14260919375 0.536988484375 0 0.63585831875 0 0.7700452359375001
4 0.635865590625 1 0.64448011875 0.9364071781250001 0.5394264640624999 0.9215727296875 0.5301460078125 0.9900814499999999 0.6003865609375 1 0.635865590625 1
4 0.6229692578125 0.6389792140624999 0.619152234375 0.6889526265625 0.6870193296875 0.69452995 0.690836353125 0.6445565375 0.6229692578125 0.6389792140624999
4 0.690311790625 0.8012898156249999 0.68165455625 0.852804975 0.7466200328125 0.8640917937499999 0.755275484375 0.8125765921875001 0.690311790625 0.8012898156249999
4 0.692853184375 0.15040046406250002 0.6775029046875 0.26175566093749997 0.865790228125 0.28878934375 0.8811387249999999 0.17743410625 0.692853184375 0.15040046406250002
4 0.46061113125 0.192567584375 0.44342956093749997 0.31722605000000004 0.6564157328125 0.3478061078125 0.6735973015625001 0.22314764375 0.46061113125 0.192567584375
4 0.6898374640625 0.3148891171875 0.660853225 0.3683137171875 0.7162389046875 0.398595071875 0.7452231421875 0.345170471875 0.6898374640625 0.3148891171875
4 0.93095289375 0.2688415921875 0.7816299078125 0.26536606093750004 0.779000390625 0.41601096406250004 0.9283233781250001 0.41948649531250004 0.93095289375 0.2688415921875
4 0.56421591875 0.0471676703125 0.2201936140625 0.1562002328125 0.2678565921875 0.3041857671875 0.6118788984375 0.19515320625000002 0.56421591875 0.0471676703125
4 0 0.20218070937500002 0.1192491453125 0.1700485421875 0.101337296875 0.1048582109375 0 0.1321649640625 0 0.20218070937500002
4 0.15616594687500002 0.06255765937499999 0.0560811671875 0.0934090625 0.0660993328125 0.12537040156249998 0.166184146875 0.0945172171875 0.15616594687500002 0.06255765937499999
4 0.54761439375 0.023467901562499997 0.5231647046875 0.0755827859375 0.6158798609375 0.11950956875 0.6403295531250001 0.06739468125 0.54761439375 0.023467901562499997
4 0.730429003125 0.0416560078125 0.7164695453125 0.1321216921875 0.965964346875 0.172046609375 0.979923803125 0.081580925 0.730429003125 0.0416560078125
0 0.8877847640625 1 0.8990140921875 0.356672221875 0 0.33574743749999997 0 1 0.8877847640625 1
0 1 0.196224075 0.47486123750000003 0.07798683437500001 0.41960308281250003 0.329649725 0.9457028921875 0.448101553125 1 0.2008171921875 1 0.196224075
0 0.0572217109375 0.015491192187499999 0.0100848875 0.2368320953125 0.5872673109375001 0.3629798546875 0.6344041359375 0.1416389484375 0.0572217109375 0.015491192187499999
4 0.2131528890625 0 0.2082064328125 0.055559356250000004 0.403483115625 0.0740767859375 0.41007818125 0 0.2131528890625 0
0 0.389473759375 0 0.376160784375 0.09200159531249999 0.7533543921875 0.148746121875 0.76827931875 0.045604860937500005 0.46513355624999997 0 0.389473759375 0
0 0 0.6138025125000001 0.38427857187500003 0.331881928125 0 0.24097314062500003 0 0.6138025125000001
4 0.165625 0.35234375 0.0875 0.0578125
4 0.34765625 0.7890625 0.3734375 0.421875