0 0.4978167671875 1 0.309854396875 0.1962191609375 0 0.2806057703125 0 0.994084871875 0.20328976718749997 1 0.4978167671875 1
4 0.3124873640625 0.8990619093750001 0.274833571875 0.8916919546875001 0.2638133546875 0.9553551812500001 0.3014689921875 0.9627250593750001 0.3124873640625 0.8990619093750001
4 0.2763827359375 0.6230503765625001 0.236673084375 0.492702715625 0.1452804640625 0.5186244203125 0.1849901171875 0.6489720859375 0.2763827359375 0.6230503765625001
4 0.4906159234375 1 0.3076176703125 0.20325032968749998 0.27906616562500003 0.20917971406250002 0.460700465625 1 0.4906159234375 1
4 0.30897066406249996 0.2684882234375 0.1940837734375 0.20513648281250002 0.08463419531250001 0.409877740625 0.19951923437500002 0.4732295578125 0.30897066406249996 0.2684882234375
4 0 0.929813503125 0.0600698375 0.9681007749999999 0.2358501703125 0.68587554375 0.0484053125 0.5664013031249999 0 0.644117765625 0 0.929813503125
4 0.4445636125 0.9101788624999999 0.35332953125 0.5609875140625 0.2130725671875 0.5946026468750001 0.30430652343750003 0.9437921453125 0.4445636125 0.9101788624999999
4 0.3501220890625 0.519076296875 0.3014686359375 0.3793539515625 0.17983415625000002 0.4192346140625 0.22848575937499999 0.5589570328125 0.3501220890625 0.519076296875
0 1 0.326669609375 0.9620266265625 0.016572378125000002 0.3324497203125 0.1828945515625 0.5156785796875 1 0.5208238374999999 1 1 0.582212809375 1 0.326669609375
4 0.6468997812499999 0.4763644875 0.6020599640625 0.47435617187499995 0.600320340625 0.555147978125 0.6451601609375001 0.5571562937500001 0.6468997812499999 0.4763644875
4 0.6257802296875 0.630011778125 0.60727729375 0.3408076265625 0.4280165703125 0.348123828125 0.44651950625000003 0.6373279796875 0.6257802296875 0.630011778125
4 0.7651137046875001 0.2520514140625 0.7394838671875 0.1223349765625 0.3799496078125 0.185347325 0.40557944375000005 0.3150637625 0.7651137046875001 0.2520514140625
4 1 0.142896625 0.849175146875 0.044407778125000005 0.6412125484375 0.36989954375 0.8153649656249999 0.48362166249999994 1 0.1946387640625 1 0.142896625
0 1 0.599435590625 0.544364296875 1 0.7070070937499999 1 1 0.9880420265625001 1 0.599435590625
4 0.8203355437500001 0.6763298515625 0.7273813109375 0.5676606484375 0.56933045 0.7019610453125 0.6622846828125 0.8106302515625 0.8203355437500001 0.6763298515625
4 0.994991225 0.3964435296875 0.9665964125000001 0.3708061671875 0.9083233999999999 0.43570965937499995 0.93671833125 0.46134887031250005 0.994991225 0.3964435296875
4 0.0421875 0.4078125 0.084375 0.234375
4 1 0.6049454812499999 0.6666729703125001 0.8999881609375 0.6539718875 1 0.7070071125 1 1 0.9880420265625001 1 0.6049454812499999