0 0.5354179421875 1 0.9718847765625 0.972075371875 0.98595953125 0.488357434375 0.9858684484375001 0.486125734375 0.24216316875000002 0.6600395671875 0.3347489390625 1 0.5354179421875 1
4 0.8857035609375 0.6576287578125 0.8789554453124999 0.6921055109375 0.9372470875 0.702195896875 0.9439951328125 0.6677174546875 0.8857035609375 0.6576287578125
4 0.6329805015625001 0.6906870578125 0.5136309234375 0.7270462078125 0.537365484375 0.8107275749999999 0.656715065625 0.7743684234375 0.6329805015625001 0.6906870578125
4 0.9858314359374999 0.49275977343750005 0.24860108281249998 0.6620875703125 0.25403017499999997 0.6882300421875 0.9850290671874999 0.520335421875 0.9858314359374999 0.49275977343750005
4 0.3083345296875 0.6608487359375 0.2503280921875 0.7660420453125 0.43779430625 0.866256815625 0.4958008140625 0.7610652015625 0.3083345296875 0.6608487359375
4 0.6905047953125 0.7277996875 0.58111119375 0.8994288859375 0.7232840625 0.98798055 0.8925722140625 0.9771496953125001 0.948917271875 0.8887485546875 0.6905047953125 0.7277996875
4 0.5526445437499999 0.953227515625 0.5642806546875 0.9981533984375 0.647020196875 0.992859821875 0.6310606171875001 0.9312414625000001 0.5526445437499999 0.953227515625
4 0.8958825203125 0.5366964421875 0.5761541921875 0.6202326484375 0.6069330484375 0.74865543125 0.9266596828125 0.6651193390625 0.8958825203125 0.5366964421875
4 0.5377792343750001 0.6231694625 0.40984596250000005 0.6677177796875 0.44636169375 0.77908935 0.5742950328124999 0.7345427265625 0.5377792343750001 0.6231694625
0 0.56446321875 0.0032839515625000004 0.077674084375 0.0628943703125 0.22996282343750002 0.639350725 0.9815608203125 0.470811346875 0.5739782953125 0.0033393078125 0.56446321875 0.0032839515625000004
4 0.498671234375 0.3514323875 0.4968323703125 0.3924888453125 0.5708073671875 0.3940816875 0.57264623125 0.35302522812500003 0.498671234375 0.3514323875
4 0.639354534375 0.3707699765625 0.3745519828125 0.387711728125 0.3812508796875 0.551847328125 0.64605343125 0.5349055765624999 0.639354534375 0.3707699765625
4 0.2932845765625 0.2431927640625 0.17451296249999998 0.266660084375 0.23220864375 0.595858640625 0.3509802578125 0.572391321875 0.2932845765625 0.2431927640625
4 0.40118927031249996 0.3566397609375 0.505316084375 0.197181453125 0.2267081546875 0.019175125 0.19798395625 0.021012865625 0.103160871875 0.16622400625 0.40118927031249996 0.3566397609375
0 0.9662575421874999 0.0056215218749999995 0.5896484390625 0.003430475 0.9844987906249999 0.4525665265625 0.9662575421874999 0.0056215218749999995
4 0.6817645203125 0.1926302671875 0.58226428125 0.2777414875 0.7052330828125 0.42245680625000004 0.8047333234374999 0.3373455875 0.6817645203125 0.1926302671875
4 0.42549360625 0.032711159375 0.402019396875 0.058710159375 0.46144665625 0.1120663875 0.484922559375 0.08606727812500001 0.42549360625 0.032711159375
4 0.4359375 0.93359375 0.215625 0.1328125
4 0.6008986921874999 0.0034959265625 0.5952928234375 0.0042753609375 0.886551659375 0.3333275609375 0.9801172296875 0.34520999531249996 0.9662575421874999 0.0056215218749999995 0.6008986921874999 0.0034959265625