0 0.6602658296875 1 0.76145921875 0.6277821718750001 0.0007779921875 0.4542935078125 0 0.45522402812499996 0 0.9802764093749999 0.339054090625 1 0.6602658296875 1
4 0.04925349375 0.6397179375000001 0.056101284375000005 0.6746720921875 0.1152545328125 0.664086715625 0.108406671875 0.6291342796875 0.04925349375 0.6397179375000001
4 0.340779840625 0.7462677515625 0.46189352499999997 0.782466025 0.48597890625 0.697393284375 0.3648652234375 0.6611950109375 0.340779840625 0.7462677515625
4 0 0.4886698140625 0.7494168078125 0.656464228125 0.7549261453125 0.6298988046875 0 0.460868859375 0 0.4886698140625
4 0.5040725625 0.731815696875 0.5629364625 0.8382377890624999 0.7531736078125 0.735417878125 0.6943097781249999 0.6289940671875 0.5040725625 0.731815696875
4 0.22561904375 0.9934012109375001 0.41750121093750003 0.8727519046875001 0.306490665625 0.6992021546875 0.044258603125000004 0.8640831125 0.123163659375 0.9874411359374999 0.22561904375 0.9934012109375001
4 0.427561096875 1 0.4463886265625 0.9271869265625 0.3668134875 0.9053350281249999 0.3423356328125 1 0.427561096875 1
4 0.066845178125 0.6369786359375 0.39129768593750003 0.7198764062499999 0.42253148124999995 0.5893516546875001 0.098077259375 0.506453784375 0.066845178125 0.6369786359375
4 0.42441812187499994 0.7053600078125 0.554242440625 0.74981750625 0.5912979109375 0.6365650640625 0.4614736625 0.5921058515625 0.42441812187499994 0.7053600078125
0 0.392839821875 0 0.0111325484375 0.4400893015625 0.773839896875 0.6067119562500001 0.9283796125 0.020737003125 0.75062345625 0 0.392839821875 0
4 0.42609129375 0.3181280453125 0.4279573359375 0.35978755625000003 0.5030257578125 0.35773420625 0.5011597140624999 0.31607469374999997 0.42609129375 0.3181280453125
4 0.351599065625 0.503161340625 0.6203156562500001 0.5187932296875 0.62711356875 0.3521638078125 0.358396978125 0.3365319203125 0.351599065625 0.503161340625
4 0.6510337078124999 0.53946571875 0.77156088125 0.5625828046875 0.8301093609375 0.228121234375 0.7095821859375 0.2050041515625 0.6510337078124999 0.53946571875
4 0.7418529515625 0 0.49441664531249996 0.1595565125 0.6000825578125 0.320784475 0.9025161046875001 0.1257621578125 0.8200940921875001 0 0.7418529515625 0
0 0.001223659375 0 0 0.029994162499999998 0 0.4309098109375 0.3768360890625 0 0.001223659375 0
4 0.19057373125 0.303584009375 0.29154468125 0.389380503125 0.4163310796875 0.24177538437499999 0.3153601296875 0.155978890625 0.19057373125 0.303584009375
4 0.566739603125 0 0.5151116078125 0.0466604921875 0.5389345062500001 0.0729097734375 0.5992401593750001 0.018404910937499998 0.5825376703125 0 0.566739603125 0
4 0.01015625 0.93046875 0.01875 0.1
4 0.56484375 0.9203125 0.221875 0.159375
4 0.003125 0.6765625 0.00625 0.05
4 0.001223659375 0 0 0.029994153125 0 0.31270010312499996 0.0057608 0.31350949375 0.1075460390625 0.2999888984375 0.3716749125 0 0.001223659375 0