0 0.6588585250000001 1 0.7554876140625 0.6445709515625 0.025903420312499998 0.478174590625 0.0079538703125 0.49964322499999997 0.022002740625 0.9824715421875 0.3233218765625 1 0.6588585250000001 1
4 0.07239721875 0.6560187765625 0.0789650671875 0.6895439875 0.1357001015625 0.6793913468749999 0.1291321859375 0.645867784375 0.07239721875 0.6560187765625
4 0.352005821875 0.7582127796875 0.4681683171875 0.79293125 0.4912690765625 0.711336325 0.37510658124999996 0.67661785625 0.352005821875 0.7582127796875
4 0.01013873125 0.507782934375 0.7439375046875 0.6720804703125001 0.7492216171875 0.6466010546875001 0.015424560937500002 0.48230196718749996 0.01013873125 0.507782934375
4 0.5086230546875 0.7443515328125 0.56508056875 0.8464230359375 0.747540725 0.74780645625 0.691083278125 0.645733303125 0.5086230546875 0.7443515328125
4 0.24155285625 0.9952432999999999 0.42559078437500003 0.8795261984374999 0.31911840625 0.7130712484374999 0.067606521875 0.8712117906250001 0.14328590000000002 0.9895268765624999 0.24155285625 0.9952432999999999
4 0.435645978125 1 0.4532972671875 0.9317358890625 0.3769752 0.91077730625 0.35390457343750004 1 0.435645978125 1
4 0.089269746875 0.653391459375 0.40045847187500005 0.7329003265625 0.430415415625 0.6077114921875 0.11922504375000001 0.528202528125 0.089269746875 0.653391459375
4 0.432224928125 0.718977365625 0.5567419640625 0.7616174203125 0.5922825875 0.65299479375 0.46776561875 0.6103530953125 0.432224928125 0.718977365625
0 0.9155842203125 0.06234209375000001 0.43346904375 0.00609861875 0.035834678125000005 0.464551059375 0.767362165625 0.6243620953125 0.9155842203125 0.06234209375000001
4 0.4338297 0.3475756421875 0.4356194578125 0.3875320890625 0.50761904375 0.3855626828125 0.5058292859375 0.34560623125 0.4338297 0.3475756421875
4 0.3623827515625 0.5250446828124999 0.620114071875 0.54003753125 0.6266340828125 0.3802200046875 0.3689027625 0.36522715625 0.3623827515625 0.5250446828124999
4 0.6495763546875 0.55986491875 0.7651763171875 0.5820369671875001 0.8213313046874999 0.261248353125 0.705731340625 0.2390763078125 0.6495763546875 0.55986491875
4 0.772878228125 0.019112656250000002 0.49936187812500005 0.1954865921875 0.6007081125 0.350123475 0.890778025 0.1630737671875 0.797362234375 0.02053695 0.772878228125 0.019112656250000002
0 0.027665365625 0.009741810937500001 0.009381535937500001 0.45791237812499996 0.020497421874999998 0.4610752984375 0.41917825937500003 0.005186146875 0.027665365625 0.009741810937500001
4 0.20794021406250002 0.3336261734375 0.30478342187499996 0.4159152625 0.4244684890625 0.27434431406250004 0.32762528125 0.192055225 0.20794021406250002 0.3336261734375
4 0.51921081875 0.0872058171875 0.542059825 0.11238201562500001 0.599900153125 0.0601053390625 0.5770527953125 0.034929235937500004 0.51921081875 0.0872058171875
4 0.03125 0.93515625 0.025 0.096875
4 0.5671875 0.92421875 0.2125 0.15
4 0.021875 0.6921875 0.01875 0.0484375
4 0.41178785937500006 0.0082094828125 0.3915137375 0.0055080515625 0.027665365625 0.009741810937500001 0.014158329687499999 0.340824253125 0.030682528125000004 0.3431458984375 0.1283067359375 0.33017803125 0.41178785937500006 0.0082094828125