0 0.6787701187499999 1 0.7727525515625 0.6549112390625 0.0000717421875 0.47422154218749996 0 0.47597935312499995 0 0.4773268578125 0.014600232812499999 0.9791042828125001 0.3412039609375 1 0.6787701187499999 1
4 0.11115018593749999 0.6882265046875 0.10413915781250001 0.6524065015625 0.0435764859375 0.6628882640625 0.0505874421875 0.6987100234375 0.11115018593749999 0.6882265046875
4 0.49070813125 0.724528528125 0.36670857031250004 0.6867527875 0.3420492828125 0.773694465625 0.466048846875 0.8114702078124999 0.49070813125 0.724528528125
4 0.7660638093750001 0.657039034375 0.00011019687500000001 0.48111404999999996 0.0009438265625 0.509764075 0.7604231953125 0.68420004375 0.7660638093750001 0.657039034375
4 0.7642695140625 0.7650436828125 0.7040030859375 0.6557519328125 0.5092329203125 0.7598729359374999 0.569499421875 0.869162925 0.7642695140625 0.7650436828125
4 0.038462575 0.892530965625 0.09700289375 0.98437630625 0.2728866890625 0.9956291421874999 0.42059875937499996 0.9036274140625 0.3069430703125 0.7253113640625 0.038462575 0.892530965625
4 0.4396904453125 1 0.4501745 0.9595220937500001 0.3687032546875 0.9366794421875 0.35230279375 1 0.4396904453125 1
4 0.425748890625 0.6135534015624999 0.093563615625 0.5267625375 0.061587342187500005 0.6601889234375 0.393770859375 0.74697966875 0.425748890625 0.6135534015624999
4 0.5985366625 0.6628886015625 0.4656189765625 0.6166046359374999 0.42768048593749997 0.7323171187499999 0.560598240625 0.778599325 0.5985366625 0.6628886015625
0 0.40414189375 0 0.0045471999999999995 0.458310490625 0.7854282359375 0.6334163375 0.9436503015625 0.03450064375 0.6619119890625 0 0.40414189375 0
4 0.5081611734375 0.3769364625 0.506250665625 0.334280403125 0.42939352656249996 0.3359353015625 0.431304034375 0.3785913640625 0.5081611734375 0.3769364625
4 0.6352057328125 0.3719732234375 0.3600861984375 0.3543714046875 0.3531263046875 0.5249018984375 0.6282458390625 0.5425037171875 0.6352057328125 0.3719732234375
4 0.84303848125 0.2462052828125 0.7196394015625 0.2218236515625 0.6596958359375 0.5638481265624999 0.783094915625 0.58822975625 0.84303848125 0.2462052828125
4 0.771715140625 0 0.49934692500000005 0.1740196921875 0.6075306281249999 0.3396906609375 0.9171705234375 0.1418561109375 0.8245382781249999 0 0.771715140625 0
0 0.0194262328125 0 0.0014947625000000001 0.4393548328125 0.387746121875 0 0.0194262328125 0
4 0.41940074687499995 0.257718428125 0.316023875 0.1692911859375 0.1882640796875 0.319644765625 0.291640953125 0.40807200625 0.41940074687499995 0.257718428125
4 0.6066681593750001 0.030153412499999997 0.5822793703125 0.0031414640624999996 0.520535003125 0.05857639218750001 0.5449255515625 0.08558845468750001 0.6066681593750001 0.030153412499999997
4 0.57109375 0.93515625 0.225 0.1296875
4 0.0194262328125 0 0.006047034375 0.3278155796875 0.103258015625 0.31547019375 0.382494809375 0 0.0194262328125 0