0 0.5918694375 1 0.9718847765625 0.9778935953125 0.9858458406249999 0.4980829546875 0.9680084765625001 0.47674849999999996 0.24298418281249998 0.6421048828125 0.3402837125 1 0.5918694375 1
4 0.9152784640625 0.6867968375 0.9218052640625001 0.653481159375 0.865424890625 0.6433936109375 0.8588980234375001 0.6767076515625 0.9152784640625 0.6867968375
4 0.528507734375 0.7895379296875 0.6439442140625 0.75503645 0.6209878343749999 0.6739514953125 0.5055513546875 0.7084529734375 0.528507734375 0.7895379296875
4 0.2544621046875 0.6694424671875 0.9836746359375 0.5061717906250001 0.9784218421875 0.48085007968750004 0.2492110171875 0.6441222984375 0.2544621046875 0.6694424671875
4 0.43220118437500005 0.8426953921875 0.4883058390625 0.7412618359375001 0.3069859921875 0.6432599703124999 0.2508814046875 0.744695165625 0.43220118437500005 0.8426953921875
4 0.8513596375000001 0.9849048328125001 0.92656601875 0.8673292171875 0.6766260843749999 0.710177053125 0.5708191578124999 0.8755916593749999 0.7537068484375 0.9905855296875 0.8513596375000001 0.9849048328125001
4 0.5918694328125 1 0.6425077 0.99705425 0.6191308953125 0.9066474484375 0.5432858406250001 0.9274750390625 0.562038871875 1 0.5918694328125 1
4 0.59579439375 0.7298822 0.9050381890624999 0.6508702625 0.8752701125 0.5264637624999999 0.5660246812499999 0.6054757953125 0.59579439375 0.7298822
4 0.44048767343749995 0.7584198109375 0.5642264781249999 0.7160462578125 0.528907915625 0.6081008890625 0.405169178125 0.6504760765625 0.44048767343749995 0.7584198109375
0 0.5629901375 0.007623003125 0.08388818125 0.06351495625 0.2311838484375 0.6220223328125 0.9581392890625 0.46321011562500003 0.5629901375 0.007623003125
4 0.5608531640625001 0.3866725140625 0.5626317359375 0.34696579375000003 0.491082146875 0.3450086921875 0.489303575 0.384715415625 0.5608531640625001 0.3866725140625
4 0.377511640625 0.538224796875 0.633632140625 0.523325653125 0.6271528796875 0.36450698593749997 0.3710323796875 0.3794061296875 0.377511640625 0.538224796875
4 0.233356034375 0.5799617359375 0.348233496875 0.5579282625 0.2924294796875 0.23914458125000002 0.177552015625 0.2611780515625 0.233356034375 0.5799617359375
4 0.20137127968750002 0.02197109375 0.1085393375 0.16361705625 0.39679631249999997 0.349497703125 0.497509134375 0.1958273015625 0.22570226093749998 0.0205557015625 0.20137127968750002 0.02197109375
0 0.9844270984374999 0.45661292500000006 0.9662575421874999 0.011243425 0.5771916046875 0.0067162328125 0.9733806875000001 0.459756078125 0.9844270984374999 0.45661292500000006
4 0.690871475 0.4148782921875 0.7871094125 0.333103509375 0.6681723765625 0.1924173796875 0.5719344390625001 0.2741921625 0.690871475 0.4148782921875
4 0.4550780484375 0.11324212812500001 0.4777842484375 0.08822328125 0.420303784375 0.036273428125 0.3975992234375 0.06129218125 0.4550780484375 0.11324212812500001
4 0.9625 0.93125 0.025 0.0953125
4 0.43125 0.92265625 0.2109375 0.1546875
4 0.971875 0.6890625 0.01875 0.0484375
4 0.6046832234374999 0.0070361265625 0.5845358140625 0.0097206734375 0.86624518125 0.32967691875 0.9632592375 0.3425637359375 0.9796801593750001 0.34025660156250004 0.9662575421874999 0.011243425 0.6046832234374999 0.0070361265625