4 0.919259375 0.8548656250000001 0.47297500000000003 0.294878125 0.3153359375 0.42050937499999996 0.7616203125000001 0.980496875 0.919259375 0.8548656250000001
4 0.9984375 0.6818500000000001 0.8160109375 0.665265625 0.8096734375000001 0.734975 0.9955578125000001 0.7518734375 0.9984375 0.720196875 0.9984375 0.6818500000000001
4 0.6124421875 0.6431140625 0.5833984375 0.5692406250000001 0.42299687500000005 0.6323046875 0.452040625 0.7061765624999999 0.6124421875 0.6431140625
4 0.6621546875 0.71843125 0.4244203125 0.6899031250000001 0.406434375 0.83978125 0.64416875 0.8683093749999999 0.6621546875 0.71843125
4 0.6413765625 0.876909375 0.5625875 0.8541484374999999 0.553596875 0.8852703125 0.6323859374999999 0.90803125 0.6413765625 0.876909375
4 0.3949390625 0.8866140625 0.3546078125 0.8597265625 0.32415937499999997 0.9054 0.364490625 0.9322874999999999 0.3949390625 0.8866140625
4 0.342884375 0.6200328125000001 0.300178125 0.617784375 0.298621875 0.6473687499999999 0.341328125 0.6496171875 0.342884375 0.6200328125000001
4 0.2598625 0.6327812500000001 0.2378078125 0.6056359375 0.198025 0.6379578125 0.22008125 0.6651046875 0.2598625 0.6327812500000001
4 0.2798578125 0.7743765625 0.266684375 0.7524203125 0.23025937500000002 0.774275 0.24343281249999998 0.7962312500000001 0.2798578125 0.7743765625
4 0.883275 0.6118640625 0.7629953125 0.532821875 0.7326109375 0.579059375 0.852890625 0.6581 0.883275 0.6118640625
4 0.913715625 0.2159765625 0.9072125 0.1737078125 0.801540625 0.189965625 0.8080437500000001 0.232234375 0.913715625 0.2159765625
4 0.8525937499999999 0.1433203125 0.7592125000000001 0.11502343749999999 0.748903125 0.1490421875 0.8422859375 0.1773390625 0.8525937499999999 0.1433203125
4 0.700684375 0.2045140625 0.6022328124999999 0.165990625 0.5530515625 0.29167343749999997 0.651503125 0.3301984375 0.700684375 0.2045140625
4 0.53258125 0.158159375 0.3994796875 0.158159375 0.3994796875 0.2739 0.53258125 0.2739 0.53258125 0.158159375
4 0.258275 0.27852968749999996 0.16336875 0.270428125 0.16281718750000002 0.27687343750000004 0.257725 0.2849765625 0.258275 0.27852968749999996
4 0.3049671875 0.220671875 0.190309375 0.16554843749999998 0.1449640625 0.259865625 0.259621875 0.31499062499999997 0.3049671875 0.220671875
4 0.374015625 0.3248265625 0.362428125 0.2935390625 0.31625000000000003 0.3106421875 0.3278390625 0.3419296875 0.374015625 0.3248265625
4 0.49101875 0.3182390625 0.3827625 0.22760625 0.3513765625 0.26509375 0.45963281250000004 0.355728125 0.49101875 0.3182390625
4 0.3191484375 0.382628125 0.314621875 0.3373625 0.2560640625 0.34321875 0.26059062499999996 0.388484375 0.3191484375 0.382628125
4 0.241909375 0.3087984375 0.10191093749999999 0.2551 0.047678125 0.39649375 0.1876765625 0.4501921875 0.241909375 0.3087984375
4 0.44066875000000005 0.130790625 0.4254875 0.0700609375 0.3484171875 0.08932812500000001 0.36360000000000003 0.1500578125 0.44066875000000005 0.130790625
4 0.741840625 0.076678125 0.5437453125 0.0454 0.535215625 0.09942656250000001 0.7333093749999999 0.1307046875 0.741840625 0.076678125
4 0.5260171875 0.057668750000000005 0.4691546875 0.056089062499999995 0.4684328125 0.082078125 0.5252953125000001 0.0836578125 0.5260171875 0.057668750000000005
4 0.2820765625 0.16796093750000002 0.2694203125 0.0751484375 0.0249140625 0.10848906250000001 0.0375703125 0.201303125 0.2820765625 0.16796093750000002
4 0.9675874999999999 0.3384484375 0.9642765624999999 0.311953125 0.9064421875 0.31918125 0.9097531249999999 0.345678125 0.9675874999999999 0.3384484375
4 0.9726609375 0.42206875000000005 0.9352218750000001 0.4191890625 0.9329421874999999 0.4488390625 0.97038125 0.45171875000000006 0.9726609375 0.42206875000000005
4 0.811515625 0.4556140625 0.8035296875 0.4316546875 0.761515625 0.44565937499999997 0.7695015625 0.46961875 0.811515625 0.4556140625
4 0.8010999999999999 0.9984375 0.8392937500000001 0.9567703125 0.80748125 0.9276078125 0.768084375 0.9705859374999999 0.79846875 0.9984375 0.8010999999999999 0.9984375
4 0.299125 0.460446875 0.240403125 0.4252140625 0.2156890625 0.4664046875 0.2744109375 0.5016375 0.299125 0.460446875
0 0.9961234375 0.358390625 0.108390625 0.358390625 0.108390625 0.996875 0.9961234375 0.996875 0.9961234375 0.358390625
0 0.5221640625 0.34102968749999996 0.47819218750000003 0.1235796875 0.02100625 0.21602968749999998 0.064978125 0.43347968750000004 0.5221640625 0.34102968749999996
0 0 0.168740625 0.0049765625 0.20932656249999998 0.3184609375 0.17089062500000002 0.30632031249999997 0.071871875 0 0.10942812500000001 0 0.168740625
0 0.5719328124999999 0.1338546875 0.5589765625 0.041376562500000005 0.229340625 0.0875578125 0.24229531249999997 0.1800359375 0.5719328124999999 0.1338546875
0 0.8821187500000001 0.270428125 0.84366875 0.0761546875 0.341609375 0.1755203125 0.380059375 0.36979375000000003 0.8821187500000001 0.270428125
0 0.9984375 0.28200156249999997 0.57118125 0.28200156249999997 0.57118125 0.67708125 0.9984375 0.67708125 0.9984375 0.28200156249999997