4 0.1421799453125 0.0495171203125 0.0503595921875 0.13535919375 0.047215775 0.1893364578125 0.542853165625 0.7202455328124999 0.7045126546875 0.569111440625 0.213265115625 0.0429046125 0.1421799453125 0.0495171203125
4 0.0375005578125 0.3561402796875 0.1464845578125 0.35587638906249996 0.14850580625 0.2801723015625 0.041910146875 0.28043056875 0.0375005578125 0.3561402796875
4 0.5734961484375 0.3518613296875 0.5369927359375 0.27523166093749996 0.3680146765625 0.3592659078125 0.40451819687499996 0.4358972578125 0.5734961484375 0.3518613296875
4 0.577026565625 0.1267738515625 0.318132175 0.119952325 0.30907452343749997 0.2831576515625 0.5679689156250001 0.28997917968750003 0.577026565625 0.1267738515625
4 0.414838265625 0.0925827421875 0.32811491406250004 0.0759930578125 0.32055409687499997 0.1104106640625 0.40727744843749997 0.1270003515625 0.414838265625 0.0925827421875
4 0.6613964953125 0.047840867187500004 0.615948584375 0.022941346874999997 0.5862061421875 0.075186028125 0.631654053125 0.10008554843749999 0.6613964953125 0.047840867187500004
4 0.7068645250000001 0.3231362203125 0.660556315625 0.32500818593749997 0.660923325 0.357022759375 0.7072315312499999 0.3551507921875 0.7068645250000001 0.3231362203125
4 0.8162309593750001 0.323157559375 0.7905148125 0.2961415625 0.7497618890625 0.3349484265625 0.7754762375 0.36196290000000003 0.8162309593750001 0.323157559375
4 0.7719548484375001 0.17960400625 0.7561977984375 0.15728458750000002 0.718346959375 0.1844807125 0.7341040078125001 0.2068001296875 0.7719548484375001 0.17960400625
4 0.24258478593750002 0.44032403750000004 0.10712505937500001 0.3673002125 0.0774908046875 0.42014418437499995 0.2129506390625 0.493169690625 0.24258478593750002 0.44032403750000004
4 0.1950390828125 0.8662515624999999 0.18508389218750002 0.8213879390625 0.0720105921875 0.8495183421875 0.08196578437499999 0.8943819656249999 0.1950390828125 0.8662515624999999
4 0.2547583640625 0.9050286406250001 0.15188021093749998 0.8839446375 0.143096534375 0.9216141796875 0.2459729984375 0.9426983390625001 0.2547583640625 0.9050286406250001
4 0.45653664687499995 0.7317465296875 0.347472371875 0.700157859375 0.30302653749999997 0.8404460203124999 0.4120907015625 0.87203300625 0.45653664687499995 0.7317465296875
4 0.6237321140625001 0.7354475625 0.47988972499999993 0.7488281109375 0.48790524687500003 0.8734641453125 0.6317476359375 0.8600835968749999 0.6237321140625001 0.7354475625
4 0.8792865187500001 0.7084541859375 0.7761588046875 0.70926925625 0.7760108953125 0.71626690625 0.8791368109375 0.7154503078125 0.8792865187500001 0.7084541859375
4 0.8997581875 0.7249744015624999 0.7720302593749999 0.6771391125 0.7295577078125 0.783265375 0.8572855296874999 0.8310989828125 0.8997581875 0.7249744015624999
4 0.7111335921874999 0.6875145140625001 0.6964425421875 0.65498740625 0.6477241578124999 0.6780470921874999 0.6624135171875001 0.7105743609374999 0.7111335921874999 0.6875145140625001
4 0.676326859375 0.7400948765625001 0.553057903125 0.653377546875 0.52173550625 0.696903075 0.645004353125 0.7836187234375 0.676326859375 0.7400948765625001
4 0.773920259375 0.6463838109375 0.765893584375 0.5980942828125 0.703015934375 0.6102873734375 0.7110426078125001 0.658576903125 0.773920259375 0.6463838109375
4 0.9954326890624999 0.5680654828125 0.8404180328124999 0.5243138609375 0.7916009296875 0.682026590625 0.9466155890625 0.7257782140625 0.9954326890624999 0.5680654828125
4 0.69169755 0.929071715625 0.671083753125 0.865200871875 0.589130159375 0.8936965015625 0.6097422671875 0.9575675015625 0.69169755 0.929071715625
4 0.48912577968750004 0.936975784375 0.2728804234375 0.9232078734375 0.26740229531250004 0.9822443609375 0.483649340625 0.9960121125000001 0.48912577968750004 0.936975784375
4 0.56249918125 0.948943959375 0.5009386765625 0.9529591843749999 0.5019584015625 0.98101824375 0.5635189031250001 0.97700301875 0.56249918125 0.948943959375
4 1 0.78183094375 0.757945978125 0.8377263171875 0.7780511953125 0.9363997375 1 0.885148528125 1 0.78183094375
4 0.0673104765625 0.7094500359375 0.0392397984375 0.7156071140625 0.041103428125 0.7445852859375 0.072723615625 0.737650521875 0.0673104765625 0.7094500359375
4 0.2205861 0.5868824375 0.2102964390625 0.5618844484375 0.1658618734375 0.5811891140625 0.176151534375 0.6061871015625 0.2205861 0.5868824375
4 0.8090222390624999 0.509671390625 0.7431216953125 0.47763395312499995 0.71926591875 0.5244748203125 0.7851664625 0.55651225625 0.8090222390624999 0.509671390625
0 0.9324597062500001 0.6152004390625 0.8944600734374999 0.024331421875000002 0.5276620546874999 0.013658689062500002 0.054886373437500004 0.0576373671875 0.027340524999999997 0.5305813125000001 0.0381327203125 0.6983927859375 0.9324597062500001 0.6152004390625
0 1 0.624784 0.9741752109374999 0.5299760874999999 0.48649853125 0.6754918484375 0.5490781015625 0.9052338328125 1 0.7706851765625 1 0.624784
0 1 0.7771551203125 0.71842261875 0.8382291453124999 0.7384004109375 0.9436376390625 1 0.8868979296875 1 0.7771551203125
0 0.47545961875 1 0.820505771875 0.9190074562499999 0.800101190625 0.8207241140624999 0.44706135312499995 0.9035927734375001 0.4670781234375 1 0.47545961875 1
0 0.6930855593749999 0.8355707234375 0.6380785343750001 0.630231459375 0.10238622500000001 0.7877054296875 0.1573932515625 0.9930446937499999 0.6930855593749999 0.8355707234375
0 0.437613775 0.74398430625 0.4102528546875 0.31854020781250003 0.037671895312499995 0.35319854375 0.027340524999999997 0.5305813078125 0.043422984375 0.7806528390625 0.437613775 0.74398430625