4 0.96493058125 0.1338901109375 0.8718137562500001 0.034288371875 0.8132621468749999 0.030878128124999998 0.237360778125 0.5685186875 0.40130284375 0.7438781343749999 0.9721034718749999 0.210999446875 0.96493058125 0.1338901109375
4 0.6323224078125 0.0203395875 0.6326086625 0.13855952031250002 0.7147283515625 0.14075206093749998 0.714448196875 0.025122871875 0.6323224078125 0.0203395875
4 0.63696398125 0.601758534375 0.7200876890625 0.5621616125 0.628931896875 0.37886337812500004 0.5458063640625 0.4184604171875 0.63696398125 0.601758534375
4 0.88112666875 0.6055881390625 0.8885262921875 0.3247535453125 0.7114900046875 0.314928296875 0.70409038125 0.5957628921875 0.88112666875 0.6055881390625
4 0.9182153312500001 0.4296550671875 0.9362109203125 0.3355822796875 0.8988765671875001 0.32738071562500004 0.880880975 0.42145350312499996 0.9182153312500001 0.4296550671875
4 0.9667488890625 0.6971080625 0.9937585390624999 0.647808634375 0.9370863421875001 0.6155456453125 0.91007669375 0.664845075 0.9667488890625 0.6971080625
4 0.6681234218750001 0.746429315625 0.666092815625 0.69619668125 0.6313651421875 0.69659479375 0.6333957515625 0.7468274234375001 0.6681234218750001 0.746429315625
4 0.668100275 0.8650640921875 0.6974057625000001 0.8371686109375001 0.65531018125 0.7929620484375 0.6260063453125 0.8208555796875 0.668100275 0.8650640921875
4 0.8238193828125 0.8170357671874999 0.848030278125 0.799943375 0.818529396875 0.7588848375 0.794318503125 0.775977228125 0.8238193828125 0.8170357671874999
4 0.541004434375 0.2428038359375 0.62021671875 0.095864471875 0.5628944437500001 0.0637188390625 0.4836803359375 0.2106583203125 0.541004434375 0.2428038359375
4 0.07898135625 0.1912288359375 0.12764698125 0.180429984375 0.0971326453125 0.0577742015625 0.0484670203125 0.0685730546875 0.07898135625 0.1912288359375
4 0 0.247399 0.036918084375 0.2560090734375 0.059788867187500004 0.1444124328125 0.0189269921875 0.13488437656250002 0 0.22723531718749998 0 0.247399
4 0.22488512031250002 0.4748872109375 0.259150796875 0.3565802 0.10697380781250002 0.30836776875 0.072709959375 0.426674659375 0.22488512031250002 0.4748872109375
4 0.220870440625 0.656251784375 0.20635594687499997 0.5002193625 0.0711575375 0.508914165625 0.08567203125 0.6649465875 0.220870440625 0.656251784375
4 0.2501513921875 0.9334633421874999 0.249267246875 0.8215959921874999 0.24167657656250002 0.821435546875 0.242562378125 0.933300946875 0.2501513921875 0.9334633421874999
4 0.23223115781249998 0.9556698984375 0.28412028437500003 0.81711756875 0.169000271875 0.7710456484375 0.1171129671875 0.9095978625000001 0.23223115781249998 0.9556698984375
4 0.2728656125 0.7510601671875 0.3081492546875 0.7351241140625 0.2831353578125 0.682277053125 0.247851540625 0.6982112734375 0.2728656125 0.7510601671875
4 0.2158292859375 0.7133037125 0.3098955421875 0.579588234375 0.2626814109375 0.545611396875 0.168616978125 0.6793267562499999 0.2158292859375 0.7133037125
4 0.3174819671875 0.8191677390625 0.369863828125 0.8104608375 0.356637425 0.7422545734375 0.30425556249999997 0.7509614734375 0.3174819671875 0.8191677390625
4 0.41921739999999996 1 0.449896828125 0.8913009171875 0.2788186140625 0.838346771875 0.2331933078125 1 0.41921739999999996 1
4 0 0.6988079328125 0.0108374609375 0.7299770031249999 0.0801210875 0.707616275 0.049210575 0.6187174609375 0 0.634598434375 0 0.6988079328125
4 0.15568338125 1 0.1099239953125 0.8018397046875 0.0028884203125 0.8236487546875001 0.0436104890625 1 0.15568338125 1
4 0.24907114687499998 0.052675771875 0.24239228281249997 0.022226221875 0.21095833437499997 0.0242477859375 0.2184807890625 0.058547651562500004 0.24907114687499998 0.052675771875
4 0.38202583125 0.21894085468750002 0.40914229375 0.2077791875 0.3882016390625 0.15957898125 0.361085178125 0.17074064687499999 0.38202583125 0.21894085468750002
4 0.4657801859375 0.8572444625 0.5005326609375 0.7857591265625 0.449722228125 0.759881675 0.41496975625 0.8313670109375 0.4657801859375 0.8572444625
0 1 0.5108902453125 0.956122178125 0.039198778125 0.4430982375 0.0093185359375 0.26106545312499996 0.0210253234375 0.3513079984375 0.9911427328125001 0.9922506609375 0.9499227921875001 1 0.683595296875 1 0.5108902453125
0 0.432895465625 1 0.28590714687499996 0.5073882375000001 0.036695503125 0.5752711609375 0.163428525 1 0.432895465625 1
0 0.1616585390625 1 0.10937855468749999 0.7589669078125 0 0.7796971359375 0 0.8035191140625001 0.042615771875 1 0.1616585390625 1
0 0 0.777021665625 0.021754623437500002 0.8697011765625 0.12836706250000002 0.84756739375 0.0384756359375 0.464608925 0 0.4725975171875 0 0.777021665625
0 0 0.3495907484375 0.112262265625 0.731482640625 0.3350031625 0.671814003125 0.164183940625 0.090724040625 0 0.13470623125 0 0.3495907484375
0 0.21161024374999998 0.45436070468749995 0.6731089265625 0.42468106250000004 0.6355134437500001 0.0205254453125 0.4430982421875 0.0093185359375 0.1718342078125 0.026763915625000002 0.21161024374999998 0.45436070468749995