4 0.7244650046875 0 0.27302499999999996 0.5664566671875 0.4411733328125 0.7004633328125001 0.9172100000000001 0.10314333281250002 0.7877882328125 0 0.7244650046875 0
4 1 0.2284566671875 0.9985950000000001 0.2130016671875 0.8003183328125001 0.2310266671875 0.8070783328125 0.3053833328125 1 0.28784485000000004 1 0.2284566671875
4 0.5589583328125001 0.40781 0.5899383328125001 0.32901166718749997 0.41884333281249997 0.261745 0.38786333281249996 0.3405416671875 0.5589583328125001 0.40781
4 0.3893816671875 0.2791033328125 0.642965 0.2486733328125 0.62378 0.0888033328125 0.3701966671875 0.1192333328125 0.3893816671875 0.2791033328125
4 0.53676 0.1039083328125 0.6208016671875 0.07963 0.6112116671875001 0.0464333328125 0.52717 0.07071166718750001 0.53676 0.1039083328125
4 0.314915 0.0979583328125 0.357935 0.0692783328125 0.3254566671875 0.020560000000000002 0.2824366671875 0.04924 0.314915 0.0979583328125
4 0.2568566671875 0.35602999999999996 0.30240999999999996 0.3536316671875 0.30074999999999996 0.322075 0.2551966671875 0.3244733328125 0.2568566671875 0.35602999999999996
4 0.1903283328125 0.3689883328125 0.2138533328125 0.3400333328125 0.17142 0.305555 0.1478933328125 0.33451166718750003 0.1903283328125 0.3689883328125
4 0.22113 0.2124183328125 0.2351816671875 0.1889983328125 0.1963283328125 0.1656866671875 0.1822766671875 0.1891066671875 0.22113 0.2124183328125
4 0.7505283328125001 0.4466566671875 0.8788266671875 0.36234500000000003 0.8464166671875001 0.3130266671875 0.7181183328125 0.3973366671875 0.7505283328125001 0.4466566671875
4 0.9043599999999999 0.8297116671874999 0.9112966671875 0.784625 0.7985800000000001 0.7672833328124999 0.7916433328125 0.8123699999999999 0.9043599999999999 0.8297116671874999
4 0.7464933328125001 0.8923083328124999 0.8461000000000001 0.862125 0.8351050000000001 0.8258383328125 0.7354966671875001 0.8560216671875001 0.7464933328125001 0.8923083328124999
4 0.5790483328125 0.8379433328125 0.6840633328125 0.7968516671875 0.6316033328125 0.6627883328124999 0.5265883328125 0.7038816671875 0.5790483328125 0.8379433328125
4 0.3627783328125 0.8462966671875 0.5047533328125 0.8462966671875 0.5047533328125 0.7228399999999999 0.3627783328125 0.7228399999999999 0.3627783328125 0.8462966671875
4 0.1109266671875 0.7265433328124999 0.21216 0.7179016671875 0.21157333281250001 0.711025 0.11033833281250001 0.7196683328125 0.1109266671875 0.7265433328124999
4 0.1396633328125 0.838415 0.261965 0.7796166671875 0.21359666718749998 0.67901 0.091295 0.73781 0.1396633328125 0.838415
4 0.3232566671875 0.7018916671875 0.3356166671875 0.6685183328125001 0.2863616671875 0.6502749999999999 0.274 0.6836483328125 0.3232566671875 0.7018916671875
4 0.3449466671875 0.77222 0.46041999999999994 0.675545 0.4269416671875 0.6355566671874999 0.31146833281249997 0.7322333328124999 0.3449466671875 0.77222
4 0.27226333281250004 0.6551466671874999 0.2770916671875 0.6068633328125 0.21463000000000002 0.6006166671875001 0.20980166718749999 0.6489 0.27226333281250004 0.6551466671874999
4 0 0.6246020296875 0.0453716671875 0.7428933328125 0.19470333281250002 0.6856150000000001 0.136855 0.534795 0 0.5872877265625001 0 0.6246020296875
4 0.39052 0.9402683328125001 0.4067133328125 0.8754899999999999 0.3245066671875 0.8549383328125 0.3083116671875 0.9197166671874999 0.39052 0.9402683328125001
4 0.5166616671875001 0.9665733328125 0.7279633328124999 0.9332100000000001 0.7188633328125 0.8755816671875 0.5075633328125 0.9089449999999999 0.5166616671875001 0.9665733328125
4 0.4370983328125 0.9551716671875001 0.49775166718749997 0.9534866671875 0.4969816671875 0.925765 0.4363283328125 0.92745 0.4370983328125 0.9551716671875001
4 0 0.9042906609375001 0.22404833281249997 0.9348416671875001 0.2375483328125 0.8358416671875 0 0.8034482984375 0 0.9042906609375001
4 0.9652283328125 0.68225 0.96876 0.6539883328125 0.90707 0.6462766671875 0.9035383328125001 0.67454 0.9652283328125 0.68225
4 0.9342366671875 0.5678650000000001 0.9741716671875 0.5647933328125 0.9717399999999999 0.5331666671875 0.931805 0.5362383328125 0.9342366671875 0.5678650000000001
4 0.7937649999999999 0.5545683328125001 0.8022833328125 0.5290116671875 0.7574683328125 0.5140733328125 0.74895 0.53963 0.7937649999999999 0.5545683328125001
4 0.7745574828125 0 0.79798 0.0255516671875 0.82585355 0 0.7745574828125 0
4 0.19309666718750002 0.5614383328125 0.2557333328125 0.5238566671875 0.2293716671875 0.47992 0.16673500000000002 0.5175016671875 0.19309666718750002 0.5614383328125
0 0.05228333281250001 0 0.05228333281250001 0.6327166671875 0.9991983328125 0.6327166671875 0.9991983328125 0 0.05228333281250001 0
0 0 0.79284433125 0.44673833281249997 0.8831816671875 0.4936416671875 0.651235 0.0059766671875000005 0.5526216671874999 0 0.5821775171875 0 0.79284433125
0 0 0.90604161875 0.2634083328125 0.9383366671875001 0.2763583328125 0.8327166671875 0 0.7988327078124999 0 0.90604161875
0 0.5329083328124999 0.9708650000000001 0.5467283328125 0.8722216671874999 0.19511499999999998 0.8229616671875 0.18129666718749998 0.9216049999999999 0.5329083328124999 0.9708650000000001
0 0.83658 0.9337683328124999 0.8775933328125 0.7265433328124999 0.3420633328125 0.6205533328125 0.30105 0.8277783328125 0.83658 0.9337683328124999
0 1 0.29278 0.5459266671874999 0.29278 0.5459266671874999 0.7141983328125 1 0.7141983328125 1 0.29278