4 1 0.16014111250000002 0.9079823781249999 0.059316315625000005 0.7968447796875 0.039182753125000004 0.2512619796875 0.533376565625 0.4102773828125 0.7076116265625 1 0.1734355640625 1 0.16014111250000002
4 1 0.2924686734375 0.8630159953125001 0.28018265000000003 0.859086109375 0.36016477812500003 1 0.372803053125 1 0.2924686734375
4 0.4521602171875 0.2390889296875 0.40737395468750004 0.31648798125 0.5795162703125001 0.42067467656249996 0.624302784375 0.34327386249999997 0.4521602171875 0.2390889296875
4 0.6962953187500001 0.0956347453125 0.42168305000000006 0.0789098375 0.4181864828125 0.251772065625 0.692798753125 0.2684969734375 0.6962953187500001 0.0956347453125
4 0.6892520375 0.0483776125 0.5961167015625 0.0578528890625 0.6013611421875 0.09482897031250001 0.6944964796875001 0.085353696875 0.6892520375 0.0483776125
4 0.3444021390625 0 0.365994178125 0.0457330421875 0.4161016125 0.0236860625 0.404918659375 0 0.3444021390625 0
4 0.3173650953125 0.28014150312499997 0.26849335625 0.273890696875 0.2655380734375 0.307601553125 0.3144098140625 0.313852359375 0.3173650953125 0.28014150312499997
4 0.1821055375 0.23771004375000002 0.15271644374999999 0.2638105796875 0.1927481328125 0.308477778125 0.22213520312499999 0.2823786828125 0.1821055375 0.23771004375000002
4 0.22956635468750003 0.09451872812499999 0.21109649687499998 0.11658882968749999 0.24898491250000002 0.14875116093750002 0.26745476875 0.1266810625 0.22956635468750003 0.09451872812499999
4 0.8998361328125 0.37584177812499997 0.750583909375 0.44029912656250003 0.7777176875 0.49873817656249997 0.9269701609375 0.43427906250000003 0.8998361328125 0.37584177812499997
4 0.7809025 0.8472686953125 0.766767 0.8936373109375 0.884210934375 0.9337330125 0.8983464328125 0.887364396875 0.7809025 0.8472686953125
4 0.8110364015625 0.9162733421875 0.700439278125 0.9289935406250001 0.7067192875 0.9695105859375 0.8173146359375 0.956790065625 0.8110364015625 0.9162733421875
4 0.6187178328125 0.7044864343749999 0.5007298734375001 0.727707571875 0.5365328390624999 0.87968129375 0.6545205453125 0.856461915625 0.6187178328125 0.7044864343749999
4 0.47463881093750004 0.7435550921875 0.32344018281250003 0.7161641171875 0.3049622625 0.8467955125 0.4561608921875 0.8741864859374999 0.47463881093750004 0.7435550921875
4 0.164180278125 0.6744907875 0.05507472812500001 0.6641053515625 0.05467229375 0.6714934 0.16377581875 0.6818802796875 0.164180278125 0.6744907875
4 0.17112678750000002 0.64100558125 0.0320789265625 0.6796273328125 0.0685319046875 0.795410640625 0.2075795140625 0.756790653125 0.17112678750000002 0.64100558125
4 0.252919884375 0.6246390515625 0.2347600921875 0.6575669765625001 0.28448629375 0.686373521875 0.30264430937500003 0.6534452796875 0.252919884375 0.6246390515625
4 0.40483579687500004 0.63618719375 0.2673908359375 0.71620420625 0.2970592859375 0.7649736265625 0.4345039984375 0.6849583781249999 0.40483579687500004 0.63618719375
4 0.1839604828125 0.55825575 0.1715918421875 0.608413565625 0.23717648281249998 0.627073871875 0.2495451234375 0.57691605625 0.1839604828125 0.55825575
4 0 0.6728094015625 0.1500174390625 0.644349378125 0.110984321875 0.473603846875 0 0.49465884375 0 0.6728094015625
4 0.262910809375 0.8485557140625 0.23596821562499998 0.9139741906250001 0.32044135156250003 0.9515805281249999 0.347382165625 0.8861617265625 0.262910809375 0.8485557140625
4 0.6807070921875 1 0.6797977609375 0.9464812374999999 0.4497767921875 0.9410177796875001 0.45077728749999996 1 0.6807070921875 1
4 0.4359901984375 0.9567737781250001 0.37114423125 0.9468549671875 0.36781511718750004 0.9763362437499999 0.4326610875 0.986255053125 0.4359901984375 0.9567737781250001
4 0 0.8672450062499999 0.14396680625 0.9137214171875 0.1731613140625 0.8115725265625 0 0.7556701578125 0 0.8672450062499999
4 0.9145519468750001 0.74016045625 0.90656063125 0.7693849640625 0.9711044531249999 0.7894447718750001 0.97909551875 0.7602220265625 0.9145519468750001 0.74016045625
4 1 0.632917146875 0.9573634734375001 0.6284992828125 0.9552195140625 0.66243308125 0.9973062468749999 0.6667939796875 0.9989478390625001 0.655188584375 1 0.6385353953124999 1 0.632917146875
4 0.7750182156250001 0.5714117062499999 0.7621213765625 0.5968101828125 0.8076120140624999 0.6212627375 0.820508853125 0.5958642609375 0.7750182156250001 0.5714117062499999
4 0.21772469375 0.433388834375 0.1453938390625 0.4610702 0.1668920765625 0.5126461671875 0.2392229296875 0.484964803125 0.21772469375 0.433388834375
0 0.08560203125 0 0.0062622609375 0.5609000140625 0.9871497234375 0.7385964734375 1 0.647750234375 1 0.0759861234375 0.5805553125 0 0.08560203125 0
0 0 0.749104934375 0.3888562328125 0.9020223453125 0.47352247031249994 0.6656449875 0 0.4794326390625 0 0.749104934375
0 0 0.8678689187499999 0.185360790625 0.9250131828124999 0.21496038906249998 0.8157534578125001 0 0.7494830593749999 0 0.8678689187499999
0 0.4708127125 1 0.49698263750000005 0.9097162875 0.129898996875 0.7897574171875 0.10041885937499999 0.8914674984375001 0.43253619375 1 0.4708127125 1
0 0.8073239640625 1 0.871146665625 0.8194049703124999 0.31668877812499996 0.6039365171875 0.24199531406250002 0.81529185 0.71729873125 1 0.8073239640625 1
0 1 0.372015065625 0.5828546703125 0.2964454921875 0.51978044375 0.7423547046875 0.9749542578125 0.824813478125 1 0.647750234375 1 0.372015065625