4 1 0.76490793125 0.43113894375 0.2496284609375 0.26403801250000003 0.43272293125 0.8373623109375 0.9520452421875 0.9541509734375 0.9308879390625 1 0.8806506187500001 1 0.76490793125
4 1 0.6060216015625 0.9027684546874999 0.6147420984374999 0.9068981640624999 0.6987911140625 1 0.6904408578125001 1 0.6060216015625
4 0.428087884375 0.6606397484375 0.47515141562499996 0.7419743453125001 0.65604699375 0.6324918734375 0.6089832000000001 0.5511554249999999 0.428087884375 0.6606397484375
4 0.44312456093749997 0.9102981375000001 0.7317001656250001 0.8927228109374999 0.7280258078124999 0.7110709765625 0.43945020156250003 0.728646303125 0.44312456093749997 0.9102981375000001
4 0.6264277203125 0.9324257781249999 0.7242987515625 0.942382846875 0.729809859375 0.9035266234374999 0.6319388265625 0.8935695562499999 0.6264277203125 0.9324257781249999
4 0.4223068484375 1 0.43725932187499994 0.9683299 0.3846040515625 0.9451618875 0.358713215625 1 0.4223068484375 1
4 0.2821455609375 0.705402996875 0.333502303125 0.698834353125 0.3303967546875 0.663409384375 0.2790400109375 0.669978028125 0.2821455609375 0.705402996875
4 0.1604816859375 0.7159956625 0.191365140625 0.74342334375 0.23343021406250003 0.69648341875 0.202548884375 0.6690572515625 0.1604816859375 0.7159956625
4 0.2218302171875 0.8707032640625 0.2412392203125 0.8938955749999999 0.2810541640625 0.860097865625 0.2616451625 0.836905559375 0.2218302171875 0.8707032640625
4 0.78874919375 0.530533121875 0.9455905124999999 0.5982679625 0.9741042375 0.5368592890625 0.8172626546874999 0.46912259531249995 0.78874919375 0.530533121875
4 0.805755153125 0.0541438421875 0.82060940625 0.10287018437499999 0.9440250640625001 0.06073571875 0.9291708125 0.0120093765625 0.805755153125 0.0541438421875
4 0.7386882031249999 0 0.736054834375 0.0169898390625 0.8522755406250001 0.0303568265625 0.85697945625 0 0.7386882031249999 0
4 0.5261907156250001 0.22851068593749999 0.6501780609375001 0.2529125609375 0.6878012515624999 0.09320951250000001 0.56381416875 0.0688094875 0.5261907156250001 0.22851068593749999
4 0.33988629375 0.240641096875 0.49877298750000004 0.2118573609375 0.4793555140625 0.07458369375 0.32046881875 0.1033674265625 0.33988629375 0.240641096875
4 0.05787513749999999 0.29534691875 0.1725284265625 0.2844334109375 0.172103403125 0.27666818125 0.057452240625 0.28758320625 0.05787513749999999 0.29534691875
4 0.0337100578125 0.27903568437500004 0.1798281484375 0.3196212546875 0.2181344046875 0.1979488046875 0.072016578125 0.1573650890625 0.0337100578125 0.27903568437500004
4 0.2466970453125 0.3022177546875 0.2657802171875 0.3368199796875 0.318033003125 0.30654902812499996 0.29895169843749997 0.2719464671875 0.2466970453125 0.3022177546875
4 0.2809869796875 0.24059896875 0.4254206671875 0.32468464375 0.456597421875 0.27343356874999997 0.3121639953125 0.18934974843750002 0.2809869796875 0.24059896875
4 0.1803168515625 0.3538704890625 0.1933144046875 0.406578703125 0.262233859375 0.38696956718750003 0.249236303125 0.3342613546875 0.1803168515625 0.3538704890625
4 0 0.4734093515625 0.11662759375000001 0.495534940625 0.15764544375 0.316107434375 0 0.2862002890625 0 0.4734093515625
4 0.3215826046875 0 0.24796659999999998 0.032772884375 0.27627915625 0.10151772343750001 0.36504566562499996 0.0619995421875 0.33951297343750003 0 0.3215826046875 0
4 0 0.199126275 0.1819661265625 0.1403814140625 0.15128715312500002 0.0330385109375 0 0.081878128125 0 0.199126275
4 1 0.1700001828125 0.952656934375 0.1847141046875 0.9610545875 0.2154246046875 1 0.20331951093749998 1 0.1700001828125
4 0.8008733109374999 0.3660638765625 0.814425921875 0.39275380000000004 0.8622296421875 0.3670578953125 0.8486770328125001 0.340367971875 0.8008733109374999 0.3660638765625
4 0.1527867453125 0.5087058921875001 0.22879544062499999 0.5377947843750001 0.25138680625 0.4835963078125 0.17537811406249998 0.4545074171875 0.1527867453125 0.5087058921875001
0 1 0.2238332671875 0.00658068125 0.403799984375 0.0909136640625 1 0.5726512328125 1 1 0.9225819812499999 1 0.2238332671875
0 0 0.48940976875000003 0.497599884375 0.293728996875 0.4086285828125 0.0453324515625 0 0.20602532343750002 0 0.48940976875000003
0 0 0.20562797187499998 0.22589057812500002 0.13598789218750001 0.194785915625 0.0211725875 0 0.0812224921875 0 0.20562797187499998
0 0.27818639375 0 0.105524903125 0.056423984375 0.13650403125 0.1633057640625 0.5222529406249999 0.037247292187499996 0.511456321875 0 0.27818639375 0
0 0.6054815765625 0 0.2543001609375 0.13647297187500002 0.33279159687500004 0.35857518437499997 0.915442259375 0.1321507078125 0.8687398937499999 0 0.6054815765625 0
0 1 0.1309106953125 0.5462099578124999 0.21311878437499998 0.6124913484375 0.681701346875 1 0.6115007203125 1 0.1309106953125