4 0.8167986703125001 0.9853364546875 0.92066231875 0.890545428125 0.9401667078125 0.7828808796875 0.4614164515625 0.2543475421875 0.2926262375 0.4083937140625 0.8152506468749999 0.9853634765624999 0.8167986703125001 0.9853364546875
4 0.629215371875 0.8431771687499999 0.616151284375 0.98883876875 0.6940972265625 0.9874782171875 0.7066980578125001 0.8469842453125 0.629215371875 0.8431771687499999
4 0.7465075999999999 0.4489677109375 0.67152726875 0.40558101874999997 0.5705964078125 0.5723438875 0.6455784453125 0.615730821875 0.7465075999999999 0.4489677109375
4 0.885478840625 0.685473590625 0.9016810953125001 0.4194429546875 0.7342208109375 0.4160556546875 0.71801855625 0.6820862921875 0.885478840625 0.685473590625
4 0.9312591875 0.6786504109375 0.9220800140625001 0.5884255546875 0.8862594343750001 0.59350610625 0.8954386062499999 0.6837309640625 0.9312591875 0.6786504109375
4 0.9551791265625 0.4140359375 0.9903433546875 0.3974337734375 0.9916081703125 0.3430921734375 0.989829978125 0.33905077499999997 0.933821115625 0.365494359375 0.9551791265625 0.4140359375
4 0.70673791875 0.3183849359375 0.7127933875 0.27104043906249997 0.6801359953125 0.26817750937499996 0.6740805265625001 0.3155220078125 0.70673791875 0.3183849359375
4 0.7478433953125 0.1873522390625 0.7225585015625 0.1588815546875 0.679287153125 0.19766225312500002 0.7045706515625 0.226130978125 0.7478433953125 0.1873522390625
4 0.8865599828124999 0.23332990625 0.8651795718749999 0.21543723125 0.8340223124999999 0.252141634375 0.8554027203125001 0.2700343078125 0.8865599828124999 0.23332990625
4 0.6140282781249999 0.882653753125 0.551585221875 0.7380656625 0.4949723921875 0.764351509375 0.5574171578125 0.90893984375 0.6140282781249999 0.882653753125
4 0.1573334515625 0.767436796875 0.11241385468750001 0.75374303125 0.07357114375 0.8675168421875 0.11849074062500001 0.88121060625 0.1573334515625 0.767436796875
4 0.0904852 0.7966290140625001 0.0781625078125 0.68948805 0.0389116203125 0.695571809375 0.0512346234375 0.8027110531250001 0.0904852 0.7966290140625001
4 0.2956537671875 0.6103204 0.2731582890625 0.496019565625 0.125933746875 0.5307036875 0.14842751875 0.6450042781249999 0.2956537671875 0.6103204
4 0.25780600468750003 0.47074384843750006 0.2843410109375 0.3242701765625 0.157791846875 0.3063696921875 0.1312568421875 0.4528433640625 0.25780600468750003 0.47074384843750006
4 0.32471205 0.16998714374999999 0.334772940625 0.06429114218750001 0.32761576875 0.063901284375 0.31755347968750003 0.16959532500000002 0.32471205 0.16998714374999999
4 0.35715084375 0.176716575 0.319736021875 0.042013959375 0.2075709421875 0.0773277828125 0.2449840546875 0.2120301546875 0.35715084375 0.176716575
4 0.37300591875 0.2559536375 0.34110699218749996 0.23836133906249998 0.31320065 0.286533596875 0.34509988593749996 0.304124175 0.37300591875 0.2559536375
4 0.36181865625 0.403122178125 0.284302175 0.269972371875 0.2370568 0.2987136828125 0.314571571875 0.43186324843749996 0.36181865625 0.403122178125
4 0.4373147421875 0.1891492171875 0.38872435781250003 0.177167096875 0.3706471859375 0.2407022171875 0.41923757031250003 0.2526843390625 0.4373147421875 0.1891492171875
4 0.3242659234375 0 0.353911540625 0.15626689375 0.5193212734375 0.11845356250000001 0.4968492765625 0 0.3242659234375 0
4 0.15608665156249998 0.26563234687500004 0.092712503125 0.239531709375 0.05628136406249999 0.32136505937500004 0.119655828125 0.3474639734375 0.15608665156249998 0.26563234687500004
4 0.0612213015625 0.66949158125 0.0665140265625 0.44665876718749997 0.005741675 0.447689628125 0.0004486375 0.6705241625 0.0612213015625 0.66949158125
4 0.051250403124999996 0.4333030046875 0.06085925 0.3704834734375 0.0322992640625 0.36725839531250004 0.0226904171875 0.43007792812499995 0.051250403124999996 0.4333030046875
4 0.1415123234375 0 0.0929573765625 0.15040534375 0.191914115625 0.1786875234375 0.24960053124999998 0 0.1415123234375 0
4 0.2610945578125 0.8969096984375 0.23278331562500001 0.8891681109375 0.2133503765625 0.9516949390624999 0.2416599125 0.959436284375 0.2610945578125 0.8969096984375
4 0.343411059375 0.97866821875 0.3649511140625 0.9800291359375001 0.3692663203125 0.9383833656249999 0.336392953125 0.9363064046874999 0.33216833281249997 0.9770779265625 0.343411059375 0.97866821875
4 0.424569909375 0.761736396875 0.3999651359375 0.7492425828125 0.3762767234375 0.7933116390625 0.400881496875 0.8058054515625 0.424569909375 0.761736396875
4 0.5582795671875 0.22185829687499997 0.53146324375 0.15178778125 0.481499025 0.1726141984375 0.508315346875 0.2426847125 0.5582795671875 0.22185829687499997
0 0.9973457281250001 0.0965832546875 0.43475311093749996 0.017004065625000002 0.262609665625 0.9672387953125 0.43737388906249997 0.9919593390625 0.903765084375 0.98381845 0.9874464703125 0.5218957859375 0.9973457281250001 0.0965832546875
0 0.256730759375 0 0.104290853125 0.387641975 0.33328141875 0.46966239375 0.5179757953124999 0 0.256730759375 0
0 0.1407488703125 0 0.0820184796875 0.190505765625 0.1878638375 0.2191803765625 0.2554352203125 0 0.1407488703125 0
0 0 0.46431984843749996 0.096837346875 0.4923894296875 0.21304750156250002 0.136777153125 0.11451586093749999 0.1082182703125 0 0.45864511874999997 0 0.46431984843749996
0 0 0.7897194437499999 0.18432643437500001 0.8548608328125 0.3930614984375 0.31772975312499996 0.1883110203125 0.24537046093749998 0 0.7299450249999999 0 0.7897194437499999
0 0.17908694375 0.9554244375 0.43737388906249997 0.9919593390625 0.6160773374999999 0.988840059375 0.6909434296875 0.5755779624999999 0.2589688796875 0.5144748046875 0.17908694375 0.9554244375