4 0.0503595921875 0.8646408062500001 0.1421799453125 0.9504828796875 0.213265115625 0.9570953875000001 0.7045126546875 0.43088855937500004 0.542853165625 0.27975446718749997 0.047215775 0.8106635421874999 0.0503595921875 0.8646408062500001
4 0.1464845578125 0.6441236109374999 0.0375005578125 0.6438597203125 0.041910146875 0.71956943125 0.14850580625 0.7198276984375 0.1464845578125 0.6441236109374999
4 0.5369927359375 0.7247683390625 0.5734961484375 0.6481386703124999 0.40451819687499996 0.5641027421875 0.3680146765625 0.6407340921875 0.5369927359375 0.7247683390625
4 0.318132175 0.8800476749999999 0.577026565625 0.8732261484375 0.5679689156250001 0.7100208203125 0.30907452343749997 0.7168423484375 0.318132175 0.8800476749999999
4 0.32811491406250004 0.9240069421875001 0.414838265625 0.9074172578124999 0.40727744843749997 0.8729996484375 0.32055409687499997 0.8895893359375 0.32811491406250004 0.9240069421875001
4 0.615948584375 0.9770586531250001 0.6613964953125 0.9521591328125 0.631654053125 0.8999144515624999 0.5862061421875 0.924813971875 0.615948584375 0.9770586531250001
4 0.660556315625 0.6749918140625 0.7068645250000001 0.6768637796875 0.7072315312499999 0.6448492078125 0.660923325 0.642977240625 0.660556315625 0.6749918140625
4 0.7905148125 0.7038584375 0.8162309593750001 0.676842440625 0.7754762375 0.6380371 0.7497618890625 0.6650515734375 0.7905148125 0.7038584375
4 0.7561977984375 0.8427154124999999 0.7719548484375001 0.82039599375 0.7341040078125001 0.7931998703125 0.718346959375 0.8155192874999999 0.7561977984375 0.8427154124999999
4 0.10712505937500001 0.6326997875 0.24258478593750002 0.5596759625 0.2129506390625 0.506830309375 0.0774908046875 0.579855815625 0.10712505937500001 0.6326997875
4 0.18508389218750002 0.17861206093749998 0.1950390828125 0.1337484375 0.08196578437499999 0.10561803437499999 0.0720105921875 0.1504816578125 0.18508389218750002 0.17861206093749998
4 0.15188021093749998 0.1160553625 0.2547583640625 0.094971359375 0.2459729984375 0.0573016609375 0.143096534375 0.07838582031249999 0.15188021093749998 0.1160553625
4 0.347472371875 0.299842140625 0.45653664687499995 0.2682534703125 0.4120907015625 0.12796699375 0.30302653749999997 0.1595539796875 0.347472371875 0.299842140625
4 0.47988972499999993 0.2511718890625 0.6237321140625001 0.2645524375 0.6317476359375 0.139916403125 0.48790524687500003 0.1265358546875 0.47988972499999993 0.2511718890625
4 0.7761588046875 0.29073074375 0.8792865187500001 0.2915458140625 0.8791368109375 0.28454969218750004 0.7760108953125 0.28373309375 0.7761588046875 0.29073074375
4 0.7720302593749999 0.32286088749999997 0.8997581875 0.27502559843749996 0.8572855296874999 0.1689010171875 0.7295577078125 0.21673462500000001 0.7720302593749999 0.32286088749999997
4 0.6964425421875 0.34501259375000004 0.7111335921874999 0.31248548593750003 0.6624135171875001 0.28942563906249996 0.6477241578124999 0.32195290781249997 0.6964425421875 0.34501259375000004
4 0.553057903125 0.346622453125 0.676326859375 0.2599051234375 0.645004353125 0.2163812765625 0.52173550625 0.303096925 0.553057903125 0.346622453125
4 0.765893584375 0.40190571718749996 0.773920259375 0.3536161890625 0.7110426078125001 0.341423096875 0.703015934375 0.3897126265625 0.765893584375 0.40190571718749996
4 0.8404180328124999 0.47568613906249996 0.9954326890624999 0.4319345171875 0.9466155890625 0.2742217859375 0.7916009296875 0.317973409375 0.8404180328124999 0.47568613906249996
4 0.671083753125 0.134799128125 0.69169755 0.070928284375 0.6097422671875 0.0424324984375 0.589130159375 0.1063034984375 0.671083753125 0.134799128125
4 0.2728804234375 0.0767921265625 0.48912577968750004 0.063024215625 0.483649340625 0.0039878875000000005 0.26740229531250004 0.017755639062500002 0.2728804234375 0.0767921265625
4 0.5009386765625 0.047040815624999996 0.56249918125 0.051056040625 0.5635189031250001 0.02299698125 0.5019584015625 0.018981756250000002 0.5009386765625 0.047040815624999996
4 1 0.114851471875 0.7780511953125 0.0636002625 0.757945978125 0.16227368281250001 1 0.21816905625 1 0.114851471875
4 0.0392397984375 0.2843928859375 0.0673104765625 0.2905499640625 0.072723615625 0.262349478125 0.041103428125 0.2554147140625 0.0392397984375 0.2843928859375
4 0.2102964390625 0.43811555156250004 0.2205861 0.4131175625 0.176151534375 0.3938128984375 0.1658618734375 0.41881088593750004 0.2102964390625 0.43811555156250004
4 0.7431216953125 0.522366046875 0.8090222390624999 0.490328609375 0.7851664625 0.44348774375 0.71926591875 0.4755251796875 0.7431216953125 0.522366046875
0 0.8944600734374999 0.9756685781250001 0.9324597062500001 0.3847995609375 0.0381327203125 0.3016072140625 0.027340524999999997 0.4694186875 0.054886373437500004 0.9423626328125 0.5276620546874999 0.9863413109374999 0.8944600734374999 0.9756685781250001
0 1 0.22931482343749998 0.5490781015625 0.0947661671875 0.48649853125 0.3245081515625 0.9741752109374999 0.47002391250000003 1 0.375216 1 0.22931482343749998
0 1 0.1131020703125 0.7384004109375 0.0563623609375 0.71842261875 0.16177085468750002 1 0.2228448796875 1 0.1131020703125
0 0.4670781234375 0 0.44706135312499995 0.0964072265625 0.800101190625 0.1792758859375 0.820505771875 0.08099254375 0.47545961875 0 0.4670781234375 0
0 0.6380785343750001 0.36976854062500003 0.6930855593749999 0.1644292765625 0.1573932515625 0.0069553062499999995 0.10238622500000001 0.2122945703125 0.6380785343750001 0.36976854062500003
0 0.043422984375 0.2193471609375 0.027340524999999997 0.4694186921875 0.037671895312499995 0.64680145625 0.4102528546875 0.6814597921875001 0.437613775 0.25601569375 0.043422984375 0.2193471609375