4 0 0.8731754734375 0.0959545453125 0.9935769234375 0.7225139859375 0.49423776249999996 0.581947553125 0.3178583921875 0 0.781643921875 0 0.8731754734375
4 0.297008328125 1 0.30809440625 0.8780541953125001 0.23009790156249998 0.8709632859375 0.21836739062500002 1 0.297008328125 1
4 0.33287937031250003 0.650284965625 0.41553496562500003 0.6177884609375 0.3449737765625 0.43831818125 0.2623199296875 0.4708146859375 0.33287937031250003 0.650284965625
4 0.24860839218750003 0.7059073421875001 0.280527971875 0.4399108390625 0.1128321671875 0.4197867140625 0.0809125875 0.6857832171875 0.24860839218750003 0.7059073421875001
4 0.071290209375 0.682659090625 0.09675699374999999 0.594503496875 0.0619353140625 0.58444405625 0.036468531250000005 0.67259965 0.071290209375 0.682659090625
4 0.06043181875 0.40692482500000005 0.090515734375 0.3617989515625 0.0394125875 0.32773076875 0.009328671875 0.37285664375 0.06043181875 0.40692482500000005
4 0.3587045453125 0.34868181875 0.36122027968750003 0.30089860156250003 0.32811888125 0.2991573421875 0.32560314687499997 0.346940559375 0.3587045453125 0.34868181875
4 0.344440559375 0.255790209375 0.3748129375 0.23111363593749998 0.3386486015625 0.1866013984375 0.308274475 0.2112797203125 0.344440559375 0.255790209375
4 0.1860122375 0.2781625875 0.210578671875 0.26342307656249997 0.1861258734375 0.22266783281250002 0.161559440625 0.23740734218749998 0.1860122375 0.2781625875
4 0.36784440625000003 0.9533146859375 0.4562832171875 0.8187360140625 0.40454895156250004 0.7847395109375 0.3161118875 0.9193181812500001 0.36784440625000003 0.9533146859375
4 0.8107954546875 0.9873741265625 0.8580891609375 0.9800979015625 0.8398986015625001 0.8618636359374999 0.7926048953125 0.8691398593749999 0.8107954546875 0.9873741265625
4 0.8920891609374999 0.9189860140624999 0.9237500000000001 0.814503496875 0.8856870625000001 0.80296853125 0.8540262234375 0.9074527968749999 0.8920891609374999 0.9189860140624999
4 0.8236206296875 0.7490174828125 0.8667237765625 0.6388618875 0.72609965 0.583833915625 0.6829947546875 0.6939895109374999 0.8236206296875 0.7490174828125
4 0.8754860140625 0.5609300703125 0.8754860140625 0.4120052453125 0.7459860140625 0.4120052453125 0.7459860140625 0.5609300703125 0.8754860140625 0.5609300703125
4 0.7408059437500001 0.2540139859375 0.7498706296875 0.147825175 0.742659090625 0.1472080421875 0.7335926578125 0.2533986015625 0.7408059437500001 0.2540139859375
4 0.8055419578125 0.30625699375000004 0.86721853125 0.17796853125 0.7616888109375 0.1272325171875 0.7000104890625 0.2555209796875 0.8055419578125 0.30625699375000004
4 0.6890052453125 0.38351398593749997 0.7240122375 0.3705489515625 0.7048758734375 0.31888111874999997 0.66986888125 0.3318479015625 0.6890052453125 0.38351398593749997
4 0.6963758734375001 0.5144265734375 0.7977832171875 0.3933007 0.7558391609374999 0.3581835671875 0.6544300703125 0.47930944062499997 0.6963758734375001 0.5144265734375
4 0.6243321671875 0.3221241265625 0.6749790203125 0.317059440625 0.6684265734375 0.251540209375 0.6177797203125001 0.2566048953125 0.6243321671875 0.3221241265625
4 0.7069388109375 0.235702796875 0.7670209796874999 0.07906118906250001 0.60881818125 0.01838111875 0.5487360140625 0.1750227265625 0.7069388109375 0.235702796875
4 0.9061083921875 0.45809090937499997 0.9740576921875 0.4411048953125 0.9525 0.354872378125 0.8845506999999999 0.371860140625 0.9061083921875 0.45809090937499997
4 1 0.5731607734375 0.9412010484375 0.563877621875 0.9062045453125 0.7855209796875 0.966653846875 0.7950664328125 1 0.5838735703125 1 0.5731607734375
4 0.9879230765625 0.5535856640625 0.9896905593750001 0.4899632859375 0.9606118875 0.48915559374999995 0.9588444062500001 0.552777971875 0.9879230765625 0.5535856640625
4 0.879073134375 0 0.8272132859375001 0.007071678125 0.8645192312500001 0.2806451046875 0.968365384375 0.266484265625 0.932027859375 0 0.879073134375 0
4 0.6979167546875 1 0.695321678125 0.9792360140625 0.665674825 0.982940559375 0.6678073703125 1 0.6979167546875 1
4 0.5426695796875001 0.873024475 0.5694772734375 0.8640891609375 0.5538076921874999 0.8170804203124999 0.5269999999999999 0.8260157343750001 0.5426695796875001 0.873024475
4 0.5372622375 0.2997202796875 0.5766835671874999 0.23401748281249998 0.5305961531250001 0.20636538437500002 0.491174825 0.27206818125 0.5372622375 0.2997202796875
0 0.6514510484375 1 0.6514510484375 0.0863111890625 0 0.0863111890625 0 1 0.6514510484375 1
0 0.7540563390624999 0 0.5674353140624999 0.0377377625 0.6708758734375 0.549274475 0.9141765734374999 0.500075175 0.8130537140625 0 0.7540563390624999 0
0 0.8218403265625 0 0.861241259375 0.3213548953125 0.97203146875 0.3077709796875 0.9342973593749999 0 0.8218403265625 0
0 1 0.5465503875 0.9544807687500001 0.22163985937500003 0.851008740625 0.23613461562500002 0.9026800703125 0.6049597906249999 1 0.5913252 1 0.5465503875
0 0.7498706296875 0.9520209796874999 0.9672395109374999 0.909 0.8560611890625 0.3472552453125 0.6386923078125 0.3902762234375 0.7498706296875 0.9520209796874999
0 0.736921328125 1 0.736921328125 0.60411888125 0.2948741265625 0.60411888125 0.2948741265625 1 0.736921328125 1