0 0.433416084375 0 0.000058573437499999996 0.723994321875 0.0002009453125 0.765174896875 0.4221616828125 0.9985764843749999 0.7935564875 0.9969683406250001 0.9768423281249999 0.0016261265625 0.433416084375 0
4 0.5983609375000001 0.216203125 0.5044296875 0.1922203125 0.46958124999999995 0.3287125 0.5635125000000001 0.35269531249999997 0.5983609375000001 0.216203125
4 0.766028125 0.48904531249999994 0.6763484375 0.4853859375 0.6722296875 0.5862890625 0.761909375 0.58995 0.766028125 0.48904531249999994
4 0.6616140625 0.5689265625 0.51504375 0.5173171875 0.4615390625 0.66926875 0.6081109375 0.720878125 0.6616140625 0.5689265625
4 0.7756359374999999 0.7380203125 0.76225625 0.6768562499999999 0.6187 0.708259375 0.6320796875 0.7694234375 0.7756359374999999 0.7380203125
4 0.727696875 0.8619734375 0.7088796875 0.7969703124999999 0.5958218750000001 0.8296984374999999 0.6146375 0.8947015625000001 0.727696875 0.8619734375
4 0.69679375 0.944771875 0.5858218749999999 0.913946875 0.572125 0.9632546874999999 0.683096875 0.9940796875 0.69679375 0.944771875
4 0.43318124999999996 0.7123062499999999 0.3887890625 0.7106609374999999 0.3855046875 0.7993609375 0.429896875 0.8010046875000001 0.43318124999999996 0.7123062499999999
4 0.362228125 0.88415 0.348325 0.7979437500000001 0.29821718750000004 0.8060265624999999 0.3121203125 0.89223125 0.362228125 0.88415
4 0.5666140625 0 0.5338 0.104409375 0.6146078125 0.12980624999999998 0.650909375 0.014296875 0.60541875 0 0.5666140625 0
4 0.8762328125 0.2634515625 0.8258359375 0.23114531249999998 0.77144375 0.3159953125 0.8218421875 0.3483015625 0.8762328125 0.2634515625
4 0.7505921875 0.4739625 0.731453125 0.217496875 0.534546875 0.232190625 0.5536859375 0.48865625 0.7505921875 0.4739625
4 0.328125 0.66796875 0.128125 0.0859375
4 0.0019005140625 0 0 0.66631165 0.41585469062499997 0 0.0019005140625 0
0 0.0008577765625000001 0 0.0024760296875 0.6698302125 0.412726478125 0 0.0008577765625000001 0
4 0.3197562921875 1 0.0042968390625 0.8207031265625 0.0010591828124999999 1 0.3197562921875 1
4 0.88203125 0.1328125 0.0765625 0.0640625
4 0.83125 0.425 0.0890625 0.121875