0 0.234825103125 0.0002009453125 0.001423515625 0.4221616828125 0.0030316593749999997 0.7935564875 0.9983738734375001 0.9768423281249999 1 0.433416084375 0.276005678125 0.000058573437499999996 0.234825103125 0.0002009453125
4 0.6712875 0.46958124999999995 0.6473046874999999 0.5635125000000001 0.783796875 0.5983609375000001 0.8077796875000001 0.5044296875 0.6712875 0.46958124999999995
4 0.4137109375 0.6722296875 0.41005 0.761909375 0.5109546875000001 0.766028125 0.5146140625 0.6763484375 0.4137109375 0.6722296875
4 0.33073125000000003 0.4615390625 0.279121875 0.6081109375 0.4310734375 0.6616140625 0.48268281249999995 0.51504375 0.33073125000000003 0.4615390625
4 0.291740625 0.6187 0.23057656249999997 0.6320796875 0.2619796875 0.7756359374999999 0.32314375 0.76225625 0.291740625 0.6187
4 0.1703015625 0.5958218750000001 0.10529843750000001 0.6146375 0.1380265625 0.727696875 0.2030296875 0.7088796875 0.1703015625 0.5958218750000001
4 0.0367453125 0.572125 0.0059203125 0.683096875 0.055228124999999996 0.69679375 0.086053125 0.5858218749999999 0.0367453125 0.572125
4 0.2006390625 0.3855046875 0.1989953125 0.429896875 0.28769374999999997 0.43318124999999996 0.28933906249999997 0.3887890625 0.2006390625 0.3855046875
4 0.1939734375 0.29821718750000004 0.10776875 0.3121203125 0.11585000000000001 0.362228125 0.20205625 0.348325 0.1939734375 0.29821718750000004
4 1 0.5666140625 0.895590625 0.5338 0.87019375 0.6146078125 0.985703125 0.650909375 1 0.60541875 1 0.5666140625
4 0.6840046875 0.77144375 0.6516984375 0.8218421875 0.7365484375 0.8762328125 0.7688546875 0.8258359375 0.6840046875 0.77144375
4 0.767809375 0.534546875 0.51134375 0.5536859375 0.5260374999999999 0.7505921875 0.7825031250000001 0.731453125 0.767809375 0.534546875
4 0.33203125 0.328125 0.0859375 0.128125
4 1 0.0019005140625 0.33368834999999997 0 1 0.41585469062499997 1 0.0019005140625
0 1 0.0008577765625000001 0.3301697875 0.0024760296875 1 0.412726478125 1 0.0008577765625000001
4 0 0.3197562921875 0.1792968734375 0.0042968390625 0 0.0010591828124999999 0 0.3197562921875
4 0.8671875 0.88203125 0.0640625 0.0765625
4 0.575 0.83125 0.121875 0.0890625