0 0.3154533609375 0 0.032624959375 0.09562781718749999 0.0155061015625 0.195902915625 0.3168194890625 0.9745615015625001 0.44474207187500003 0.9978333312500001 0.884254778125 0.9927191375 0.8715638374999999 0.0449764390625 0.6243334953125 0 0.3154533609375 0
4 0.5175267531250001 0.640151225 0.415516409375 0.647270684375 0.4275881734375 0.795602746875 0.5295985171875001 0.7884832890625 0.5175267531250001 0.640151225
4 0.7660673359375 0.4313482609375 0.672084365625 0.41817036406249997 0.6584833203125 0.523728415625 0.7524660140625 0.5369079359375 0.7660673359375 0.4313482609375
4 0.629212196875 0.266272640625 0.467518709375 0.292112971875 0.4962663703125 0.46003038281249997 0.6579582296875001 0.43418975781249997 0.629212196875 0.266272640625
4 0.6627635125 0.22040108749999998 0.637995753125 0.281380878125 0.781834671875 0.34117011875 0.8066024328125 0.280190328125 0.6627635125 0.22040108749999998
4 0.666819296875 0.0870093515625 0.635713525 0.1509464296875 0.7475763578125 0.20633716093749999 0.7786837578125 0.142400378125 0.666819296875 0.0870093515625
4 0.634727259375 0.007774425 0.6402412046875 0.061569153125 0.7611994984375 0.0505711109375 0.7585180953124999 0.024411023437500002 0.6562910421875 0.00581375625 0.634727259375 0.007774425
4 0.4579406796875 0.14932686875 0.4114481921875 0.14262878750000002 0.399142084375 0.2353570890625 0.4456348484375 0.24205354531249998 0.4579406796875 0.14932686875
4 0.3515371390625 0.0322976921875 0.321785528125 0.11918066875 0.372502265625 0.1370610171875 0.4022541515625 0.0501764171875 0.3515371390625 0.0322976921875
4 0.4425885703125 0.8923468015625 0.4569632171875 0.997691125 0.5469331234375 0.9966442296875 0.5311913968749999 0.8812742609375 0.4425885703125 0.8923468015625
4 0.78560401875 0.6936243515625 0.727424834375 0.7176291515625 0.7689916046875 0.8160360484375 0.8271691640625001 0.792030953125 0.78560401875 0.6936243515625
4 0.531402284375 0.4971083078125 0.46601833125000003 0.75979961875 0.668343328125 0.8123387531249999 0.7337272796875001 0.549647440625 0.531402284375 0.4971083078125
4 0.32890625 0.26796875 0.153125 0.115625
4 0 0.9169253203125001 0.29837630625 0.971206296875 0.005566153125 0.2541269859375 0 0.2867311796875 0 0.9169253203125001
0 0 0.9169253203125001 0.2951963734375 0.9706277984374999 0.0067715625 0.2470661984375 0 0.28673117812500004 0 0.9169253203125001
4 0.048950435937499995 0 0.042123009375 0.0399922078125 0.156006225 0 0.048950435937499995 0
4 0.81015625 0.9296875 0.09375 0.0828125
4 0.80859375 0.615625 0.11875 0.146875