0 0.215466646875 0 0.03248126875 0.0618696421875 0.0145661859375 0.1668087 0.32989415 0.9816839640625 0.4305753015625 1 0.9237125890625 1 0.9104405609375 0.0088623875 0.8617250328124999 0 0.215466646875 0
4 0.44581486562499995 0.794401546875 0.5525698765625 0.78695095 0.539936634375 0.6317197203125 0.433181625 0.6391703171875001 0.44581486562499995 0.794401546875
4 0.687449321875 0.509881896875 0.7858033046874999 0.52367441875 0.8000372453125 0.413204990625 0.7016829734375001 0.3994141671875 0.687449321875 0.509881896875
4 0.517687396875 0.4432211640625 0.6868998093750001 0.41617865 0.6568167515625001 0.24045143593749999 0.48760263593750003 0.26749364062500003 0.517687396875 0.4432211640625
4 0.8165379453125 0.3188325171875 0.8424576953124999 0.25501645625 0.6919285937499999 0.1924463203125 0.66600884375 0.2562623796875 0.8165379453125 0.3188325171875
4 0.7806862203125 0.17772825781249998 0.8132404765624999 0.110817671875 0.6961730187499999 0.052850317187499996 0.6636204671875 0.1197612140625 0.7806862203125 0.17772825781249998
4 0.6656704906249999 0 0.6683587359375001 0.026226853124999998 0.7949429968749999 0.014717274999999998 0.793434478125 0 0.6656704906249999 0
4 0.416045703125 0.20809795000000003 0.464700921875 0.2151058703125 0.47757911562500005 0.11806632343750001 0.4289241875 0.1110567046875 0.416045703125 0.20809795000000003
4 0.364717790625 0 0.3350911671875 0.086517975 0.38816682187499996 0.10522996874999999 0.4193025171875 0.014304225 0.378725378125 0 0.364717790625 0
4 0.5700566515625 1 0.55423684375 0.8840577812499999 0.4615129546875 0.8956453234374999 0.47575256093749996 1 0.5700566515625 1
4 0.8030975265625001 0.815785234375 0.86398101875 0.7906636218750001 0.8204826109375001 0.68767996875 0.7595974187500001 0.7128012703125 0.8030975265625001 0.815785234375
4 0.6977679359375 0.8119159703125 0.766193 0.5370064578125 0.554457540625 0.48202364375 0.4860324734375 0.75693315625 0.6977679359375 0.8119159703125
4 0.3421875 0.2421875 0.159375 0.121875
4 0 0.9216692249999999 0.31059314374999997 0.978172703125 0.0041639140625 0.227740865625 0 0.25213133125 0 0.9216692249999999
0 0 0.9216692249999999 0.3072653078125 0.977567296875 0.0054253890625 0.22035166875 0 0.252131328125 0 0.9216692249999999
4 0.84609375 0.934375 0.096875 0.0875
4 0.84453125 0.60625 0.125 0.153125