0 0.8987716640625001 0 0 0.165502996875 0 0.6498453921875 0.193683046875 1 0.2512518984375 1 1 0.551825746875 0.9983487390624999 0 0.8987716640625001 0
4 0.7983262296875 0.477319671875 0.7731639343750001 0.378768853125 0.629959015625 0.415331146875 0.6551213109375 0.5138819671875 0.7983262296875 0.477319671875
4 0.4907426234375 0.2969459015625 0.48690327812499995 0.20285573750000002 0.381036065625 0.2071770484375 0.38487704843750004 0.3012672125 0.4907426234375 0.2969459015625
4 0.457240984375 0.46618360625 0.4030934421875 0.31240491875 0.24366885312500003 0.36853934375 0.29781639375 0.522319671875 0.457240984375 0.46618360625
4 0.28985573750000004 0.20681311406249997 0.22568360625 0.19277540937499998 0.192736065625 0.343391803125 0.256908196875 0.3574295078125 0.28985573750000004 0.20681311406249997
4 0.1638344265625 0.26281475468750004 0.0956344265625 0.24307213125 0.061296721875 0.361691803125 0.129496721875 0.3814327875 0.1638344265625 0.26281475468750004
4 0 0.40334283906249996 0.041104918750000004 0.391924590625 0.008763934375 0.27549508125 0 0.27792955468749997 0 0.40334283906249996
4 0.25438852500000003 0.598647540625 0.2526622953125 0.55207213125 0.1596016390625 0.5555180328125 0.1613262296875 0.6020934421875 0.25438852500000003 0.598647540625
4 0.16281311406250001 0.6411016390625 0.0723672125 0.6265147546875001 0.063888525 0.6790868859375 0.15433278749999998 0.6936737703125 0.16281311406250001 0.6411016390625
4 1 0.37136393437500004 0.985 0.323636065625 0.8638098359375 0.3617229515625 0.8904557375 0.44650491875 1 0.4120770484375 1 0.37136393437500004
4 0.7574868859375 0.1401065578125 0.7235918031249999 0.087231146875 0.634568853125 0.144296721875 0.668463934375 0.1971737703125 0.7574868859375 0.1401065578125
4 0.7718065578125 0.239131146875 0.50272786875 0.21905082031249998 0.487311475 0.42564098437500003 0.7563901640624999 0.4457213109375 0.7718065578125 0.239131146875
4 0.29921875 0.6625 0.090625 0.134375
4 1 0.570250815625 0.31142561406249997 1 1 1 1 0.570250815625
0 1 0.5735328749999999 0.3036922546875 1 1 1 1 0.5735328749999999
4 0.137769715625 1 0 0.757604478125 0 1 0.137769715625 1
4 0.8609375 0.08125 0.0671875 0.08125
4 0.55390625 0.134375 0.128125 0.09375