0 1 0.3615568453125 0.8933663671875 0.04617769375 0.7946580671875 0.029326318750000004 0.028166021875000002 0.32593168437500003 0.0052578140624999995 0.45185547656249997 0.0102920984375 0.884500796875 0.9432263171875 0.8720081531250001 1 0.5599297140624999 1 0.3615568453125
4 0.35735113749999997 0.523502896875 0.35034292031250003 0.42308646562499996 0.20432854531250003 0.43496960781249994 0.2113367625 0.535386040625 0.35735113749999997 0.523502896875
4 0.56289155625 0.7681600343749999 0.5758635484375 0.675645546875 0.47195484062500004 0.66225701875 0.45898125 0.7547712328125 0.56289155625 0.7681600343749999
4 0.72538786875 0.63344325625 0.69995129375 0.4742762296875 0.5346575921875 0.5025747078125 0.5600944578125 0.6617401328125 0.72538786875 0.63344325625
4 0.7705426796875 0.6664703328125 0.7105156984375001 0.64208956875 0.6516606640625 0.7836810046875 0.7116876453125001 0.8080617703125 0.7705426796875 0.6664703328125
4 0.9018501703125 0.6704627453125 0.8389121078124999 0.6398430015625001 0.7843868578125 0.7499579765625 0.8473246281250001 0.7805793234375 0.9018501703125 0.6704627453125
4 0.9817770843750001 0.6600989953124999 0.97984705 0.6388721453125 0.9268928656250001 0.6442999359375 0.9377190625 0.7633682562499999 0.9634703984374999 0.76072875 0.9817770843750001 0.6600989953124999
4 0.8405063640625 0.46484785625 0.8470997875 0.4190818140625 0.755820365625 0.40696798906250004 0.749228540625 0.4527343046875 0.8405063640625 0.46484785625
4 0.955706959375 0.360106871875 0.8701815296875001 0.3308201296875 0.8525805609375 0.38074441718749996 0.9381075890625 0.4100314296875 0.955706959375 0.360106871875
4 0.10909611718750001 0.4497356234375 0.0053977984375 0.46388566718749996 0.0064283359375 0.5524497937499999 0.11999565000000001 0.53695403125 0.10909611718750001 0.4497356234375
4 0.3047135296875 0.7873914562500001 0.2810838046875 0.730121321875 0.1842145140625 0.7710386109375 0.20784453125 0.8283071453125 0.3047135296875 0.7873914562500001
4 0.498159009375 0.5371616234375 0.23957225000000001 0.4727992953125 0.187854040625 0.6719629640625 0.44644079999999997 0.736325290625 0.498159009375 0.5371616234375
4 0.7234375 0.3375 0.1140625 0.15
4 0.0874599046875 0 0.031468801562499996 0.30777667656249996 0.7373437484375 0.01954168125 0.6228767515625 0 0.0874599046875 0
0 0.0874599046875 0 0.0320382609375 0.3046464296875 0.7442942109375 0.02072825625 0.6228767515625 0 0.0874599046875 0
4 1 0.064382071875 0.9481326703124999 0.055527337499999996 1 0.20322656718749998 1 0.064382071875
4 0.07265625 0.81171875 0.08125 0.0921875
4 0.38125 0.81015625 0.14375 0.1171875