4 0.32275154375000004 0.07669973125 0.048962103125 0.1065267421875 0.030365695312500003 0.33272218750000004 0.13391566093750001 0.9556912625 0.194332740625 0.9641219515625 0.46535125781250003 0.9345968078125001 0.32275154375000004 0.07669973125
4 0.2792428828125 0.2890371546875 0.49467236875 0.9660284578124999 0.6494909484375 0.9250682875 0.4340597703125 0.24807674687499998 0.2792428828125 0.2890371546875
4 0.45777801875 0.40450614218750003 0.6672378171875 0.945500365625 0.7658071265624999 0.9123715109375 0.556347465625 0.3713756109375 0.45777801875 0.40450614218750003
4 0.5911105515624999 0.4642881671875 0.7802826046875 0.9235263265625001 0.8336135546874999 0.9042240453125 0.6444415015625 0.44498588437500003 0.5911105515624999 0.4642881671875
0 0.5814609171875 0.46544779375 0.776410115625 0.933811984375 0.8407197828124999 0.9102466390625 0.6457687578125 0.4418838921875 0.5814609171875 0.46544779375
0 0.45108492343749995 0.40304751562499996 0.6611063265625 0.9491086390625 0.7643499265625 0.9146828125 0.55432683125 0.3686214546875 0.45108492343749995 0.40304751562499996
0 0.2841280515625 0.2949722453125 0.4928428703125 0.968583246875 0.651790478125 0.92790380625 0.4430756609375 0.25429280468750004 0.2841280515625 0.2949722453125
0 0.312213621875 0.2680605375 0.0506198984375 0.0863623140625 0.0500853171875 0.092864640625 0.1239467 0.954300178125 0.20764223125 0.9659791765625 0.47052571875 0.9373155640625 0.312213621875 0.2680605375
4 1 0.7377574499999999 0.680773525 0.521201053125 0.8414848421875 0.9075019187500001 0.9929018765625001 0.897340559375 0.9956650140625 0.8637314390625 1 0.8077708171875001 1 0.7377574499999999
0 1 0.7354655953125 0.6729798671875 0.5097988890625 0.8371426515625 0.9081099921875 0.9927574921875 0.89909676875 1 0.81100328125 1 0.7354655953125
4 1 0.737499765625 0.9191946953125001 0.607953659375 0.3195707828125 0.005578128125 0.0576373671875 0.0010060640625 0.05264470156249999 0.0617338484375 1 0.7379597828125 1 0.737499765625
0 0.9232301046875 0.6093972921875 0.3203026140625 0.005590903124999999 0.0576373671875 0.0010060640625 0.052876023437499996 0.058920171875 0.9976555515625 0.7352217750000001 0.9232301046875 0.6093972921875