4 0.42167315937499994 1 0.5323808718749999 0.9720436234375001 0.32326845625 0.1439563765625 0.0033775171875000004 0.2247365765625 0.199150615625 1 0.42167315937499994 1
4 0.7122802015625 0.9372365765625 0.4463020140625 0.297958053125 0.297708053125 0.3597818796875 0.5636845640625 0.9990604031249999 0.7122802015625 0.9372365765625
4 0.8253791953125 0.9086510062500001 0.576229865625 0.40293624218749996 0.48219127500000003 0.449266778125 0.7313406046875001 0.9549798656249999 0.8253791953125 0.9086510062500001
4 0.89125 0.89125 0.6686006718749999 0.4635285234375 0.6178322140625 0.4899563765625 0.84048154375 0.9176778531249999 0.89125 0.89125
0 0.8987080531249999 0.8962214765625 0.669652684375 0.46028020156249994 0.608458053125 0.49243288593749995 0.8375117453125 0.9283758390625 0.8987080531249999 0.8962214765625
0 0.8241359062500001 0.91113590625 0.5740251671875 0.4004932890625 0.4755067109375 0.44874832187499997 0.725615771875 0.9593909390625001 0.8241359062500001 0.91113590625
0 0.566611265625 1 0.7147650999999999 0.9397214765624999 0.455649328125 0.30285738281249996 0.302979865625 0.3649731546875 0.56134813125 1 0.566611265625 1
0 0.4348225484375 1 0.53767708125 0.9740167140624999 0.3283651109375 0.3345069875 0.055842546874999996 0.19039228125000002 0.192489109375 1 0.4348225484375 1
4 1 0.682697121875 0.7103955015625 0.5338324109375 0.8992372890624999 0.8934037265624999 1 0.872315646875 1 0.682697121875
0 1 0.6800909265625 0.7018290421875 0.52363978125 0.895026015625 0.89460335625 1 0.8736266921875 1 0.6800909265625
4 0 0 0 0.1352472140625 1 0.681562059375 1 0.6500874390625 0.9513192953124999 0.5866828140625 0.22231725156249998 0 0 0
0 0 0 0 0.1323298796875 1 0.6804860171875 1 0.64873056875 0.9553950718750001 0.5875529265625 0.2228338125 0 0 0