4 0.858128125 0.67551875 0.086971875 0.48078281250000005 0.0117453125 0.77868125 0.7829015625 0.9734171875 0.858128125 0.67551875
4 0.7147140624999999 0.5609437500000001 0.1193859375 0.31325156249999997 0.061812500000000006 0.45163125 0.657140625 0.699321875 0.7147140624999999 0.5609437500000001
4 0.616953125 0.4399484375 0.14600625 0.20792812500000002 0.1028625 0.29550156250000004 0.5738078125 0.5275218749999999 0.616953125 0.4399484375
4 0.5605265625 0.35392812500000004 0.16221093749999999 0.14658593749999999 0.1376 0.1938640625 0.535915625 0.40120625 0.5605265625 0.35392812500000004
0 0.5635515625 0.3529484375 0.15758125 0.13964062500000002 0.12763750000000001 0.1966296875 0.5336093749999999 0.40993593749999996 0.5635515625 0.3529484375
0 0.619228125 0.44200156249999994 0.14369218749999998 0.20908593749999999 0.09875468750000001 0.3008328125 0.5742906249999999 0.5337468750000001 0.619228125 0.44200156249999994
0 0.7101515625 0.5522390625 0.117071875 0.3109375 0.0592265625 0.4531109375 0.65230625 0.6944125 0.7101515625 0.5522390625
0 0.085134434375 0.47585071875 0.0062589734375 0.788078309375 0.8148846875 0.9245591281250001 0.6806778671875 0.670772490625 0.085134434375 0.47585071875
4 0.1890302625 0.0014167140624999999 0.1602052796875 0.139147775 0.49505606718750006 0.31500668906249996 0.3342102734375 0.00209394375 0.1890302625 0.0014167140624999999
0 0.1876773140625 0 0.159088125 0.14306952343749998 0.504547953125 0.3229842046875 0.33507722812499996 0 0.1876773140625 0
4 0.8787524484375 0.9994685546875001 0.9968249703125001 0.99704751875 1 0.7792372390625 0.4458391296875 0.09064640625 0.3363057984375 0.006549075 0.8787524484375 0.9994685546875001
0 1 0.778789140625 0.44502883750000005 0.08685083906249999 0.338797690625 0.009397175 0.88029491875 0.9972493421875 1 0.9964006609375 1 0.778789140625