4 0.48682698437500005 0.085177778125 0.68465396875 0.868574603125 0.9872809531250001 0.79215396875 0.78945396875 0.0087571421875 0.48682698437500005 0.085177778125
4 0.3166365078125 0.11810634843750001 0.5682603171875 0.7228841265625 0.7088349203125001 0.6643968250000001 0.4572126984375 0.059619046875000005 0.3166365078125 0.11810634843750001
4 0.2096412703125 0.14514920625 0.44534444375 0.623571428125 0.5343079359375 0.5797412703125 0.2986047625 0.10132063437500001 0.2096412703125 0.14514920625
4 0.147325396875 0.1616111109375 0.35795872968750003 0.56624920625 0.40598730156249996 0.54124761875 0.19535396875 0.1366095234375 0.147325396875 0.1616111109375
0 0.140269840625 0.15690793593750002 0.3569634921875 0.569322221875 0.41485555625000003 0.5389047625 0.1981634921875 0.1264888890625 0.140269840625 0.15690793593750002
0 0.21081746093749998 0.1427984125 0.44743015937499997 0.6258825390625 0.5406317453125 0.5802317453125 0.304020634375 0.09714761875 0.21081746093749998 0.1427984125
0 0.3142857140625 0.11575555625 0.5594174609375 0.71824920625 0.70384761875 0.6594857140625 0.45871587343750003 0.0569920640625 0.3142857140625 0.11575555625
0 0.7990001875 0.0031837187500000004 0.48181660312499996 0.083311171875 0.679832371875 0.688307675 0.9376473687500001 0.8246447625 0.7990001875 0.0031837187500000004
4 0 0.2206048359375 0.0005398796875 0.3363405953125 0.31841949375 0.499739496875 0.13976916875 0.15957361718750002 0 0.18882514374999998 0 0.2206048359375
0 0 0.3380541734375 0.3265236359375 0.509382046875 0.1437531671875 0.1584387296875 0 0.1871645296875 0 0.3380541734375
4 1 0.88201674375 0.0050657265625 0.3384693828125 0.0904979359375 0.4497413375 0.774239953125 1 1 1 1 0.88201674375
0 1 0.8847941718750001 0.007959034375 0.341000828125 0.086642121875 0.448918184375 0.773731184375 1 1 1 1 0.8847941718750001