4 0.2722849328125 0 0.170491740625 0.2574460703125 0.9889133843750001 0.611689765625 1 0.5836505062499999 1 0.253788240625 0.41366411875000003 0 0.2722849328125 0
4 1 0.6403220421875 0.3938245609375 0.2687786875 0.3121581109375 0.4084504 0.9308822578125 0.7876870671875 1 0.6694759015625 1 0.6403220421875
4 0.9465925531250001 0.8100270328124999 0.4619912640625 0.47083113125000003 0.4029594421875 0.5579816765625 0.88756244375 0.8971778671875 0.9465925531250001 0.8100270328124999
4 0.8948780656249999 0.914011659375 0.48650580468750004 0.6150639140624999 0.45319269218749997 0.6618698234375 0.8615649484375 0.960817565625 0.8948780656249999 0.914011659375
0 0.9061614234375 0.9128507234375001 0.4902056953125 0.6060072921875 0.4497478078125 0.6623743453125 0.8657016140625 0.9692191859375001 0.9061614234375 0.9128507234375001
0 0.9518085828125 0.8049956140625 0.4622996 0.4639793515625 0.40074385156250003 0.555330325 0.8902526249999999 0.8963482875000001 0.9518085828125 0.8049956140625
0 1 0.6374960890625 0.398459203125 0.275006471875 0.315984590625 0.41875086250000004 0.9331055421875 0.7906291109375 1 0.6740392609375 1 0.6374960890625
0 0.25325795625 0 0.364206053125 0.29543756875 0.9902625765625 0.617387678125 1 0.5927674953125 1 0.2520493296875 0.266174928125 0 0.25325795625 0
4 0.852611321875 0.998505525 0.862761365625 0.969269034375 0.5196651703125 0.7162662625 0.6225181156249999 0.9998441687499999 0.852611321875 0.998505525
0 0.853304221875 0.9985014937500001 0.864512325 0.9652154171875 0.5103419890625001 0.70584361875 0.619707959375 0.9998605171875001 0.853304221875 0.9985014937500001
4 0.0769217421875 0 0.056608884375 0.16408835156249998 0.5433981203125 0.9691040140625 0.573472359375 1 0.595732990625 1 0.620461553125 0.9998561328125 0.2298644296875 0 0.0769217421875 0
0 0.0769217421875 0 0.0565317859375 0.1647111578125 0.5437751671875 0.9733772109375 0.5709458281249999 1 0.5957329765625 1 0.6193839718749999 0.999862403125 0.227198803125 0 0.0769217421875 0