4 0.5554171046875 1 0.6146321125 0.9765866125 0.265923475 0.1709528078125 0 0.2760979328125 0 0.38144642812499996 0.2677332703125 1 0.5554171046875 1
4 0.2770790203125 0.3907960515625 0.6503884421875 0.9998528390624999 0.78787945625 0.919462221875 0.4145683625 0.310405640625 0.2770790203125 0.3907960515625
4 0.47597439531249996 0.45789764999999993 0.8098703609375001 0.9349270437499999 0.8956594625 0.8768192812500001 0.5617632125 0.3997882015625 0.47597439531249996 0.45789764999999993
4 0.6179535406250001 0.4820291515625 0.9122302265625001 0.8840205953125 0.958304790625 0.8512279968750001 0.6640281078125 0.44923655625 0.6179535406250001 0.4820291515625
0 0.6090384281250001 0.48567123125 0.91108743125 0.8951276515625001 0.9665751359374999 0.8553000265625 0.664524746875 0.4458454984375 0.6090384281250001 0.48567123125
0 0.4692296734375 0.45820116874999994 0.8049175578125001 0.9400615734375 0.8948428453125 0.879467428125 0.5591532890625001 0.397607228125 0.4692296734375 0.45820116874999994
0 0.654221240625 1 0.79077553125 0.92165076875 0.4247078796875 0.31417233125 0.2832094953125 0.395358278125 0.6475677359375 1 0.654221240625 1
0 0.5644003984375 1 0.6202409953125 0.9779147234375 0.30332135625 0.3616403328125 0.0074859359375 0.2505428265625 0.2649044765625 1 0.5644003984375 1
4 0.96662420625 0.85240571875 0.9954038765625001 0.8424142703124999 0.996721603125 0.6159162703125001 0.7175746015625 0.5146704015625 0.96662420625 0.85240571875
0 0.9626339265625001 0.8541293203125001 0.9953999078125 0.8430963437500001 0.9967376968749999 0.613150021875 0.7073148125000001 0.5054928953125 0.9626339265625001 0.8541293203125001
4 0 0.22451463125 0.99673338125 0.613891840625 0.9970017671875 0.5677602484375 0.9664617640625 0.538032525 0.17402447031249998 0.0588493703125 0 0.08039224375000001 0 0.22451463125
0 0 0.2218708328125 0.9967395531250001 0.612831096875 0.997016115625 0.5652938203125 0.9706681921874999 0.5384036796875 0.1746375453125 0.0587734765625 0 0.08039224375000001 0 0.2218708328125