4 0.689320365625 1 0.9246124312499999 0.9806557234375 0.95718800625 0.6816365390625 0.02023556875 0.5258962375 0 0.71164346875 0 0.888339553125 0.6717627078125 1 0.689320365625 1
4 0 0.4983576453125 0.725283653125 0.7291545312500001 0.7700185703125 0.560071240625 0.03064214375 0.3247880421875 0 0.44060721718750007 0 0.4983576453125
4 0.6353576953125 0.4265147140625 0.0445089296875 0.197753309375 0.0083272453125 0.305405796875 0.5991741796875 0.5341673515625 0.6353576953125 0.4265147140625
4 0.5549642218749999 0.33030279687499997 0.053407185937500004 0.12369850625 0.032326196875000004 0.1819439125 0.5338832296875 0.388548203125 0.5549642218749999 0.33030279687499997
0 0.5583520625 0.328853234375 0.046829609375 0.11593743906250001 0.0210927140625 0.186173253125 0.53261674375 0.39908705312500004 0.5583520625 0.328853234375
0 0.638365646875 0.42872155 0.0419846421875 0.199344790625 0.00438646875 0.3121023046875 0.6007672187499999 0.5414772171875 0.638365646875 0.42872155
0 0 0.5011022921875 0.71880164375 0.7238191921875 0.7632297015625 0.5502245343750001 0.02754533125 0.32227661093750004 0 0.42990504375 0 0.5011022921875
0 0 0.89887133125 0.9395334984374999 0.9794290046875 0.946635015625 0.9788451625000001 0.7481932703124999 0.6931455328125 0.017266278125 0.5202449484375 0 0.67859970625 0 0.89887133125
4 0.0575515625 0 0.04982725625 0.11510187812499999 0.4717258125 0.29062277187499996 0.2745735546875 0 0.0575515625 0
0 0.056104534375 0 0.0491631484375 0.11984420312499999 0.48417868750000004 0.299134615625 0.2777549328125 0 0.056104534375 0
4 0.27640797500000003 0 0.9735329984375 0.9766337734375 1 0.97445781875 1 0.650406184375 0.3769789390625 0.03023105 0.328512878125 0 0.27640797500000003 0
0 0.27768297343750004 0 0.97660595625 0.976381134375 1 0.97445781875 1 0.6495123390625 0.375402275 0.0258237765625 0.3317443125 0 0.27768297343750004 0