4 0.5652911406250001 1 0.6169253968749999 0.9795840124999999 0.266023621875 0.168883328125 0 0.27406805156249997 0 0.3843334109375 0.2664836765625 1 0.5652911406250001 1
4 0.6580315984375 1 0.7912623453125 0.9221003484375 0.41560338437500005 0.3092132234375 0.277249328125 0.390109234375 0.651069921875 1 0.6580315984375 1
4 0.8997202140624999 0.8791892140625001 0.5637239875 0.3991579390625 0.47739561718749995 0.4576328546875 0.8133915578125 0.9376624343750001 0.8997202140624999 0.8791892140625001
4 0.9627595375 0.853436978125 0.6666320578125 0.44891728906250006 0.6202677140625 0.48191612812500007 0.916395196875 0.8864358187500001 0.9627595375 0.853436978125
0 0.9710818984375 0.8575346171874999 0.6671318203125 0.4455049046875 0.61129653125 0.48558111249999997 0.9152452140625 0.89761273125 0.9710818984375 0.8575346171874999
0 0.8988984609375 0.881854015625 0.56109765 0.39696324843749997 0.47060847656250004 0.45793828281250004 0.8084076046875 0.9428292562499999 0.8988984609375 0.881854015625
0 0.6622443062500001 1 0.7941766359375 0.9243026609375 0.42580667187500004 0.313003603125 0.28341835937500004 0.3947001546875 0.6481731875000001 1 0.6622443062500001 1
0 0.5743287296874999 1 0.6225695546875001 0.9809204765624999 0.3036567109375 0.36077014687500003 0.005960690625 0.24897391406249997 0.263918109375 1 0.5743287296874999 1
4 1 0.6161310109375 0.720515321875 0.51476266875 0.9711312765625 0.8546221062500001 1 0.8445997421874999 1 0.6161310109375
0 1 0.613328190625 0.71019100625 0.5055274421875 0.9671159015624999 0.8563565484375 1 0.8452837984375 1 0.613328190625
4 1 0.566531734375 0.9709678125 0.5382717234375 0.1735466375 0.056074837499999995 0 0.077558559375 0 0.223396253125 1 0.614049578125 1 0.566531734375
0 1 0.5639548624999999 0.9752006968750001 0.5386452125 0.17416356718749998 0.0559984671875 0 0.077558559375 0 0.2207383203125 1 0.6129774609374999 1 0.5639548624999999