4 0.46907226562500004 0.061061359375 0.189311215625 0.030583792187499997 0.12694519843750002 0.0392864390625 0.0200549109375 0.682351290625 0.039251203125 0.9158433625000001 0.3218725609375 0.9466325359375001 0.46907226562500004 0.061061359375
4 0.4367713765625 0.7697272296875 0.659151946875 0.0708972515625 0.49933921875 0.0286157859375 0.2769603953125 0.7274455171875001 0.4367713765625 0.7697272296875
4 0.5630038359375 0.6424509828125 0.779220259375 0.0840036015625 0.6774712953125 0.0498060734375 0.46125472968750003 0.6082517234375 0.5630038359375 0.6424509828125
4 0.6539396140625 0.5664661843750001 0.8492139921874999 0.0924138890625 0.7941626890625 0.072488953125 0.5988883109375001 0.546541246875 0.6539396140625 0.5664661843750001
0 0.6553096859374999 0.569668240625 0.856549453125 0.0861970171875 0.79016528125 0.0618715 0.5889273984375001 0.5453442125 0.6553096859374999 0.569668240625
0 0.56091801875 0.6452939828125 0.777716053125 0.0816177421875 0.6711420140625 0.0460814046875 0.454345728125 0.6097574031249999 0.56091801875 0.6452939828125
0 0.4460781015625 0.763310653125 0.6615256546875 0.0679702640625 0.49745070468749997 0.025978584375000002 0.28200315 0.7213189718749999 0.4460781015625 0.763310653125
0 0.47441364531249997 0.0582549015625 0.2030500453125 0.02866665625 0.11665465781249999 0.040722396875 0.04041065 0.929946178125 0.0409624765625 0.93665825625 0.31099470625 0.7490988 0.47441364531249997 0.0582549015625
4 1 0.0986040203125 0.8573391921875 0.089030278125 0.6914436390625001 0.48779246093750006 1 0.27847444062500004 1 0.0986040203125
0 1 0.09692512656249999 0.8528569312500001 0.08840258906250001 0.683398571875 0.4995624375 1 0.2810853640625 1 0.09692512656249999
4 1 0.27900837031250003 0.043052595312500004 0.9620811890625 0.046170046874999995 1 0.3385459984375 1 0.9375558140625 0.398241384375 1 0.29813160625 1 0.27900837031250003
0 1 0.280144821875 0.0432913796875 0.9649856296875001 0.046170046874999995 1 0.3393506671875 1 0.9417213984374999 0.3967511828125 1 0.298224734375 1 0.280144821875