3 0.61265100625 1 0.510275640625 0.821619803125 0.49040466718750003 0.8324496359375001 0.5865640421875 1 0.61265100625 1
3 0.4122253234375 0.9356986781250001 0.4915061609375 0.8288965859375 0.48144174062499995 0.8212584375 0.4021610046875 0.928062328125 0.4122253234375 0.9356986781250001
3 0.47859943281249995 0 0.3579433734375 0.12100020156249999 0.477040409375 0.2395945625 0.6505681671875 0.06557199375 0.5847201875 0 0.47859943281249995 0
3 0.48963059375 0 0.47324146875000006 0.033863659375 0.4865034 0.0406762484375 0.5061884328125 0 0.48963059375 0
3 0.39830620625 0 0.39404593593750004 0.0032161156250000004 0.43988098750000004 0.06250106250000001 0.45032337499999997 0.054618010937499996 0.40809647968749996 0 0.39830620625 0
3 0.3730962 0.584272559375 0.36066201875 0.28365366875000003 0.0729750203125 0.2838322125 0.08541099375 0.584451071875 0.3730962 0.584272559375
3 0 0.6945487296875 0.0050016734375000005 0.6996533140625 0.0762666859375 0.630075565625 0.0689262140625 0.6225840625 0 0.6898783828124999 0 0.6945487296875
3 0.465569734375 0.443910703125 0.4721896484375 0.4386822828125 0.3969319609375 0.3452997140625 0.390312046875 0.350528134375 0.465569734375 0.443910703125
3 0.47843178750000004 0.5722699828125 0.48772539375 0.5660776890625 0.397228084375 0.43480515625000005 0.387934478125 0.4409974484375 0.47843178750000004 0.5722699828125
3 0.6779731203125 0.5688834093749999 0.7323157171875 0.4572350890625 0.7168819890625 0.449264515625 0.6625393921875 0.5609128328125 0.6779731203125 0.5688834093749999
3 0.7508820109375 0.743904759375 0.7894731937499999 0.5732840515625 0.7158303390625 0.55383871875 0.6772391546875001 0.7244594265625001 0.7508820109375 0.743904759375
3 0.66049511875 0.566392228125 0.6697489859375 0.5582511890624999 0.573607025 0.45022955624999994 0.564353159375 0.45837059687500004 0.66049511875 0.566392228125
3 0.70449616875 0.62766764375 0.7145869265625 0.6197331859374999 0.6780207421875 0.5741787953124999 0.667929984375 0.5821132546875 0.70449616875 0.62766764375
3 0.6447032 0.574807528125 0.6448579140625 0.308033596875 0.47700488906249994 0.3011086625 0.47685017500000004 0.56788259375 0.6447032 0.574807528125
0 0 0 0 1 1 1 1 0 0 0