3 0.6029424359375 1 0.645849278125 0.7892871968749999 0.625124696875 0.78414650625 0.58117046875 1 0.6029424359375 1
3 0.7521044234375001 0.854055825 0.65038625625 0.7774174687500001 0.643816825 0.78639620625 0.7455345453125 0.8630329546875 0.7521044234375001 0.854055825
3 0.33317602968750004 0.03877063125 0.27543006718749996 0.148059721875 0.48018818906250005 0.263071996875 0.5494855859375 0.13192593749999998 0.3688103 0.0304408625 0.33317602968750004 0.03877063125
3 0.4219630171875 0.08065272968750001 0.3785001328125 0.0341987828125 0.36887188125 0.043159368749999996 0.412333175 0.089613684375 0.4219630171875 0.08065272968750001
3 0.4824720578125 0.0359976421875 0.47092514375 0.031361650000000005 0.4483386703125 0.09387522499999999 0.4598855828125 0.0985112171875 0.4824720578125 0.0359976421875
3 0.9279688374999999 0.48037303906249995 0.8489465453125 0.21228710468749998 0.59576976875 0.27608560781249997 0.674793653125 0.5441711734375 0.9279688374999999 0.48037303906249995
3 1 0.5355208703125001 0.9538848859375 0.510363840625 0.9496682546875 0.5186075875 1 0.5460649015625 1 0.5355208703125001
3 0.5896950624999999 0.3416994515625 0.5823058140625 0.33855661718749996 0.5440357984374999 0.43770517968749995 0.551425046875 0.44084801406249996 0.5896950624999999 0.3416994515625
3 0.61886111875 0.421017625 0.608830953125 0.41761848281249997 0.5684913265625 0.5535960484375 0.578521496875 0.556995190625 0.61886111875 0.421017625
3 0.41313440312500005 0.5879007671875 0.331908465625 0.5014427671874999 0.32071429687499997 0.511908559375 0.40194023437500004 0.5983665593749999 0.41313440312500005 0.5879007671875
3 0.4491442 0.7355122328125 0.36412898125000004 0.5935044515625 0.3051530921875 0.6270382265625 0.390168309375 0.769046009375 0.4491442 0.7355122328125
3 0.4688371 0.4755707546875 0.458258709375 0.470442846875 0.4059944609375 0.5871544171874999 0.41657285 0.5922823265625 0.4688371 0.4755707546875
3 0.414735959375 0.6078103015625 0.40348304687500003 0.60305076875 0.384942796875 0.6513854046875001 0.3961957109375 0.656144934375 0.414735959375 0.6078103015625
3 0.5786001046875 0.5527713453125 0.4986283484375 0.317355440625 0.35301411250000003 0.360782903125 0.4329858671875 0.5961988078125 0.5786001046875 0.5527713453125
0 1 0.4508555703125 0.88366349375 0.030858209375 0.43417374999999997 0.01516168125 0.0013536984375 0.11633650625 0.006583984375 0.56582625 0.12684725624999998 1 0.6619905375 1 1 0.9209878375 1 0.4508555703125