3 0.7912471234375 0.5469594984375 0.9988442937500001 0.427816728125 0.9984275125 0.40395636250000005 0.7812424203125 0.528602503125 0.7912471234375 0.5469594984375
3 0.7809085890625 0.555239534375 0.8795750390625001 0.6284798328125001 0.8866295734375 0.6191823203125 0.7879647828125 0.5459419265625 0.7809085890625 0.555239534375
3 0 0.5357062671875 0.1340033609375 0.669328503125 0.24356196093750002 0.5593055265625 0.08279825468749999 0.39899893125 0 0.48214567500000005 0 0.5357062671875
3 0 0.53691961875 0.053505793749999996 0.5628150234375 0.059799328124999995 0.550563525 0.004425021875 0.5237654546875 0 0.5323783515625 0 0.53691961875
3 0.0179108625 0.6263298328125 0.025193300000000002 0.6359766109375 0.0799612984375 0.5936337546875 0.0726788609375 0.583986978125 0.0179108625 0.6263298328125
3 0.2844291234375 0.93258498125 0.5621436890625 0.9210965109375 0.5619787781250001 0.655330178125 0.2842641828125 0.6668169921875 0.2844291234375 0.93258498125
3 0.6638529546874999 1 0.6685686171875 0.99537940625 0.6042920296875 0.929544109375 0.5973713078125 0.93632530625 0.6595384421875 1 0.6638529546874999 1
3 0.34121338749999996 0.633310475 0.3460434515625 0.6394260140625 0.4323111578125 0.5699022453125 0.42748109375 0.5637867062499999 0.34121338749999996 0.633310475
3 0.4238993671875 0.6330369124999999 0.429619865625 0.641622434375 0.5508906828125 0.558020159375 0.5451701828125 0.5494346359375 0.4238993671875 0.6330369124999999
3 0.4372570609375 0.33773759062500003 0.5403988390625 0.3879398 0.5477621328125 0.373681975 0.44462035312500003 0.3234797671875 0.4372570609375 0.33773759062500003
3 0.5338637046875 0.338709115625 0.6914847390625 0.37436001874999997 0.7094485234375 0.306328046875 0.5518274890625 0.27067714375 0.5338637046875 0.338709115625
3 0.43814857500000004 0.4700963671875 0.44566934375 0.47864517656250005 0.5454607578124999 0.38982831875 0.5379399874999999 0.38127950781250003 0.43814857500000004 0.4700963671875
3 0.5526540625 0.37363798125000003 0.5599839906249999 0.38295991875 0.6020675703125 0.3491797296875 0.594737640625 0.3398577921875 0.5526540625 0.37363798125000003
3 0.3003892734375 0.559338340625 0.546837571875 0.5594812671875 0.553234890625 0.40441704375 0.30678659218750004 0.4042741171875 0.3003892734375 0.559338340625
0 0.766268971875 0 0.4876307921875 0.0113536359375 0 0.039734696874999996 0 1 0.9580858375 1 1 0.9975605140624999 1 0.4939799984375 0.991371409375 0 0.766268971875 0