3 1 0.3190957421875 0.8645082578125001 0.2915059484375 0.8588552640625 0.314295865625 1 0.34303715625 1 0.3190957421875
3 0.9357314921875 0.174661803125 0.8514556359375 0.28651683125 0.8613291609375 0.2937409484375 0.9456032484374999 0.1818864109375 0.9357314921875 0.174661803125
3 0.1593783890625 0.6988397890625 0.2858523671875 0.47367621875 0.1416367703125 0.3974728953125 0.0300380625 0.596153621875 0.039197945312499996 0.6353390734375 0.1593783890625 0.6988397890625
3 0.08525386093750001 0.5377038984375 0.0341704828125 0.5854981359375 0.044024048437500005 0.596085903125 0.09510783125 0.548293415625 0.08525386093750001 0.5377038984375
3 0.036148609375 0.471164746875 0.0310506109375 0.48386238437499995 0.0997940625 0.50869974375 0.10489205937499999 0.4960021078125 0.036148609375 0.471164746875
3 0.46127133750000004 0 0.2300064375 0.06816874687499999 0.30016286718749996 0.3465762 0.5949648640625 0.2596770828125 0.529528303125 0 0.46127133750000004 0
3 0.3723155484375 0.3532562890625 0.3688595109375 0.36138192343750003 0.47788885781249996 0.40346578906249997 0.4813448953125 0.3953401546875 0.3723155484375 0.3532562890625
3 0.45953828124999996 0.32118365 0.45580039375 0.33221338437500003 0.6053289875 0.3765731109375 0.6090668765625 0.36554337187499997 0.45953828124999996 0.32118365
3 0.6430523906250001 0.547412340625 0.5479783 0.636732959375 0.5594870750000001 0.6490426968749999 0.654561165625 0.5597220796875 0.6430523906250001 0.547412340625
3 0.8053742765624999 0.5078139375 0.6492145171875 0.6013014640625001 0.6860901453125 0.666154675 0.8422499078125 0.5726671515625 0.8053742765624999 0.5078139375
3 0.519527978125 0.486158515625 0.513889040625 0.49779110937500004 0.6422316609375 0.5552638234375 0.6478706 0.5436312296875 0.519527978125 0.486158515625
3 0.6649460359375 0.545651178125 0.6597121859375 0.558025515625 0.712863675 0.5784134187500001 0.7180975218750001 0.56603908125 0.6649460359375 0.545651178125
3 0.6044220984375 0.3654569296875 0.3455455015625 0.45339837968749996 0.39330078749999997 0.613524 0.6521773828125 0.5255825515625 0.6044220984375 0.3654569296875
0 0.13877406406249998 0 0.030497000000000003 0.029992034374999997 0.0132362125 0.5242762890625 0.1244400796875 1 0.14422638906250002 1 0.61877800625 0.9944780921874999 1 0.888882109375 1 0 0.13877406406249998 0