3 0.40701954375 0.0015479171875 0.5297180890625001 0.21533949218749998 0.5477882562499999 0.2054911125 0.4305070921875 0.0011376484375 0.40701954375 0.0015479171875
3 0.618882596875 0.11159901406249999 0.546786584375 0.2087221671875 0.5559389171875 0.2156681078125 0.6280348359375 0.11854332031249999 0.618882596875 0.11159901406249999
3 0.5211302953125 1 0.6682452453125001 0.8524654421875001 0.559941378125 0.7446186953125 0.4021395734375 0.90287046875 0.4996779125 1 0.5211302953125 1
3 0.5513359703125 0.9255100359374999 0.52495661875 0.9800191187499999 0.5370150546875 0.9862143453125001 0.5633960390625 0.931705234375 0.5513359703125 0.9255100359374999
3 0.5937332265624999 0.9056630968749999 0.58423718125 0.912831746875 0.6259184296875 0.9667439953124999 0.6354144765624999 0.9595753453125001 0.5937332265624999 0.9056630968749999
3 0.6544656437499999 0.431177140625 0.6657729765625 0.7045524453125 0.9273883406250001 0.70439008125 0.916079378125 0.43101480625 0.6544656437499999 0.431177140625
3 0.9892016031249999 0.3262527671875 0.9243949828125 0.3895250328125 0.9310702234375 0.39633761875 0.9958768453125 0.3330653546875 0.9892016031249999 0.3262527671875
3 0.5703725234375 0.5588187046875001 0.5643525390625 0.5635732984375 0.6327899984375 0.648493071875 0.6388099828125 0.643738478125 0.5703725234375 0.5588187046875001
3 0.55867609375 0.442091984375 0.5502247203125 0.44772310156249995 0.6325207109375001 0.5670990609375 0.640972084375 0.5614679453125 0.55867609375 0.442091984375
3 0.37721819375 0.44517165 0.3278003953125 0.546701840625 0.34183544062500004 0.55395008125 0.391253240625 0.45241989218749995 0.37721819375 0.44517165
3 0.310916671875 0.286011609375 0.2758228140625 0.441169815625 0.3427917859375 0.45885291562499997 0.37788564375 0.303694709375 0.310916671875 0.286011609375
3 0.39311225156249996 0.4474370671875 0.38469701562499997 0.454840325 0.4721261109375 0.553072496875 0.48054134531250003 0.5456692390625 0.39311225156249996 0.4474370671875
3 0.353098796875 0.3917147359375 0.3439225140625 0.39893013437499997 0.3771748875 0.44035615781250004 0.3863511703125 0.43314075937499996 0.353098796875 0.3917147359375
3 0.40747302812499997 0.4397844046875 0.40733233437500005 0.6823819484375 0.5599736796875 0.688679309375 0.560114371875 0.44608176562499996 0.40747302812499997 0.4397844046875
0 0.4956365609375 0 0.000352515625 0.008651368750000001 0.020551235937500002 0.5043634390625 0.049398246875 1 0.5451103171875 1 1 0.9920542187500001 1 0.14864398437499998 0.99134863125 0 0.4956365609375 0