3 0 0.604918590625 0.20230410468749999 0.64611319375 0.20750986718750003 0.6251262750000001 0 0.5828710578125 0 0.604918590625
3 0.20523169062500002 0.6440550125 0.12762485625 0.7470602984375 0.1367156203125 0.753713340625 0.2143240828125 0.6507076015625 0.20523169062500002 0.6440550125
3 0.9707560890625 0.3655673921875 0.9623208796875 0.3294820546875 0.8516483828125001 0.27100513125000003 0.7351802562499999 0.47835512812500003 0.8679863921875001 0.5485297078125 0.9707560890625 0.3655673921875
3 0.9578765890625001 0.365629753125 0.9108342437499999 0.40964119062500004 0.9199086281250001 0.419392928125 0.9669506 0.37537988125 0.9578765890625001 0.365629753125
3 0.906518759375 0.44610245156249995 0.9018240843750001 0.45779552656250005 0.9651289703125 0.48066790625 0.9698236453125 0.4689748296875 0.906518759375 0.44610245156249995
3 0.722001915625 0.5953997656250001 0.4505228625 0.6754239531249999 0.51512856875 0.9318038859375 0.7866079953125 0.8517813109375 0.722001915625 0.5953997656250001
3 0.46187218906250005 1 0.4847581359375 0.9580479859375 0.4764100375 0.9537779796875 0.45119468906250004 1 0.46187218906250005 1
3 0.5583365265625 0.543010934375 0.555153909375 0.5504937187500001 0.6555575171875 0.5892481640625 0.658740134375 0.58176538125 0.5583365265625 0.543010934375
3 0.440978684375 0.5677760265625 0.437536515625 0.5779331609375 0.5752353171875 0.6187834109375 0.5786774859375 0.6086262812500001 0.440978684375 0.5677760265625
3 0.48319386406250003 0.3168625796875 0.395641459375 0.39911669375000003 0.4062397296875 0.410452559375 0.493792134375 0.328198446875 0.48319386406250003 0.3168625796875
3 0.366606859375 0.301104396875 0.22280150937499998 0.38719575625 0.2567597640625 0.4469181765625 0.4005651125 0.3608268171875 0.366606859375 0.301104396875
3 0.40699552656250004 0.4032222390625 0.4018027078125 0.41393453124999996 0.519991640625 0.4668603546875 0.5251844593749999 0.45614805937499997 0.40699552656250004 0.4032222390625
3 0.3419514890625 0.3819040984375 0.3371317125 0.3932994546875 0.386078175 0.41207438906249994 0.39089795625 0.40067903437499996 0.3419514890625 0.3819040984375
3 0.636232503125 0.34957125312500004 0.39783665 0.43055530781250007 0.44181382812500003 0.5780127640625 0.6802096796875 0.49702870781249997 0.636232503125 0.34957125312500004
0 0.42410234999999996 0 0 0.117473559375 0 0.7098410421875 0.067826759375 1 0.562156671875 1 0.970333459375 0.886937715625 0.9862286765625001 0.431758228125 0.8853020609375 0 0.42410234999999996 0