3 0.73456875 0.4144875 0.23895312500000002 0.46718281250000004 0.2612140625 0.6765453124999999 0.756828125 0.62385 0.73456875 0.4144875
3 0.7049921875 0.2860796875 0.29510625 0.3144046875 0.304225 0.44635468749999996 0.7141109375 0.41802812500000003 0.7049921875 0.2860796875
3 0.5809609375 0.200975 0.330378125 0.2198625 0.33663125 0.3028359375 0.5872140625 0.283946875 0.5809609375 0.200975
3 0.55538125 0.1431140625 0.35125937500000004 0.144365625 0.351678125 0.2125578125 0.5558 0.21130624999999997 0.55538125 0.1431140625
3 0.5495953124999999 0.0945015625 0.3640203125 0.10187656249999999 0.3656359375 0.1425203125 0.551209375 0.135146875 0.5495953124999999 0.0945015625
3 0.5410046875 0.060465625 0.3768796875 0.069303125 0.378525 0.0998671875 0.54265 0.0910296875 0.5410046875 0.060465625
0 1 0.6352140625 0.20405781250000002 0.6340546875 0.20352968749999997 0.9961234375 0.9997328124999999 0.99728125 1 0.8131953125000001 1 0.6352140625
0 0.822596875 0.40254531250000003 0.2344125 0.4687359375 0.25770624999999997 0.6757375 0.845890625 0.6095484375 0.822596875 0.40254531250000003
0 0.7335125 0.27656875 0.29269375000000003 0.316384375 0.304225 0.4440390625 0.7450421875 0.40422343749999995 0.7335125 0.27656875
0 0.672059375 0.1876390625 0.328225 0.22269687500000002 0.33663125 0.30515 0.680465625 0.2700921875 0.672059375 0.1876390625
0 0.6351640625 0.135159375 0.34761875 0.1484109375 0.3505203125 0.21139999999999998 0.6380671875 0.19815 0.6351640625 0.135159375
0 0.607740625 0.0913015625 0.36355 0.10442968749999999 0.3655890625 0.142353125 0.6097796875 0.12922499999999998 0.607740625 0.0913015625
0 0.5897593750000001 0.0565375 0.3734 0.0683390625 0.3749015625 0.0958875 0.5912609375 0.0840859375 0.5897593750000001 0.0565375
1 0.92375625 0.1318328125 0.625984375 0.13616875 0.6268328125 0.1944828125 0.9246062500000001 0.1901453125 0.92375625 0.1318328125
1 1 0.1915796875 0.6618640625000001 0.19751093749999998 0.6631953125 0.2733890625 1 0.26748125 1 0.1915796875
1 0.8539937500000001 0.08871562499999999 0.6016781250000001 0.08871562499999999 0.6016781250000001 0.12922499999999998 0.8539937500000001 0.12922499999999998 0.8539937500000001 0.08871562499999999