3 0.47524257499999994 0.21605610625 0.419590759375 0.7394785484375 0.6406996703125001 0.7629867984375001 0.6963514843749999 0.23956600625000002 0.47524257499999994 0.21605610625
3 0.31389273906250004 0.2753597359375 0.28397854843750003 0.708242575 0.4233300328125 0.7178729374999999 0.453245875 0.2849900984375 0.31389273906250004 0.2753597359375
3 0.21404620468750002 0.3126105609375 0.194099009375 0.577252475 0.281726071875 0.5838564359375 0.3016749171875 0.319214521875 0.21404620468750002 0.3126105609375
3 0.13431353125 0.334663365625 0.1329917484375 0.5502376234375 0.20500990156249999 0.55067986875 0.2063316828125 0.3351056109375 0.13431353125 0.334663365625
3 0.08944059374999999 0.3481402640625 0.081651815625 0.5441270625 0.12457755781249999 0.5458316828124999 0.1323646859375 0.349846534375 0.08944059374999999 0.3481402640625
3 0.0550396046875 0.361721121875 0.045706270312500005 0.5350544546875 0.0779851484375 0.5367920796875 0.08731848125 0.3634587453125 0.0550396046875 0.361721121875
0 1 0.1786946046875 0.6514768984375 0.17920297031250002 0.6526724765624999 1 1 1 1 0.1786946046875
0 0.4768828390625 0.2112607265625 0.40697854843750003 0.8324455453124999 0.625595709375 0.8570462046875 0.69549835 0.2358613859375 0.4768828390625 0.2112607265625
0 0.3159834984375 0.27281188125 0.27393399375 0.7383630359375 0.408750825 0.7505396046875 0.45080032968749995 0.2849900984375 0.3159834984375 0.27281188125
0 0.2170396046875 0.310336634375 0.1800148515625 0.673462046875 0.267094059375 0.6823399343750001 0.3041188125 0.319214521875 0.2170396046875 0.310336634375
0 0.13858580781250002 0.33081848125 0.124590759375 0.6344966999999999 0.1911155109375 0.63756270625 0.2051089109375 0.3338828390625 0.13858580781250002 0.33081848125
0 0.0921369640625 0.3476435640625 0.07827227656249999 0.605534653125 0.11832343281249999 0.60768811875 0.13218811875 0.34979702968750004 0.0921369640625 0.3476435640625
0 0.0540214515625 0.35804620468750004 0.04155775625 0.5865445546875 0.070651815625 0.5881303625000001 0.0831155109375 0.3596320125 0.0540214515625 0.35804620468750004
1 0.125656765625 0.6248019796875 0.1210775578125 0.9392805281250001 0.182661715625 0.9401782171875 0.18724257500000002 0.6256980203125 0.125656765625 0.6248019796875
1 0.26468397499999996 1 0.27057590781249996 0.6641006593750001 0.19044059375 0.66269471875 0.1845239140625 1 0.26468397499999996 1
1 0.0755412546875 0.5991320124999999 0.0755412546875 0.8656039609375 0.11832343281249999 0.8656039609375 0.11832343281249999 0.5991320124999999 0.0755412546875 0.5991320124999999