3 0.6418169421875 0.756420828125 0.6197512203125 0.23047685156250003 0.3975764890625 0.2397973125 0.41964210468749996 0.7657429359375 0.6418169421875 0.756420828125
3 0.40209769375000004 0.695538571875 0.39992655 0.2615993046875 0.260234984375 0.26229823125 0.26240448125000004 0.6962373953125 0.40209769375000004 0.695538571875
3 0.25301562187500004 0.6516880140625 0.2500317203125 0.3862940953125 0.162155746875 0.3872807015625 0.165138003125 0.652674515625 0.25301562187500004 0.6516880140625
3 0.158877446875 0.629730603125 0.1713455609375 0.41449852812500004 0.0994416828125 0.4103338984375 0.0869735671875 0.6255659734375 0.158877446875 0.629730603125
3 0.0859996359375 0.6102882187499999 0.0907623609375 0.414192978125 0.047812565625 0.41314886562500003 0.0430513828125 0.60924585625 0.0859996359375 0.6102882187499999
3 0.04191318125 0.593821975 0.043684040625 0.4202348234375 0.011357925000000001 0.419904578125 0.009587065625 0.5934917296875 0.04191318125 0.593821975
0 0.9739061984375 0.838750709375 0.9940296234374999 0.5247290109375 0.999703075 0.0371537703125 0.6455635140625 0.014459475 0.5931705984375 0.8137943765625 0.9739061984375 0.838750709375
0 0.6407285625 0.760063553125 0.6106928265625 0.135637640625 0.39093504375 0.1462077109375 0.42097242812499996 0.770633728125 0.6407285625 0.760063553125
0 0.3996569890625 0.6953821640625 0.3874654328125 0.22806487031249997 0.25213669843750003 0.23159498125 0.26432815 0.6989139234375 0.3996569890625 0.6953821640625
0 0.255454678125 0.651844315625 0.2417272875 0.287069734375 0.154252653125 0.29036080468750003 0.1679800453125 0.6551353859375 0.255454678125 0.651844315625
0 0.1575788921875 0.63087275 0.163035359375 0.32689904062499997 0.0964462015625 0.325704315625 0.0909914828125 0.6296764859375 0.1575788921875 0.63087275
0 0.0858202515625 0.6103263343750001 0.08847670625000001 0.352058996875 0.0483671046875 0.3516466828125 0.0457106484375 0.609914021875 0.0858202515625 0.6103263343750001
0 0.0374737875 0.5973723265625 0.039648618749999996 0.36852914999999997 0.010510725 0.368251078125 0.0083358953125 0.59709425625 0.0374737875 0.5973723265625
1 0.15841126875 0.33849254218749997 0.1739523953125 0.024341867187499998 0.1124327265625 0.0212991015625 0.0968900609375 0.335448021875 0.15841126875 0.33849254218749997
1 0.24403573281250002 0.3054955890625 0.2580985671875 0.0030032484375000002 0.17790223125 0.0020700796875 0.1639691234375 0.30177360625 0.24403573281250002 0.3054955890625
1 0.0879294921875 0.360598165625 0.1049719875 0.0946536859375 0.062274496874999995 0.09191750625 0.0452319984375 0.35786198593749996 0.0879294921875 0.360598165625