3 0.5746993 0.741475525 0.5157395109375 0.186940559375 0.28148776249999996 0.21184790156250002 0.340447553125 0.76638111875 0.5746993 0.741475525
3 0.718372378125 0.7083828671875 0.6866800703125 0.24976923125 0.53904370625 0.25997202812500003 0.5707377625000001 0.7185856640625 0.718372378125 0.7083828671875
3 0.81359440625 0.56960664375 0.7924615390625 0.289234265625 0.6996241265625 0.29623076875 0.720758740625 0.5766031468749999 0.81359440625 0.56960664375
3 0.878333915625 0.5409860140625 0.8769335671875 0.3125979015625 0.800634615625 0.3130664328125 0.802034965625 0.5414545453125 0.878333915625 0.5409860140625
3 0.932725525 0.5345122375 0.9244737765625001 0.3268758734375 0.8789982515625001 0.3286835671875 0.8872482515625 0.53631818125 0.932725525 0.5345122375
3 0.9708076921875 0.52490035 0.9609195796875 0.3412639859375 0.9267220281249999 0.3431048953125 0.9366101406249999 0.5267412593749999 0.9708076921875 0.52490035
0 0.32778854062499996 1 0.3290297203125 0.147896853125 0 0.1474169203125 0 1 0.32778854062499996 1
0 0.5880611890624999 0.83996853125 0.5140017484375 0.181860140625 0.2823916078125 0.20792307656250003 0.3564493 0.8660314687499999 0.5880611890624999 0.83996853125
0 0.7290139859375 0.74029370625 0.684465034375 0.2470699296875 0.541634615625 0.25997202812500003 0.5861835671875 0.75319405625 0.7290139859375 0.74029370625
0 0.828515734375 0.671534965625 0.789290209375 0.28682517500000004 0.697034965625 0.29623076875 0.7362604890625 0.680940559375 0.828515734375 0.671534965625
0 0.887234265625 0.630253496875 0.8724073421874999 0.308524475 0.8019300703125 0.3117709796875 0.8167552453125 0.6335017484375001 0.887234265625 0.630253496875
0 0.9363059437500001 0.5995699296875 0.9216171328125 0.32634965 0.8791853140624999 0.32863111875 0.8938741265625 0.6018513984375 0.9363059437500001 0.5995699296875
0 0.9752027968749999 0.5794510484375001 0.9619982515625001 0.3373706296875 0.931174825 0.3390507 0.9443793703125 0.58113111875 0.9752027968749999 0.5794510484375001
1 0.8909562937500001 0.953153846875 0.8861048953124999 0.6199825171875 0.8208583921875 0.62093181875 0.8257115390624999 0.9541048953125 0.8909562937500001 0.953153846875
1 0.8234319890625 1 0.8174702796875 0.660127621875 0.732571678125 0.6616171328125 0.7385071734374999 1 0.8234319890625 1
1 0.9391993 0.8750979015624999 0.9391993 0.5927867140624999 0.8938741265625 0.5927867140624999 0.8938741265625 0.8750979015624999 0.9391993 0.8750979015624999