3 0.43487213125 0.240780328125 0.490159015625 0.7607704921875 0.7098180328125 0.7374147546875001 0.6545311468749999 0.21742622968749997 0.43487213125 0.240780328125
3 0.3001491796875 0.27181147499999997 0.3298672125 0.7018557375000001 0.4683065578125 0.692288525 0.4385868859375 0.2622442625 0.3001491796875 0.27181147499999997
3 0.210859015625 0.4019426234375 0.230675409375 0.6648491796875 0.3177295078125 0.658288525 0.297911475 0.39538196718749996 0.210859015625 0.4019426234375
3 0.150152459375 0.42878032812500005 0.1514655734375 0.642940984375 0.223011475 0.6425016390625 0.2216983609375 0.428340984375 0.150152459375 0.42878032812500005
3 0.0991491796875 0.4348508203125 0.1068868859375 0.6295524593749999 0.14952950781250002 0.6278573765625 0.1417934421875 0.43315737656250003 0.0991491796875 0.4348508203125
3 0.06343934375 0.44386393437500005 0.072711475 0.61606065625 0.10477868906250001 0.6143344265625 0.0955065578125 0.4421377046875 0.06343934375 0.44386393437500005
0 0.6663991765625 0 0.6652377046875 0.7973819671875 1 0.7978702625 1 0 0.6663991765625 0
0 0.4223426234375 0.14842295156250002 0.49178852500000003 0.7655344265624999 0.7089704921875 0.74109508125 0.6395262296875 0.12398360625 0.4223426234375 0.14842295156250002
0 0.2901704921875 0.24188852500000002 0.33194426250000003 0.7043868859375 0.4658770484375 0.692288525 0.42410327812500004 0.229791803125 0.2901704921875 0.24188852500000002
0 0.1968672125 0.306363934375 0.23364917968749999 0.667108196875 0.3201573765625 0.658288525 0.283375409375 0.2975442625 0.1968672125 0.306363934375
0 0.1418065578125 0.3450737703125 0.1557098359375 0.64676065625 0.22179672187500002 0.64371639375 0.20789508125 0.34202786875 0.1418065578125 0.3450737703125
0 0.09579180312499999 0.3738459015625 0.1095655734375 0.6300459015625 0.1493540984375 0.6279065578125 0.135580328125 0.3717065578125 0.09579180312499999 0.3738459015625
0 0.0593180328125 0.392711475 0.0717 0.619711475 0.100603278125 0.618136065625 0.08822131093749999 0.391136065625 0.0593180328125 0.392711475
1 0.13831639375 0.042288525 0.1428655734375 0.35470491875 0.20404754062500002 0.3538147546875 0.199496721875 0.041396721875 0.13831639375 0.042288525
1 0.2016630234375 0 0.207224590625 0.31706065625 0.28683442656249997 0.315663934375 0.2812974390625 0 0.2016630234375 0
1 0.0930786890625 0.11548196718749999 0.0930786890625 0.3802065578125 0.135580328125 0.3802065578125 0.135580328125 0.11548196718749999 0.0930786890625 0.11548196718749999