3 0.185542846875 0.5755102484375 0.756060134375 0.551574665625 0.7459480171874999 0.310571453125 0.1754325171875 0.3345071515625 0.185542846875 0.5755102484375
3 0.2099506234375 0.7244908640625 0.68066429375 0.7221375125 0.679906246875 0.5706058921875 0.209192465625 0.57296103125 0.2099506234375 0.7244908640625
3 0.34552482812499996 0.8308819015625 0.6334096437500001 0.8276469125 0.6323395406250001 0.7323220375 0.3444546125 0.7355588125 0.34552482812499996 0.8308819015625
3 0.37053168593749997 0.8989107171875 0.6040037671875 0.9124354531250001 0.6085213328125 0.8344380234375001 0.3750492515625 0.8209132890624999 0.37053168593749997 0.8989107171875
3 0.3735852109375 0.9549151828125 0.5863005890624999 0.9600798562499999 0.5874312875000001 0.9134919203124999 0.37471780625 0.9083255749999999 0.3735852109375 0.9549151828125
3 0.380913440625 0.9944592 0.5692113671875 0.9963801328124999 0.5695696 0.961314515625 0.3812716734375 0.9593935828125 0.380913440625 0.9944592
0 0 0 0 0.3103674515625 0.80818373125 0.3633403671875 0.8319998453125 0 0 0
0 0.0840219234375 0.582714528125 0.7613654000000001 0.550131603125 0.749899446875 0.3117520671875 0.072556084375 0.3443332046875 0.0840219234375 0.582714528125
0 0.176645403125 0.7332754453125 0.6835676453125 0.7200508203125 0.679736584375 0.5732534359375 0.17281613125 0.586478175 0.176645403125 0.7332754453125
0 0.24039138124999998 0.8394547484375 0.6360790625 0.82456401875 0.6325090875 0.72967628125 0.23682140624999998 0.7445670109375 0.24039138124999998 0.8394547484375
0 0.27873010468750004 0.902160053125 0.6084626281250001 0.9080770359375 0.609760271875 0.835846625 0.280026078125 0.8299277453125 0.27873010468750004 0.902160053125
0 0.30687097812499997 0.9543136484374999 0.5870253796875 0.957195228125 0.587472634375 0.91368650625 0.307318234375 0.910804928125 0.30687097812499997 0.9543136484374999
0 0.324882525 0.9953781968750001 0.57311919375 0.9977373343749999 0.573420828125 0.9661301281249999 0.3251841625 0.9637709890625 0.324882525 0.9953781968750001
1 0 0.887365346875 0.2892995484375 0.9016785781250001 0.2926020796875 0.8349437078124999 0 0.8204685968750001 0 0.887365346875
1 0 0.8171636 0.25277136875 0.8289148484375 0.256808775 0.742062934375 0 0.7301239234375 0 0.8171636
1 0.0251308546875 0.9392276640624999 0.3136130015625 0.9577144421874999 0.3165810609375 0.9113985171874999 0.0280989140625 0.8929117421875 0.0251308546875 0.9392276640624999