3 0.23468578281250002 0.6332915828125001 0.77759569375 0.6560691015625 0.7872185140625 0.42672733437500004 0.24430690312499997 0.40394992343749997 0.23468578281250002 0.6332915828125001
3 0.2668121859375 0.40637579375 0.7147494937500001 0.4086169734375 0.715470859375 0.2644175296875 0.2675336578125 0.2621780484375 0.2668121859375 0.40637579375
3 0.3955293890625 0.251645646875 0.6694844015625 0.25472580312500004 0.6705027265625 0.164013421875 0.3965478203125 0.16093496406250002 0.3955293890625 0.251645646875
3 0.4246436421875 0.1704212234375 0.6468186874999999 0.1575509125 0.6425197140625001 0.083327553125 0.42034466875 0.096197865625 0.4246436421875 0.1704212234375
3 0.42432823593749996 0.087238565625 0.6267491296875 0.0823222046875 0.6256731421875 0.0379885234375 0.4232504421875 0.04290329375 0.42432823593749996 0.087238565625
3 0.43056497968749996 0.038641590625 0.6097517156250001 0.036813606250000006 0.6094108171875 0.0034447125 0.43022408125 0.005272696875 0.43056497968749996 0.038641590625
0 0.8449622421875 1 0.862581378125 0.9988709140625 0.8368200015625 0.6058535203125001 0.011700103125 0.65993653125 0.0334923609375 1 0.8449622421875 1
0 0.1367872421875 0.6239409828125 0.7813559265625 0.6549456124999999 0.7922670734375 0.42810057031250004 0.1476982828125 0.39709423906249997 0.1367872421875 0.6239409828125
0 0.2321959953125 0.3935127046875 0.714588040625 0.4060975375 0.718233728125 0.2664032515625 0.23583998125 0.253818528125 0.2321959953125 0.3935127046875
0 0.2931042421875 0.2430733296875 0.6696457453125 0.25724353906249997 0.6730429796874999 0.16694714375 0.2965014765625 0.1527769328125 0.2931042421875 0.2430733296875
0 0.3342183640625 0.1618429515625 0.6479976781250001 0.15621046875 0.6467628234375 0.0874750796875 0.33298510000000003 0.09310575625 0.3342183640625 0.1618429515625
0 0.3601899328125 0.08487918125 0.6267884734375 0.082137034375 0.6263628609375 0.040733571875 0.3597643171875 0.0434757203125 0.3601899328125 0.08487918125
0 0.37719138124999996 0.03447599375 0.6134165953124999 0.03223100625 0.6131295546875 0.0021531828125 0.3769043390625 0.0043981671875000005 0.37719138124999996 0.03447599375
1 0.0219012828125 0.17311215 0.34618585 0.157069696875 0.34304311875 0.093563934375 0.0187603625 0.10960797656250001 0.0219012828125 0.17311215
1 0 0.2599668703125 0.3121244796875 0.245456240625 0.3082824328125 0.1628068375 0 0.17713877656250002 0 0.2599668703125
1 0.0944812234375 0.10190656718749999 0.36900455781249997 0.08431431406249999 0.3661801140625 0.0402394828125 0.09165678125 0.0578317390625 0.0944812234375 0.10190656718749999