3 0.8385866015625 0.48451450781250005 0.2680054125 0.505157465625 0.25566585625 0.7465299062499999 0.826245275 0.725886821875 0.8385866015625 0.48451450781250005
3 0.8281265531249999 0.33519988125 0.35897790625 0.334814203125 0.345640603125 0.48654535625 0.81478953125 0.48692924218750006 0.8281265531249999 0.33519988125
3 0.70296053125 0.2278820921875 0.41586586875 0.229444221875 0.40806668281249997 0.3248980734375 0.695161621875 0.32333415468750004 0.70296053125 0.2278820921875
3 0.6843751359375 0.15962000625 0.45304565781250006 0.14471780625 0.4412914375 0.22278934687500002 0.6726209140625 0.237691546875 0.6843751359375 0.15962000625
3 0.6865416140625 0.10352563906250001 0.4751126859375 0.09711518125 0.46965358281249997 0.14375651875 0.6810804625 0.1501686390625 0.6865416140625 0.10352563906250001
3 0.68291875625 0.063888015625 0.495513078125 0.060867715625 0.4918950921875 0.09597639687500001 0.6793007734375001 0.098996696875 0.68291875625 0.063888015625
0 1 0.751168475 0.1985735203125 0.693330503125 0.150071828125 1 1 1 1 0.751168475
0 0.9403927828124999 0.4778923453125 0.262586046875 0.5065714812500001 0.2518391984375 0.745324753125 0.9296456578125 0.7166474046875 0.9403927828124999 0.4778923453125
0 0.862122521875 0.32659800156249996 0.35589149375 0.336886671875 0.34605584375 0.48389539218750005 0.8522851031249999 0.4736065984375 0.862122521875 0.32659800156249996
0 0.8084928250000001 0.2199106390625 0.41291985625 0.2325155375 0.40765172187500004 0.3275462484375 0.8032246890625 0.314941353125 0.8084928250000001 0.2199106390625
0 0.7761310031249999 0.1569012578125 0.4481983609375 0.1490558625 0.4401881921875 0.221371715625 0.768122321875 0.22921902656249998 0.7761310031249999 0.1569012578125
0 0.75294706875 0.10451658125 0.47412237187499995 0.0999993 0.46963049375 0.14356143906250002 0.7484551921875 0.14807871875 0.75294706875 0.10451658125
0 0.738822796875 0.0632942359375 0.49174628125000003 0.059486003125 0.4885063109375 0.091132146875 0.7355828234375 0.09494038125000001 0.738822796875 0.0632942359375
1 1 0.17041144531250002 0.7655568359375 0.1573217828125 0.7560604640624999 0.2241233453125 1 0.2377419375 1 0.17041144531250002
1 1 0.2412071734375 0.7951795390624999 0.23039199375 0.7830801875 0.31733221875 1 0.328786340625 1 0.2412071734375
1 1 0.1189861609375 0.7465468734375 0.1010721359375 0.7392826718750001 0.14743040624999998 1 0.165857865625 1 0.1189861609375