3 0.5218079609374999 0.7373075109375 0.5408381875 0.2113029765625 0.3183230859375 0.22268013749999999 0.2992927421875 0.7486830390625 0.5218079609374999 0.7373075109375
3 0.6788431562499999 0.6534422421875 0.6784876093750001 0.220945834375 0.5386121046875 0.23324090156250002 0.5389660000000001 0.66573756875 0.6788431562499999 0.6534422421875
3 0.7759811078125 0.6009986515625 0.777421196875 0.3363332609375 0.6894263265625 0.3435228796875 0.6879845890625 0.6081885265625 0.7759811078125 0.6009986515625
3 0.854088271875 0.566723534375 0.8403503062500001 0.353466671875 0.7683781046875 0.3643025953125 0.7821160703125 0.57755945625 0.854088271875 0.566723534375
3 0.8979719421875 0.5463804921875 0.8920623015625001 0.35146945 0.8490632859374999 0.3565039484375 0.854974459375 0.551413103125 0.8979719421875 0.5463804921875
3 0.9313875749999999 0.52757388125 0.9286032359374999 0.354809271875 0.8962374203125 0.35814460000000004 0.899021759375 0.5309092125 0.9313875749999999 0.52757388125
0 0 0.8564065359375 0.34833594218749997 0.8013150359375001 0.2913368515625 0.011512428125 0 0.057164040625 0 0.8564065359375
0 0.5205044156249999 0.7423034875 0.54694299375 0.11745040312499999 0.3268406734375 0.127357909375 0.30040374375 0.7522107390625 0.5205044156249999 0.7423034875
0 0.6769326 0.6562875296875 0.6864174671875001 0.1896058 0.5508939171875 0.1986746703125 0.5414089359375 0.66535476875 0.6769326 0.6562875296875
0 0.7731497390625 0.6037145078124999 0.7847698796875 0.23904567656250003 0.697163440625 0.2439022390625 0.6855433015625 0.60857106875 0.7731497390625 0.6037145078124999
0 0.8500891265625 0.5711921359375001 0.842856653125 0.26887923125 0.7761887093750001 0.27626223437499997 0.7834229500000001 0.5785765109375001 0.8500891265625 0.5711921359375001
0 0.8953131453125 0.5472934390625 0.8911487765624999 0.29025192031249997 0.85098993125 0.2943928703125 0.8551542984375 0.5514343890625 0.8953131453125 0.5472934390625
0 0.9326613406250001 0.531046396875 0.9291506265624999 0.303272734375 0.8999768359375 0.306259584375 0.9034875515625 0.5340332453125 0.9326613406250001 0.531046396875
1 0.7648424171875 0 0.780886290625 0.287381759375 0.84246898125 0.27862729218750004 0.8269123859375 0 0.7648424171875 0
1 0.681099875 0 0.6949593609375 0.2624729515625 0.77510738125 0.2513188625 0.7618369359375 0 0.681099875 0
1 0.894324125 0.2961521015625 0.875710471875 0.0328004390625 0.8329739406250001 0.039497125 0.85158759375 0.3028487875 0.894324125 0.2961521015625