3 0.208490875 0.6825450875 0.7462574203125001 0.7020010296875 0.7346274875 0.4745094328125 0.1968592734375 0.45505361093749996 0.208490875 0.6825450875
3 0.21928782343750003 0.457329478125 0.6614569390625 0.45696766718750004 0.6488866375 0.31396226875 0.2067177859375 0.3143257671875 0.21928782343750003 0.457329478125
3 0.3320361703125 0.3031424140625 0.6026208578125 0.3046163953125 0.5952701874999999 0.214651903125 0.32468576250000003 0.21317960625 0.3320361703125 0.3031424140625
3 0.353280609375 0.22242494062499998 0.5713067921875 0.2083797359375 0.5602285328125001 0.13479793281250002 0.34220234843749997 0.1488431375 0.353280609375 0.22242494062499998
3 0.34530755156250004 0.13993529843750002 0.544575696875 0.13389192656249999 0.539430534375 0.0899328390625 0.340160459375 0.09597464375 0.34530755156250004 0.13993529843750002
3 0.3469848953125 0.0917061515625 0.523613253125 0.08885954375 0.5202033296875 0.055769890625 0.343574975 0.0586165 0.3469848953125 0.0917061515625
0 0.8551268406249999 1 0.800066490625 0.6518610171875 0 0.7096008406250001 0 0.7573561359375 0.0380215671875 1 0.8551268406249999 1
0 0.11103684062500001 0.6738370109375 0.7498640140624999 0.7008651828125 0.7397351953125 0.47584213125 0.10090776093750001 0.448812275 0.11103684062500001 0.6738370109375
0 0.1839485453125 0.4447729921875 0.661065578125 0.454470096875 0.6517955578125 0.315915553125 0.17467685625 0.30621856406250003 0.1839485453125 0.4447729921875
0 0.23018759218749998 0.295232265625 0.6030119546875 0.3071122796875 0.59804678125 0.2175465921875 0.2252224171875 0.2056665765625 0.23018759218749998 0.295232265625
0 0.26327129375 0.2144396578125 0.5723465921875001 0.2070436296875 0.564797071875 0.138886515625 0.255723175 0.14628073749999998 0.26327129375 0.2144396578125
0 0.2818074078125 0.137965565625 0.5445974578125 0.13370806562499998 0.5403639 0.092651096875 0.2775738484375 0.09690859843750001 0.2818074078125 0.137965565625
0 0.2939395109375 0.08788310625 0.5268071515625 0.08429387656250001 0.5237535046875 0.054467639062499996 0.29088586250000004 0.05805686718750001 0.2939395109375 0.08788310625
1 0 0.2249695203125 0.2746394984375 0.20963701875 0.26568924374999997 0.1466770796875 0 0.1615113046875 0 0.2249695203125
1 0 0.310642871875 0.249173625 0.2974856375 0.2377700828125 0.21554516875 0 0.2281001953125 0 0.310642871875
1 0.02121111875 0.1563844703125 0.290452434375 0.13735453749999998 0.2836059828125 0.0936622359375 0.014364665625 0.11269216875000002 0.02121111875 0.1563844703125