0 0.3774852859375 0 0 0.0417267796875 0 0.71059178125 0.018559154687500003 0.9990262937500001 0.498555215625 0.9878542609375 0.9776984484375 0.9348903296875 0.98887048125 0.45489426718750003 0.9760339874999999 0.2553976828125 0.5014777734375 0 0.3774852859375 0
3 0.3567061828125 0.5612947015625 0.3640037328125 0.5540363375 0.1761596546875 0.3650814546875 0.16886220624999998 0.3723414171875 0.3567061828125 0.5612947015625
3 0.336597765625 0.640540290625 0.3675248375 0.5715325625000001 0.3554178515625 0.566567246875 0.3244906765625 0.635573375 0.336597765625 0.640540290625
3 0.0921117890625 0.45006038750000005 0.14769560937499998 0.374051753125 0.13811705000000002 0.36726162812499996 0.082533228125 0.44327026406250003 0.0921117890625 0.45006038750000005
3 0.1452887203125 0.3527718921875 0.151536215625 0.34265808125 0.08168798125 0.30157434375 0.0754404859375 0.3116881546875 0.1452887203125 0.3527718921875
3 0.473412278125 0.8960777875 0.595822484375 0.8813828875 0.57711725625 0.6284071 0.45470704843750004 0.643101996875 0.473412278125 0.8960777875
3 0.6907078234374999 0.50992583125 0.7657319484375 0.4963593546875 0.7456240843749999 0.3479087328125 0.6706015640625 0.3614750328125 0.6907078234374999 0.50992583125
3 0.7694891734375 0.5369673953125 0.776601953125 0.5299773484375 0.7493411203125 0.502184175 0.742226734375 0.509174396875 0.7694891734375 0.5369673953125
3 0.7433642125000001 0.724213246875 0.79241109375 0.706293903125 0.764421484375 0.6200008640625 0.7153747046875 0.637921803125 0.7433642125000001 0.724213246875
3 0.6565634796875 0.54463221875 0.6944774921875 0.4036548625 0.6147122703125001 0.38568811875 0.5767966515625 0.52666565 0.6565634796875 0.54463221875
3 0.620483475 0.5824130203125 0.628011240625 0.57717514375 0.5958327375 0.529221521875 0.5883049703125 0.5344593984375 0.620483475 0.5824130203125
3 0.47999519687500003 0.38356982031250003 0.49056112343749997 0.31326660781250004 0.383181075 0.30204504062500004 0.372615046875 0.37234665312500004 0.47999519687500003 0.38356982031250003
3 0.55459149375 0.5385852546875001 0.5548552812499999 0.383404575 0.4479754296875 0.3881958 0.44771164218750004 0.5433764812499999 0.55459149375 0.5385852546875001
3 0.54178371875 0.6092891984375 0.549693571875 0.6037096828124999 0.5055385984375 0.5389031265625001 0.49763035 0.544482465625 0.54178371875 0.6092891984375
3 0.5077924125 0.617713096875 0.5169532593749999 0.6096467359375 0.4602692765625 0.5444689296874999 0.4511084296875 0.5525352921875 0.5077924125 0.617713096875
3 0.43944399375 0.54447549375 0.4516297234375 0.5398382578125 0.397808384375 0.3815975828125 0.3856226546875 0.38623481875 0.43944399375 0.54447549375
3 0.675594053125 0.572296896875 0.6844941125 0.5651511390625 0.65016543125 0.5214594609375001 0.64126536875 0.52860521875 0.675594053125 0.572296896875
3 0.82183165 0.7438140359375 0.8583025734374999 0.7347409828125 0.831866175 0.6055691390625 0.795395353125 0.614643790625 0.82183165 0.7438140359375
1 0.691311753125 0 0.9726854234375001 0.2033564640625 0.95960056875 0 0.691311753125 0