3 0.56359226875 0.5708082937500001 0.5707033390625 0.5786942171875 0.8046952734374999 0.36362090937499997 0.7975845359375 0.355733203125 0.56359226875 0.5708082937500001
3 0.5573142515625 0.5903639078125 0.5822656515625 0.6663337609375 0.5963693765625 0.660494603125 0.5714176421875 0.58452653125 0.5573142515625 0.5903639078125
3 0.8279433812500001 0.36497556875 0.879297221875 0.44809543593749995 0.890843246875 0.44029344375 0.83948940625 0.3571735734375 0.8279433812500001 0.36497556875
3 0.8279392624999999 0.3301497515625 0.8334983828125001 0.34123953125 0.9165506375 0.2937255078125 0.910991521875 0.282635728125 0.8279392624999999 0.3301497515625
3 0.2620564734375 0.9409819125000001 0.3958531640625 0.9541602546875 0.4509003609375 0.6722419171875 0.3171036703125 0.6590635734375 0.2620564734375 0.9409819125000001
3 0.125777 0.5170451890625001 0.20716155625 0.530195165625 0.24959177187499998 0.364523953125 0.16820897031249998 0.3513741328125 0.125777 0.5170451890625001
3 0.10916115 0.5547264609375 0.116103634375 0.5623186687499999 0.15011378749999998 0.5306932093750001 0.14316954843750002 0.523100846875 0.10916115 0.5547264609375
3 0.067719765625 0.7512868875 0.119697759375 0.7699520453125 0.1624454640625 0.67322860625 0.11046779843750001 0.6545616640625 0.067719765625 0.7512868875
3 0.2173877359375 0.4120669859375 0.24033231875 0.5679216859375 0.33125306875 0.5458685437499999 0.308306728125 0.390013684375 0.2173877359375 0.4120669859375
3 0.2675931015625 0.60338616875 0.27523348125 0.609018353125 0.3174303046875 0.5548370312500001 0.30978992656250004 0.549204846875 0.2675931015625 0.60338616875
3 0.4558455796875 0.3062304890625 0.45803483749999996 0.3841687859375 0.57867265 0.3689026265625 0.5764830640625 0.290966109375 0.4558455796875 0.3062304890625
3 0.3750153578125 0.3859233453125 0.35426911250000004 0.55855405625 0.472180771875 0.5611167640625 0.492927015625 0.388486053125 0.3750153578125 0.3859233453125
3 0.3508730046875 0.6308777546875 0.358890909375 0.6368801171875 0.4166562765625 0.563639740625 0.4086401265625 0.5576375328125 0.3508730046875 0.6308777546875
3 0.386386728125 0.6366349234374999 0.395455196875 0.6453714953125 0.467171009375 0.5713938421875 0.45810254375000004 0.562657271875 0.386386728125 0.6366349234374999
3 0.46831416406250004 0.557281965625 0.48120302812500004 0.5621253296875001 0.5623604703125 0.3846899359375 0.5494716078125 0.37984657187500004 0.46831416406250004 0.557281965625
3 0.2065671328125 0.5914720828125 0.215471125 0.5991912375 0.2594753140625 0.5496956265625 0.2505713234375 0.5419764703125 0.2065671328125 0.5914720828125
3 0 0.7867930859375 0.029996853125 0.7937896062500001 0.0768349515625 0.64940398125 0.037608376562500004 0.640252846875 0 0.7561870546875 0 0.7867930859375
0 0.49289071875 0 0.0484224734375 0.0232935921875 0 0.28398201093750003 0 1 0.905958928125 1 0.9935934328125 0.5282087328125 1 0.390657171875 1 0.03885796875 0.561984840625 0 0.49289071875 0