3 0.397105903125 0.40215277812499994 0.4040642359375 0.41049305625 0.6302517359375 0.22178124999999999 0.6232916671875001 0.21344097187500002 0.397105903125 0.40215277812499994
3 0.31403472187500003 0.3750763890625 0.38477430625000003 0.41306597187499994 0.3915729171875 0.4004045140625 0.32083506875 0.36241493125 0.31403472187500003 0.3750763890625
3 0.5486197921875 0.12562847187499998 0.6239704859375 0.19058680625 0.6324357640625 0.1807673609375 0.55708506875 0.115809028125 0.5486197921875 0.12562847187499998
3 0.6472083328125 0.18947222187499999 0.657371528125 0.19688194375 0.7100086812499999 0.12469444375000001 0.6998454859375001 0.11728472187500001 0.6472083328125 0.18947222187499999
3 0.0221197921875 0.5043732640624999 0.023375 0.6368750000000001 0.29844618125 0.6342673609375 0.297190971875 0.501765625 0.0221197921875 0.5043732640624999
3 0.41268923593749995 0.76446875 0.4183767359375 0.84599305625 0.58088194375 0.8346545140625 0.57519444375 0.7531319437499999 0.41268923593749995 0.76446875
3 0.37413194375000003 0.847222221875 0.3808229171875 0.8553454859375 0.4140486109375 0.827984375 0.4073576390625 0.8198593750000001 0.37413194375000003 0.847222221875
3 0.175296875 0.80621875 0.1887760421875 0.860140625 0.2851822921875 0.83603993125 0.2717013890625 0.7821180562500001 0.175296875 0.80621875
3 0.379328125 0.725394096875 0.526855903125 0.775862846875 0.55574305625 0.691425346875 0.40821527812499997 0.6409548609375 0.379328125 0.725394096875
3 0.34288194375000003 0.684027778125 0.34763368125 0.69247569375 0.4031892359375 0.66122569375 0.3984375 0.652777778125 0.34288194375000003 0.684027778125
3 0.5740885421875 0.54686631875 0.648652778125 0.5630746531249999 0.6735572921874999 0.44850868125 0.5989947921875001 0.43230034687499996 0.5740885421875 0.54686631875
3 0.39800694375 0.6162795140624999 0.5653420140625001 0.62728819375 0.5729166671875 0.512152778125 0.405581596875 0.501144096875 0.39800694375 0.6162795140624999
3 0.32327777812499997 0.5976354171875 0.32835243125 0.6065173609375 0.403512153125 0.5635677078125 0.3984375 0.5546875 0.32327777812499997 0.5976354171875
3 0.3182447921875 0.5605416671875 0.32585243125 0.5709392359375001 0.40290625 0.5145572921875 0.39529861093749996 0.504159721875 0.3182447921875 0.5605416671875
3 0.40538194375 0.4921875 0.40893055624999997 0.505597221875 0.5860138890625 0.458722221875 0.582465278125 0.4453125 0.40538194375 0.4921875
3 0.34722222187499996 0.7439236109375 0.35386805625 0.7539774312499999 0.4050833328125 0.7201232640625 0.3984375 0.7100694437499999 0.34722222187499996 0.7439236109375
3 0.1448020828125 0.88914930625 0.1502395828125 0.9289513890625001 0.292706596875 0.9094826390625 0.2872673609375 0.86968055625 0.1448020828125 0.88914930625
0 0 0 0 1 1 1 1 0 0 0