3 0.816103084375 0.41502338125 0.8099145703125 0.4069061609375 0.5937529890625 0.5697377 0.59994184375 0.5778533515625 0.816103084375 0.41502338125
3 0.6208727390625 0.6554606875 0.600430596875 0.583234165625 0.5875898281249999 0.5865936281249999 0.6080316265625 0.6588217203125 0.6208727390625 0.6554606875
3 0.891576240625 0.4962550265625 0.847572465625 0.41394031093750006 0.8369803906250001 0.4194290609375 0.880984165625 0.501743778125 0.891576240625 0.4962550265625
3 0.9185667703125 0.3670025546875 0.9138584734374999 0.35619690625 0.8378950984375001 0.3878818328125 0.8426033921875 0.3986874796875 0.9185667703125 0.3670025546875
3 0.48970506562500005 0.646212778125 0.3696946625 0.6159820671875 0.312741859375 0.863829075 0.432752265625 0.8940597875 0.48970506562500005 0.646212778125
3 0.3167312390625 0.3399454046875 0.24386943906249997 0.31690677031250003 0.20133039687499998 0.461176990625 0.274193771875 0.48421600781249996 0.3167312390625 0.3399454046875
3 0.2228628359375 0.4768673578125 0.2168163109375 0.4690404375 0.18538975468750002 0.49303846093750003 0.19143470468749998 0.5008649984375 0.2228628359375 0.4768673578125
3 0.2301970171875 0.6076678453125 0.1839323484375 0.5836519640625 0.142927196875 0.6654249859375 0.1891922109375 0.6894392984375 0.2301970171875 0.6076678453125
3 0.38540800625 0.51537989375 0.368876571875 0.3710628046875 0.2865080453125 0.378608784375 0.3030379015625 0.5229254921875001 0.38540800625 0.51537989375
3 0.3727371078125 0.521614015625 0.3660126703125 0.5154675296875 0.32662531562499997 0.5587778890624999 0.3333497515625 0.564924378125 0.3727371078125 0.521614015625
3 0.612643240625 0.3889050515625 0.6127288906249999 0.318007565625 0.50380588125 0.3153406296875 0.5037198875 0.386239684375 0.612643240625 0.3889050515625
3 0.511778584375 0.548460565625 0.5349935875 0.394921040625 0.428992746875 0.37647827968750003 0.40577774375000003 0.530017803125 0.511778584375 0.548460565625
3 0.461764521875 0.543154446875 0.45471181562499996 0.5366214015625 0.40081545468749996 0.5950672671875 0.4078697375 0.6016006968750001 0.461764521875 0.543154446875
3 0.5070009921875 0.5570850125 0.499073771875 0.5479311890624999 0.4326102984375 0.60513793125 0.4405375171875 0.6142917546875 0.5070009921875 0.5570850125
3 0.5975531468749999 0.40097558437499997 0.586086590625 0.3948260484375 0.5084014765625 0.5444581890625 0.5198680343750001 0.550607725 0.5975531468749999 0.40097558437499997
3 0.32073879375000003 0.5090328796875 0.31293270156249997 0.500823159375 0.2720430859375 0.5396419 0.279849178125 0.5478516203125 0.32073879375000003 0.5090328796875
3 0.153813653125 0.5743815015625 0.1187683875 0.5607288109375 0.07282675937500001 0.685116953125 0.10787237187500001 0.698768075 0.153813653125 0.5743815015625
0 0.9032002140625 1 0.9968304781249999 0.5738915109375 0.9994466781250001 0.1242050109375 0.5525521171875 0.016077625 0.095107984375 0.002767359375 0 0.4356009109375 0 0.9045145203124999 0.394645078125 1 0.9032002140625 1