0 0.2769336203125 0 0.2434960078125 0.0021515234375 0 0.454593153125 0 0.7925539546875 0.0229308421875 1 0.8118073671875001 1 1 0.9878908515625 1 0.6159352046875 0.9971490781250001 0.49344800937500005 0.9426524296875 0.0004388953125 0.9237956890625 0 0.2769336203125 0
3 0.3563539078125 0.8251733453125001 0.363823965625 0.8326819750000001 0.5582453515625 0.6394019984375 0.5507769390624999 0.631893265625 0.3563539078125 0.8251733453125001
3 0.5636704796875 0.6407276125 0.63467356875 0.6725497859375 0.6397842218750001 0.66009233125 0.5687794859374999 0.6282702640625 0.5636704796875 0.6407276125
3 0.3585971734375 0.8643168625 0.436805415625 0.92150921875 0.4437920390625 0.9116534640625 0.36558379687500003 0.854461109375 0.3585971734375 0.8643168625
3 0.2910089703125 0.9223789265625 0.3014154640625 0.9288072171874999 0.3436881203125 0.8569376515625 0.3332816265625 0.850509359375 0.2910089703125 0.9223789265625
3 0.627299909375 0.41261246875 0.6424200609375 0.5385650953125001 0.9027166953125001 0.51931855625 0.8875965406249999 0.3933659328125 0.627299909375 0.41261246875
3 0.33868422656249997 0.23922923749999997 0.3526431203125 0.316422828125 0.5053899234375 0.295734715625 0.491430846875 0.21853947499999998 0.33868422656249997 0.23922923749999997
3 0.49742423125 0.23540463437499998 0.5046167421875001 0.242724903125 0.533214040625 0.21467351875000001 0.5260217093749999 0.207354903125 0.49742423125 0.23540463437499998
3 0.61865040625 0.21988786249999998 0.6370899578125 0.2703540015625 0.72587858125 0.2415545078125 0.7074406718749999 0.19108826406249999 0.61865040625 0.21988786249999998
3 0.37755690625 0.373929496875 0.5226141734375 0.4129423515625 0.541100675 0.330867159375 0.3960435890625 0.29185595625 0.37755690625 0.373929496875
3 0.5252440093749999 0.3933553828125 0.5306334640625 0.4011009953125 0.5799748124999999 0.3679912796875 0.57458535625 0.36024566875 0.5252440093749999 0.3933553828125
3 0.2914932890625 0.6121609515624999 0.363829353125 0.6230327484375 0.3753773078125 0.512545134375 0.30303959687500004 0.5016734421875 0.2914932890625 0.6121609515624999
3 0.3801371578125 0.54549151875 0.5398085984375001 0.545762940625 0.53487871875 0.435790103125 0.3752072796875 0.43551868125000004 0.3801371578125 0.54549151875
3 0.5352057890624999 0.4862625359375 0.5409465890625 0.494399640625 0.6076287578125 0.4489685203125 0.6018877765624999 0.44082976562500004 0.5352057890624999 0.4862625359375
3 0.5409326609375 0.5328419015625 0.5492324546875 0.542267853125 0.6162964343749999 0.4839434984375 0.6079966421874999 0.47451754687500003 0.5409326609375 0.5328419015625
3 0.37334799531249996 0.59711034375 0.378119428125 0.609648715625 0.5409394140625 0.5542698453125 0.5361679828125 0.541731475 0.37334799531249996 0.59711034375
3 0.5172573234375 0.337450359375 0.524609871875 0.34660798125 0.5695659390625 0.3112858625 0.562213390625 0.30212824375 0.5172573234375 0.337450359375
3 0.60380104375 0.1504913953125 0.6131383046875001 0.18801764375000002 0.7460465968750001 0.160816309375 0.7367109796875 0.12328995625000001 0.60380104375 0.1504913953125
1 0 0.2684191453125 0.1899487734375 0.0055969921875 0 0.0178191359375 0 0.2684191453125