0 0 0 0 1 1 1 1 0.299124421875 0.557735371875 0 0 0
3 0.21571935468749998 0.33866935468750003 0.2079709671875 0.34513548437499997 0.383290321875 0.5552693546875 0.39103870937499996 0.5488048390625 0.21571935468749998 0.33866935468750003
3 0.3816661296875 0.560409678125 0.34637258125 0.62612741875 0.358135484375 0.6324451609375 0.39342903281249997 0.56672580625 0.3816661296875 0.560409678125
3 0.1776161296875 0.336640321875 0.1172677421875 0.4066435484375 0.126390321875 0.4145080640625 0.18673870937499998 0.34450483906249996 0.1776161296875 0.336640321875
3 0.12552258125 0.26457258125 0.11863870937500001 0.274014515625 0.1857032265625 0.3229161296875 0.192587096875 0.31347419374999996 0.12552258125 0.26457258125
3 0.5989322578125 0.64692741875 0.4758338703125 0.6480935484375 0.4782564515625 0.9036435484374999 0.6013548390625 0.90247741875 0.5989322578125 0.64692741875
3 0.7850983874999999 0.384535484375 0.709361290625 0.3898193546875 0.7198935484375 0.5407919359375 0.7956322578125 0.5355080640625001 0.7850983874999999 0.384535484375
3 0.7789016125 0.5395290328125 0.7713532265625 0.5457451609375 0.7967741937499999 0.576612903125 0.8043209671874999 0.5703967734375001 0.7789016125 0.5395290328125
3 0.786385484375 0.65925 0.736290321875 0.6717741937499999 0.7586806453125 0.761337096875 0.8087758062500001 0.748814515625 0.786385484375 0.65925
3 0.6520338703124999 0.40789032187499996 0.6051451609375 0.5449483875000001 0.6835919359375 0.571785484375 0.7304790328124999 0.43472741875 0.6520338703124999 0.40789032187499996
3 0.62397741875 0.5496177421875 0.6161290328125 0.5540322578125 0.645161290625 0.6056451609375 0.653009678125 0.6012306453125 0.62397741875 0.5496177421875
3 0.4263564515625 0.298437096875 0.41129838750000003 0.3677080640625 0.5177338703125 0.39084677343749996 0.5327919359375 0.32157419374999996 0.4263564515625 0.298437096875
3 0.4854838703125 0.391935484375 0.4752564515625 0.5473951609375 0.5822209671875 0.5544322578124999 0.5924483875 0.39897258125 0.4854838703125 0.391935484375
3 0.53325 0.5493177421875 0.525 0.5540322578125 0.5649 0.6238580640625 0.5731516125 0.6191435484375 0.53325 0.5493177421875
3 0.4877177421875 0.5498806453125 0.47805806406249995 0.5569483875000001 0.530438709375 0.6285338703125001 0.5400983874999999 0.6214661296874999 0.4877177421875 0.5498806453125
3 0.4358451609375 0.3797677421875 0.423387096875 0.383064515625 0.466935484375 0.5475806453125001 0.4793935484375 0.5442838703125 0.4358451609375 0.3797677421875
3 0.6786951609375 0.5478580640625 0.6693548390624999 0.5540322578125 0.7008064515625 0.601612903125 0.7101467734375 0.595438709375 0.6786951609375 0.5478580640625
3 0.8546161296875001 0.652259678125 0.8176387093749999 0.657312903125 0.8357258062499999 0.7896677421875 0.8727032265625001 0.7846161296874999 0.8546161296875001 0.652259678125
1 0.7100234953125 0 1 0.242219778125 1 0 0.7100234953125 0