0 0.187009684375 0 0.0167637609375 0.0138631828125 0.00514191875 0.5131849125 0.02787109375 1 0.5900229484375 1 1 0.9666154328125 1 0.2795725015625 0.7855575234375001 0 0.187009684375 0
3 0.71910481875 0.78372435625 0.7256997203125 0.7748061578125001 0.48989023125 0.6043710453125 0.48329707187500004 0.6132891046875 0.71910481875 0.78372435625
3 0.4086133671875 0.6593033265625 0.47782619843749996 0.615491434375 0.47041169062500005 0.60337165625 0.40119711718750006 0.6471836875 0.4086133671875 0.6593033265625
3 0.6572270265625 0.8868737703124999 0.7298085078125001 0.8156865796874999 0.7208542671875 0.8065481312499999 0.648272784375 0.8777353218749999 0.6572270265625 0.8868737703124999
3 0.8004243125 0.8737302390625 0.81027718125 0.8654818593750001 0.7540794171874999 0.7975165890625 0.74422655 0.8057649687499999 0.8004243125 0.8737302390625
3 0.3783721328125 0.5217318765625001 0.3734385546875 0.38898215625 0.097270828125 0.4088501625 0.1022044046875 0.54159988125 0.3783721328125 0.5217318765625001
3 0.6456115984374999 0.24737157812500002 0.647508821875 0.16529476875 0.4838978359375 0.1672235265625 0.48200069218749997 0.2493020734375 0.6456115984374999 0.24737157812500002
3 0.4740612015625 0.1942863546875 0.4803961140625 0.1856056578125 0.44577381093749996 0.1609296875 0.4394388171875 0.1696086453125 0.4740612015625 0.1942863546875
3 0.33968834062500003 0.243154765625 0.35069665781250003 0.188072071875 0.2528223265625 0.17182314062499998 0.2418157484375 0.22690569218749998 0.33968834062500003 0.243154765625
3 0.48328401562499995 0.3733171125 0.6289755 0.3107354390625 0.5960393171875 0.22856590312499997 0.45034775156249995 0.2911458390625 0.48328401562499995 0.3733171125
3 0.47291898125 0.36228025 0.47729269218750003 0.35343475625 0.42007963593750003 0.3266904 0.41570592656249994 0.33553589375000004 0.47291898125 0.36228025
3 0.684492196875 0.56661031875 0.758561303125 0.5442910359375001 0.7282136421875001 0.43163450625 0.65414279375 0.45395393281249996 0.684492196875 0.56661031875
3 0.48717586874999996 0.5134965265625 0.6545893015625001 0.4888013328125 0.641606290625 0.3741585578125 0.47419285625 0.39885375 0.48717586874999996 0.5134965265625
3 0.47750379687500005 0.460478171875 0.4821813625 0.4511735234375 0.4047478265625 0.41431870625 0.40007034218750004 0.42362509218750005 0.47750379687500005 0.460478171875
3 0.47671549375 0.5113179062500001 0.483864096875 0.5002872390624999 0.4039019171875 0.45014017031250003 0.3967533125 0.4611708390625 0.47671549375 0.5113179062500001
3 0.6672959140625 0.554934659375 0.67023031875 0.541220234375 0.4903285515625 0.5087648421875001 0.487394146875 0.52247926875 0.6672959140625 0.554934659375
3 0.4702411234375 0.3049257109375 0.47644058281249996 0.29431776875 0.4234614625 0.26461170625 0.4172620046875 0.2752196484375 0.4702411234375 0.3049257109375
3 0.351216728125 0.154224140625 0.35481485625000003 0.11393389062499999 0.2109330515625 0.10608601875000001 0.20733666562500003 0.146376128125 0.351216728125 0.154224140625
1 0.8651817859375001 0 1 0.142104134375 1 0 0.8651817859375001 0