0 1 0.43686198593750003 0.9662575421874999 0.02248989375 0.48253961562500003 0.011231234375 0.0003926296875 0.0337424578125 0.006021196875 0.517460384375 0.0453145578125 1 0.676258690625 1 1 0.7516784109375 1 0.43686198593750003
3 0.2204545296875 0.70288279375 0.229094034375 0.7092716046875001 0.39420305 0.4808311609375 0.3855636796875 0.4744440390625 0.2204545296875 0.70288279375
3 0.34098740312500003 0.40209419999999996 0.38343017343749997 0.4691441296875 0.3951712078125 0.461961325 0.35272830312500003 0.3949097078125 0.34098740312500003 0.40209419999999996
3 0.120528534375 0.64293868125 0.1894911265625 0.7132519921875 0.1983439984375 0.704577571875 0.12938140625 0.634264259375 0.120528534375 0.64293868125
3 0.13326133125 0.781661053125 0.1412519484375 0.79120601875 0.2070933046875 0.7367644359375001 0.1991026859375 0.7272194703125 0.13326133125 0.781661053125
3 0.4742597453125 0.372798003125 0.6028610359375 0.3680186 0.5836139046875 0.1004811140625 0.455012615625 0.1052605171875 0.4742597453125 0.372798003125
3 0.740046284375 0.6316862359375001 0.8195581921875 0.633524171875 0.817689709375 0.475026028125 0.738176115625 0.47318817031249993 0.740046284375 0.6316862359375001
3 0.79147259375 0.46549678906249997 0.79988201875 0.4716337359375 0.823786865625 0.43809337968750006 0.815379125 0.4319563546875 0.79147259375 0.46549678906249997
3 0.7441313203125001 0.3353230796875 0.7974926796874999 0.3459873875 0.8132338328125 0.251171628125 0.7598726109375 0.24050900625 0.7441313203125001 0.3353230796875
3 0.618036546875 0.47443139062500006 0.67866254375 0.615570015625 0.75826428125 0.5836630890625 0.69763996875 0.44252438437499997 0.618036546875 0.47443139062500006
3 0.6287285078125 0.4643902625 0.6372975796875 0.4686272953125 0.663206175 0.41320214687499995 0.654637103125 0.40896511562500004 0.6287285078125 0.4643902625
3 0.43078375312499995 0.669351815625 0.452405559375 0.7411062625 0.561541571875 0.711706965625 0.539919628125 0.63995083125 0.43078375312499995 0.669351815625
3 0.482237740625 0.4782016234375 0.506161209375 0.6403833859375 0.617221396875 0.6278060937500001 0.5932979296875 0.4656243296875 0.482237740625 0.4782016234375
3 0.5335992703125 0.46883180312499995 0.5426131484375001 0.47336319531250004 0.578316253125 0.39834945624999996 0.5693006921875 0.39381814375 0.5335992703125 0.46883180312499995
3 0.484348278125 0.468068134375 0.4950342375 0.47499334375 0.543614209375 0.39752998281249996 0.53292825 0.390604771875 0.484348278125 0.468068134375
3 0.4420945484375 0.6526929171875 0.45538039843749994 0.655535621875 0.48682155937499993 0.48125578437499994 0.47353570781250004 0.4784130796875 0.4420945484375 0.6526929171875
3 0.6842907171875 0.46179608906249997 0.6945671609375 0.46780181406250004 0.723344909375 0.4164782921875 0.7130684656249999 0.4104725671875 0.6842907171875 0.46179608906249997
3 0.8302828640625 0.3464912046875 0.86931404375 0.3499768921875 0.8769166687500001 0.21059139375 0.8378856265625 0.2071073953125 0.8302828640625 0.3464912046875
1 1 0.8251238109375001 0.817154265625 0.9985947359375 1 0.9900577500000001 1 0.8251238109375001