3 0.40003462343749996 0.868655078125 0.40905375624999996 0.8755312046875 0.589975946875 0.6353520484375 0.5809585562499999 0.62847554375 0.40003462343749996 0.868655078125
3 0.595954628125 0.6358951078125 0.67620631875 0.6586085984375 0.6799408 0.644340696875 0.5996873640625 0.6216275875 0.595954628125 0.6358951078125
3 0.40785034531250003 0.910497184375 0.499311140625 0.9593902671875 0.505409753125 0.9476212953125 0.41394895624999994 0.8987282125 0.40785034531250003 0.910497184375
3 0.34369100625 0.984148303125 0.3556972828125 0.9893797453125 0.3909027546875 0.9049759906249999 0.37889648125000003 0.8997445531249999 0.34369100625 0.984148303125
3 0.6323411859375 0.379521846875 0.6659308640625 0.5128667390625 0.94131643125 0.44958584999999995 0.9077267499999999 0.3162409546875 0.6323411859375 0.379521846875
3 0.3000353 0.23971604375000002 0.3256337828125 0.3206735984375 0.48593445312499994 0.27340974687499997 0.46033554531250004 0.192450440625 0.3000353 0.23971604375000002
3 0.4690727078125 0.2096570125 0.47776928593749995 0.21637537343750002 0.50443333125 0.18145522812499998 0.495737178125 0.17473861562499998 0.4690727078125 0.2096570125
3 0.5964188484374999 0.17311927656249998 0.6231031609375 0.2245244640625 0.71396033125 0.1789635671875 0.6872777625000001 0.127557996875 0.5964188484374999 0.17311927656249998
3 0.360208671875 0.3786128578125 0.52056099375 0.39698111875 0.528944990625 0.3054587796875 0.36859309375 0.287092271875 0.360208671875 0.3786128578125
3 0.520658365625 0.3754307453125 0.5274877953125 0.3829023421875 0.5756104203125 0.3391386125 0.5687809875000001 0.33166701718749997 0.520658365625 0.3754307453125
3 0.30125840625 0.649559878125 0.380033390625 0.6494647125 0.377071871875 0.5284387640625 0.29829514375 0.5285343124999999 0.30125840625 0.649559878125
3 0.3867178234375 0.56318731875 0.5573172953125 0.5373928718750001 0.5368253375 0.419614159375 0.36622586562500004 0.4454086078125 0.3867178234375 0.56318731875
3 0.5441626687500001 0.47398534999999997 0.5514216078125 0.481821690625 0.6163618859375 0.421938596875 0.60910251875 0.4141005046875 0.5441626687500001 0.47398534999999997
3 0.5567290984375 0.5232764125 0.5669000140625 0.5320844359375 0.6304630609374999 0.4582361296875 0.6202921453125 0.449428109375 0.5567290984375 0.5232764125
3 0.3866122765625 0.6199573234375 0.39344509375 0.6326979406250001 0.5597030281250001 0.54638115 0.552870209375 0.5336405296875 0.3866122765625 0.6199573234375
3 0.50438684375 0.3164530015625 0.5135087546875 0.3251264375 0.5566406890625 0.27969353125 0.5475187781249999 0.27102009531250004 0.50438684375 0.3164530015625
3 0.5709486781249999 0.10071487500000001 0.5861183343749999 0.139654059375 0.7243256390624999 0.088608190625 0.7091577250000001 0.049668621875 0.5709486781249999 0.10071487500000001
0 0.28969987656249996 0 0 0.0636567359375 0 0.724126475 0.06674836875 1 0.9329922843749999 1 1 0.9852761671874999 1 0.1632805046875 0.960493825 0 0.28969987656249996 0