3 0.63401948125 0.5474983765625 0.64181818125 0.5540048703125 0.8182759734375 0.34250649375000003 0.8104772734375001 0.3359983765625 0.63401948125 0.5474983765625
3 0.6316136359375 0.5655357140625 0.6671363640625 0.63168181875 0.67897565 0.6253230515625 0.643452921875 0.559178571875 0.6316136359375 0.5655357140625
3 0.839646103125 0.341871753125 0.9003863640624999 0.41232954531250005 0.90956818125 0.4044139609375 0.848827921875 0.33395616875 0.839646103125 0.341871753125
3 0.8337597406249999 0.3106396109375 0.8406883109375001 0.32014285781249996 0.9081883109375 0.2709237015625 0.901259740625 0.26142045468749997 0.8337597406249999 0.3106396109375
3 0.42233766250000004 0.9034675328124999 0.5462353890625 0.9046412343749999 0.5486737015625 0.64743181875 0.4247759734375 0.6462581171874999 0.42233766250000004 0.9034675328124999
3 0.2267987015625 0.534115259375 0.3030292203125 0.5394334421875 0.3136298703125 0.38748051875 0.2374009734375 0.3821623375 0.2267987015625 0.534115259375
3 0.218053571875 0.56923051875 0.22564935 0.5754870125 0.2512353890625 0.54441883125 0.24363798750000001 0.5381623375 0.218053571875 0.56923051875
3 0.2135698046875 0.74880681875 0.263990259375 0.7614107140625 0.28652597343749997 0.671266234375 0.23610551875 0.6586607140625 0.2135698046875 0.74880681875
3 0.292375 0.4326801953125 0.3395665578125 0.5706282468749999 0.41852272656249995 0.5436168828125 0.3713295453125 0.40566883125000003 0.292375 0.4326801953125
3 0.370347403125 0.6002646109375 0.378246753125 0.6047077921875 0.40746753281250003 0.552759740625 0.39956818125 0.5483165578125 0.370347403125 0.6002646109375
3 0.4913457796875 0.3187922078125 0.5065016234375 0.3885146109375 0.6136282468750001 0.36522565 0.5984724031249999 0.2955048703125 0.4913457796875 0.3187922078125
3 0.4313019484375 0.39669318124999997 0.4415957796875 0.5531623375 0.5492548703125 0.5460795453125 0.5389610390625 0.3896103890625 0.4313019484375 0.39669318124999997
3 0.4507240265625 0.61829383125 0.45902922031250004 0.6230389609375 0.49918831093750005 0.552759740625 0.490884740625 0.5480146109375 0.4507240265625 0.61829383125
3 0.48399188281249994 0.62063149375 0.4937142859375 0.6277451296875001 0.546435065625 0.5556948046875 0.5367126625 0.54858116875 0.48399188281249994 0.62063149375
3 0.545090909375 0.5429480515625 0.5576298703125 0.546266234375 0.6014610390625 0.38068181874999996 0.588922078125 0.3773636359375 0.545090909375 0.5429480515625
3 0.3128392859375 0.594435065625 0.322240259375 0.6006493500000001 0.353896103125 0.552759740625 0.34449512968749996 0.5465454546874999 0.3128392859375 0.594435065625
3 0.1492272734375 0.784840909375 0.1864448046875 0.789925325 0.20464935 0.6567110390625001 0.16743181875 0.651625 0.1492272734375 0.784840909375
0 0 0 0 1 1 1 1 0 0 0