3 0.605577384375 0.23154936250000002 0.5972858703124999 0.22407459375 0.3712019828125 0.4700456359375 0.3794916234375 0.47752075468750005 0.605577384375 0.23154936250000002
3 0.3650710875 0.46929476406250004 0.28521386406250004 0.4430656375 0.2790757734375 0.457891396875 0.35893486874999997 0.484120171875 0.3650710875 0.46929476406250004
3 0.604063275 0.187499190625 0.516688121875 0.1335163140625 0.5084867078124999 0.14565343125000002 0.595861859375 0.19963630937500002 0.604063275 0.187499190625
3 0.68241705 0.1123365578125 0.670759534375 0.1064928453125 0.620813053125 0.193796921875 0.63247056875 0.1996406375 0.68241705 0.1123365578125
3 0 0.7926126296875 0.2867181546875 0.7366282234375 0.2728651515625 0.5959818734375 0 0.6492613515625 0 0.7926126296875
3 0.6101596140625001 0.8931455187499999 0.5963365953124999 0.8075963640625 0.422183921875 0.8521987734375 0.43600710625000005 0.937749775 0.6101596140625001 0.8931455187499999
3 0.42964142968749996 0.919466821875 0.42166038125 0.9121670765625 0.38841587031249997 0.9479183640625 0.3963967578125 0.955216265625 0.42964142968749996 0.919466821875
3 0.2914505375 0.9538427234375 0.27182795 0.8992040859375001 0.1701527984375 0.9441402390625001 0.1897735109375 0.998779221875 0.2914505375 0.9538427234375
3 0.569541928125 0.7458755203125 0.40570815156249995 0.7217544546875 0.3825260078125 0.8173298499999999 0.54635961875 0.8414490703125 0.569541928125 0.7458755203125
3 0.40220104843750004 0.744316390625 0.3962805265625 0.7362848671875 0.33932541562499996 0.7806419390625 0.3452459390625 0.7886734625 0.40220104843750004 0.744316390625
3 0.6736602 0.46397002187499997 0.5917337578125 0.461668340625 0.5756860546875 0.58848215 0.6576143671875 0.5907834859375 0.6736602 0.46397002187499997
3 0.5711477656249999 0.5518036828125 0.3896793046875 0.573612021875 0.392373209375 0.6975601140625 0.5738416703125 0.6757517749999999 0.5711477656249999 0.5518036828125
3 0.3933366546875 0.6404056 0.38702716718749997 0.63197906875 0.3100372828125 0.69270170625 0.31634693281250004 0.701130084375 0.3933366546875 0.6404056
3 0.3880599328125 0.588410978125 0.378876096875 0.57887825625 0.3011111921875 0.6542655265625 0.3102950296875 0.6637982515624999 0.3880599328125 0.588410978125
3 0.5802295421875 0.49236431718749996 0.5751382234375 0.47881561406250006 0.3886191078125 0.564127875 0.393710425 0.577676578125 0.5802295421875 0.49236431718749996
3 0.40979947812499995 0.8065666640625 0.40168514375 0.7972068375 0.349655628125 0.8434638 0.3577699609375 0.8528236281250001 0.40979947812499995 0.8065666640625
0 0.9560352109375 1 0.9819150453125 0.5061833124999999 0.9371531671875 0.0016180578125 0.42427205 0.025505878125 0 0.1043137609375 0 1 0.9560352109375 1