3 0.43194803593750003 0.583555684375 0.438792440625 0.5759654828125 0.213574884375 0.3689557078125 0.20673080000000002 0.376547625 0.43194803593750003 0.583555684375
3 0.4208193109375 0.6679087453125 0.4448350328125 0.5947877609375001 0.43126051875 0.5891692859375001 0.407244475 0.6622885562499999 0.4208193109375 0.6679087453125
3 0.1349264234375 0.4578543578125 0.1843544953125 0.377851484375 0.173241446875 0.37034206406250003 0.123813375 0.45034493906249995 0.1349264234375 0.4578543578125
3 0.17900780624999998 0.3550055484375 0.184358459375 0.3443316359375 0.10442066093749999 0.2985993890625 0.0990700109375 0.3092733015625 0.17900780624999998 0.3550055484375
3 0.6002413296875 0.9449417453125 0.72902064375 0.932257590625 0.6760377171874999 0.6609111890625 0.5472584031250001 0.6735953453125 0.6002413296875 0.9449417453125
3 0.7818570015625 0.5368753468749999 0.8601896375000001 0.5242184937500001 0.8193488656250001 0.36476010312499996 0.7410179203125 0.3774168046875 0.7818570015625 0.5368753468749999
3 0.8695002515624999 0.56779421875 0.8761823937500001 0.56048671875 0.843449309375 0.530047065625 0.8367654796874999 0.5373547140625 0.8695002515624999 0.56779421875
3 0.86604090625 0.76764134375 0.9160697250000001 0.7496761296875001 0.87492474375 0.6565781015625001 0.824896240625 0.6745450328125 0.86604090625 0.76764134375
3 0.74993014375 0.5731871234375 0.7720143046875 0.4231769734375 0.6845047734375 0.401950671875 0.662418921875 0.5519609734375 0.74993014375 0.5731871234375
3 0.7163377750000001 0.612742665625 0.7236916390625 0.6073216875 0.6830771953125 0.5551721656249999 0.6757233312500001 0.5605931421875 0.7163377750000001 0.612742665625
3 0.54039146875 0.39632495625 0.5424986296875 0.3213093453125 0.4263850515625 0.30661737968749997 0.42427757499999996 0.38163127812500003 0.54039146875 0.39632495625
3 0.6402659796875 0.5641707796875 0.6202977187500001 0.3980137203125 0.5068077468750001 0.4004803265625 0.5267760078125 0.5666373859375 0.6402659796875 0.5641707796875
3 0.6358175 0.6395596125 0.6435347328125001 0.6337823390625 0.5879338781250001 0.563288625 0.580218334375 0.56906575 0.6358175 0.6395596125
3 0.6006243734375001 0.6477325640625 0.6093527734374999 0.6393236140624999 0.5403263015624999 0.5681201234375 0.531597903125 0.5765290734375 0.6006243734375001 0.6477325640625
3 0.5180920859375 0.5676081296875 0.5304976171875 0.5629463921875 0.45238357812499996 0.392164825 0.43997804687500003 0.3968265640625 0.5180920859375 0.5676081296875
3 0.7738590421875 0.603284065625 0.782429134375 0.5958543796875 0.7400751015625 0.548214853125 0.7315050109375 0.555644540625 0.7738590421875 0.603284065625
3 0.9523780281249999 0.7905849953125 0.9901339234375 0.78177874375 0.9450519375 0.642805865625 0.907296359375 0.6516138312499999 0.9523780281249999 0.7905849953125
0 1 0.40083814687499997 0.93464336875 0.048982582812499995 0.4650365953125 0.0243715359375 0.003044034375 0.06535663124999999 0.0249163203125 0.5349634046875 0.11129615468750001 1 0.8975695531250001 1 1 0.9909130109375001 1 0.40083814687499997