0 0.2807824796875 0 0 0.41514550312500004 0 1 1 1 1 0 0.2807824796875 0
3 0.315318628125 0.8027026140625001 0.32186928125000003 0.8105522875 0.5347500000000001 0.6329411765625 0.5282009796875 0.625091503125 0.315318628125 0.8027026140625001
3 0.539957515625 0.6345866015625 0.6065343140625 0.670341503125 0.612934640625 0.6584248359375 0.5463562093750001 0.622669934375 0.539957515625 0.6345866015625
3 0.313263071875 0.841303921875 0.384181371875 0.9024411765625 0.39214869218750004 0.8931993468750001 0.3212303921875 0.8320620921874999 0.313263071875 0.841303921875
3 0.24025326875 0.89407843125 0.24981862812500003 0.9010522875 0.2993594765625 0.8331111109375 0.2897941171875 0.8261372546875 0.24025326875 0.89407843125
3 0.627606209375 0.4144803921875 0.62878758125 0.5391879078125 0.8876781046875 0.5367336593750001 0.88649673125 0.41202614375 0.627606209375 0.4144803921875
3 0.3617843140625 0.22588071875 0.36713725468749997 0.30260784375 0.5200833328125001 0.2919379078125 0.5147303921875 0.21520915000000002 0.3617843140625 0.22588071875
3 0.518803921875 0.23215849687499998 0.5251013078125 0.23980555625000002 0.5563725484375001 0.2140522875 0.5500751640625 0.2064068625 0.518803921875 0.23215849687499998
3 0.64008986875 0.224576796875 0.652777778125 0.275326796875 0.7435114375 0.252643790625 0.7308251640625001 0.201893790625 0.64008986875 0.224576796875
3 0.38544444375000003 0.360684640625 0.5242941171875 0.408186275 0.5514820265625 0.3287140515625 0.41263235312499996 0.2812140515625 0.38544444375000003 0.360684640625
3 0.529024509375 0.38910784375 0.53349673125 0.3970588234375 0.5857843140625 0.367647059375 0.5813120921875 0.359696078125 0.529024509375 0.38910784375
3 0.2745604578125 0.5893120921875 0.344736928125 0.60456699375 0.3681781046875 0.4967401953125 0.298 0.48148529375000004 0.2745604578125 0.5893120921875
3 0.3692810453125 0.5294117640625 0.5267728765624999 0.5397728765625 0.5339019609375 0.43141013125 0.37641013125 0.4210490203125 0.3692810453125 0.5294117640625
3 0.5287205875 0.4810212421875 0.53349673125 0.489379084375 0.60423529375 0.44895751562499997 0.59945915 0.44059803906250006 0.5287205875 0.4810212421875
3 0.52929085 0.5271486921874999 0.5364509796875 0.536934640625 0.608972221875 0.48386928124999995 0.6018120921875 0.47408333281250004 0.52929085 0.5271486921874999
3 0.3569542484375 0.579699346875 0.3602941171875 0.5923202609375 0.526960784375 0.5482026140625 0.523620915625 0.5355817 0.3569542484375 0.579699346875
3 0.5272418296875 0.3336748359375 0.53349673125 0.3431372546875 0.581699346875 0.311274509375 0.57544444375 0.3018120921875 0.5272418296875 0.3336748359375
3 0.6330081703125 0.1554542484375 0.6381274515625 0.1929150328125 0.77221241875 0.174591503125 0.767094771875 0.13713071875 0.6330081703125 0.1554542484375
1 0 0 0 0.268682459375 0.22443268593750001 0 0 0