0 0.025489581249999997 0 0 0.23059391875 0 1 1 1 1 0.382783303125 0.7939928593750001 0 0.025489581249999997 0
3 0.446103659375 0.62805053125 0.438176434375 0.6360205515625 0.644541796875 0.8411743828124999 0.6524707656250001 0.8332044734374999 0.446103659375 0.62805053125
3 0.426995153125 0.62420495625 0.3516283515625 0.6579819625 0.35705296875000003 0.671204721875 0.4324180234375 0.637427603125 0.426995153125 0.62420495625
3 0.642673853125 0.864291484375 0.5596610109375 0.9249973640625001 0.5670768453125 0.9354585906249999 0.6500896890625001 0.8747527093749999 0.642673853125 0.864291484375
3 0.6769604578124999 0.8600969656249999 0.66591465625 0.8669201687499999 0.7107842671875 0.9432049296875 0.72183006875 0.9363817265625001 0.6769604578124999 0.8600969656249999
3 0.08859206875 0.3748696421875 0.07254303125 0.50855996875 0.34883058437500003 0.5289888890625 0.3648796171875 0.39529855937499997 0.08859206875 0.3748696421875
3 0.5090955859374999 0.1893029921875 0.49427895624999996 0.271240603125 0.6564095203125 0.29319965625 0.6712259578124999 0.2112637984375 0.5090955859374999 0.1893029921875
3 0.4723796875 0.17743131406249998 0.46474550625 0.1851995375 0.495099634375 0.214974215625 0.5027340062500001 0.2072042375 0.4723796875 0.17743131406249998
3 0.2798155328125 0.16016535781250002 0.26024491875 0.21373191875000003 0.35448813281249997 0.2443006640625 0.3740604890625 0.19073421562499998 0.2798155328125 0.16016535781250002
3 0.6103428125 0.2671235578125 0.45637436875 0.308531353125 0.47599655937499996 0.3956487078125 0.6299651953125001 0.354239159375 0.6103428125 0.2671235578125
3 0.42083260781250004 0.3397146859375 0.415112059375 0.3479361359375 0.467484615625 0.3830798953125 0.4732051640625 0.37485844375 0.42083260781250004 0.3397146859375
3 0.709060359375 0.4898308546875 0.6322786953125 0.5013704328124999 0.644536078125 0.6186456828125 0.721315996875 0.6071059937500001 0.709060359375 0.4898308546875
3 0.6324591671875 0.4196119796875 0.4629785609375 0.419900075 0.457745821875 0.5366289234375 0.6272264296875 0.536340828125 0.6324591671875 0.4196119796875
3 0.39185290625 0.425249340625 0.38575923749999996 0.4338880890625 0.45653792187500003 0.48211019843749997 0.462631396875 0.473473203125 0.39185290625 0.425249340625
3 0.38536875312499996 0.46100667968750003 0.37655907499999997 0.47101170000000003 0.447743025 0.532919121875 0.45655270468750003 0.5229141 0.38536875312499996 0.46100667968750003
3 0.46161009374999995 0.532349790625 0.4565455359375 0.5456584375 0.629368115625 0.604439421875 0.6344326734375 0.591130775 0.46161009374999995 0.532349790625
3 0.4339646265625 0.2780269078125 0.42616038593749994 0.28774710937500003 0.473878259375 0.32523918749999997 0.48168249999999996 0.3155189828125 0.4339646265625 0.2780269078125
3 0.24874705000000003 0.0882019671875 0.23883791250000003 0.1280336921875 0.37991121875 0.1569060984375 0.3898221 0.11707448437500001 0.24874705000000003 0.0882019671875
1 0.85563821875 0 1 0.199745821875 1 0 0.85563821875 0