3 0.5504171875 0.624 0.5441546875000001 0.61649375 0.3405859375 0.786334375 0.34685 0.793840625 0.5504171875 0.624
3 0.62518125 0.64836875 0.561515625 0.614178125 0.555396875 0.6255734375 0.6190609375 0.6597640625000001 0.62518125 0.64836875
3 0.4140546875 0.8728718750000001 0.34623906249999997 0.814409375 0.3386203125 0.823246875 0.40643593750000007 0.881709375 0.4140546875 0.8728718750000001
3 0.325325 0.8154125000000001 0.31617812500000003 0.80874375 0.2688046875 0.8737125000000001 0.2779515625 0.8803812499999999 0.325325 0.8154125000000001
3 0.8879046875000001 0.5320015625 0.8867749999999999 0.41275000000000006 0.6392109375 0.415096875 0.640340625 0.5343484375 0.8879046875000001 0.5320015625
3 0.5363921875 0.297915625 0.5312734375 0.22454375 0.38501875 0.23474843750000002 0.39013749999999997 0.30811875 0.5363921875 0.297915625
3 0.57109375 0.2234375 0.565071875 0.2161265625 0.53516875 0.2407515625 0.541190625 0.2480640625 0.57109375 0.2234375
3 0.7500453125 0.260340625 0.7379140625 0.2118109375 0.6511484375000001 0.2335015625 0.66328125 0.28203125 0.7500453125 0.260340625
3 0.5664171875 0.3330828125 0.4336421875 0.2876609375 0.40764374999999997 0.3636546875 0.54041875 0.409078125 0.5664171875 0.3330828125
3 0.59921875 0.3703125 0.5949421874999999 0.362709375 0.5449421875 0.39083437499999996 0.54921875 0.3984375 0.59921875 0.3703125
3 0.3911328125 0.4937578125 0.324025 0.4791703125 0.3016109375 0.5822796875 0.36871718750000004 0.5968671875 0.3911328125 0.4937578125
3 0.54960625 0.43128593750000005 0.3990046875 0.42137812500000005 0.3921875 0.525 0.5427890625 0.5349078125 0.54960625 0.43128593750000005
3 0.6168625 0.448065625 0.6122953125 0.440071875 0.5446515625 0.4787265625 0.54921875 0.48671875 0.6168625 0.448065625
3 0.6213921874999999 0.48145 0.6145453125 0.47209218750000004 0.545196875 0.5228359375 0.5520437499999999 0.53219375 0.6213921874999999 0.48145
3 0.54296875 0.54296875 0.539775 0.5309 0.38039999999999996 0.5730875 0.38359375 0.58515625 0.54296875 0.54296875
3 0.5953125 0.31640625 0.5893312500000001 0.3073578125 0.5432375 0.3378265625 0.54921875 0.346875 0.5953125 0.31640625
3 0.777490625 0.185703125 0.772596875 0.14988125000000002 0.6443765625 0.167403125 0.6492718749999999 0.203225 0.777490625 0.185703125
0 0 0 0 0.996875 0.996875 0.996875 0.996875 0 0 0