3 0.40515255625 0.576392209375 0.396135165625 0.5832687156249999 0.5770573546875 0.8234478718749999 0.5860764875 0.8165717453125 0.40515255625 0.576392209375
3 0.386423746875 0.569544253125 0.30617031093749997 0.5922573625 0.3099047921875 0.606525265625 0.39015648281250004 0.583811775 0.386423746875 0.569544253125
3 0.5721621546875 0.846644878125 0.4807013578125 0.8955379625000001 0.4867999703125 0.907306934375 0.578260765625 0.85841385 0.5721621546875 0.846644878125
3 0.6072146296875001 0.8476612203125 0.59520835625 0.8528926578125 0.630413828125 0.9372964109374999 0.6424201046875 0.9320649703124999 0.6072146296875001 0.8476612203125
3 0.0783843609375 0.264157621875 0.04479468125 0.3975025171875 0.320180246875 0.46078340625 0.35376992500000004 0.3274385140625 0.0783843609375 0.264157621875
3 0.5257755656249999 0.1403671078125 0.5001766578125 0.22132641249999999 0.660477328125 0.268590265625 0.6860758109375 0.187632709375 0.5257755656249999 0.1403671078125
3 0.49037393281249997 0.1226552828125 0.4816777796875 0.12937189375 0.508341825 0.164292040625 0.517038403125 0.157573678125 0.49037393281249997 0.1226552828125
3 0.2988333484375 0.0754746625 0.2721507796875 0.126880234375 0.36300794999999997 0.1724411296875 0.3896922625 0.1210359421875 0.2988333484375 0.0754746625
3 0.6175180171875 0.2350089390625 0.45716612031250004 0.253375446875 0.46555011874999996 0.34489778437499996 0.6259024390625 0.326529525 0.6175180171875 0.2350089390625
3 0.4173301234375 0.27958368437500003 0.410500690625 0.2870552796875 0.45862331562499997 0.330819009375 0.46545274531249997 0.32334741093749997 0.4173301234375 0.27958368437500003
3 0.6878159671875 0.4764509796875 0.6090392390625 0.47635543125 0.6060777203125001 0.5973813781249999 0.6848527046874999 0.5974765453125 0.6878159671875 0.4764509796875
3 0.6198852453125 0.393325275 0.449285775 0.3675308265625 0.428793815625 0.48530953749999994 0.5993932875 0.5111039859375001 0.6198852453125 0.393325275
3 0.3770085921875 0.362017171875 0.36974922499999996 0.3698552640625 0.434689503125 0.4297383578125 0.44194844218749996 0.4219020171875 0.3770085921875 0.362017171875
3 0.365818965625 0.3973447765625 0.35564805 0.406152796875 0.41921109687499997 0.48000110312500005 0.42938201249999997 0.4711930796875 0.365818965625 0.3973447765625
3 0.4332409015625 0.481557196875 0.4264080828125 0.49429781562499997 0.5926660171875 0.5806146078125 0.5994988343750001 0.5678739890625 0.4332409015625 0.481557196875
3 0.4385923328125 0.2189367625 0.42947042187499995 0.2276101984375 0.47260235625 0.27304310468750004 0.48172426718750005 0.26436966875 0.4385923328125 0.2189367625
3 0.276012796875 0 0.261785471875 0.0365248578125 0.3999927765625 0.087570725 0.4151624328125 0.0486315421875 0.2834912796875 0 0.276012796875 0
0 0.013015578125 0 0 0.053793873437499994 0 0.9362446875 0.29014849531250003 1 0.9067610343749999 1 1 0.6146398421875 1 0.0146252546875 0.9334409046875001 0 0.013015578125 0