0 0 0 0 0.7299307296875 0.2071531453125 1 0.59551058125 1 1 0.9670622921875 1 0.043093778124999996 0.9979879703125001 0 0 0
3 0.5055768890625 0.3417917265625 0.5125525859375 0.3323562375 0.2630631609375 0.1520322515625 0.25608561875 0.16146788750000002 0.5055768890625 0.3417917265625
3 0.5261855843750001 0.3428491 0.5994160187500001 0.296495075 0.591569475 0.2836722484375 0.5183408828125 0.330026128125 0.5261855843750001 0.3428491
3 0.2612122078125 0.1278842296875 0.3380049046875 0.0525667234375 0.3285311328125 0.0428980578125 0.25173843906250004 0.11821556562499999 0.2612122078125 0.1278842296875
3 0.22605931875000002 0.1374397859375 0.23648385468750002 0.12871283125 0.1770254703125 0.056804184375 0.166600934375 0.0655311375 0.22605931875000002 0.1374397859375
3 0.9209762578125 0.548656825 0.91575643125 0.40820490468750004 0.6235653203125 0.42922566093750003 0.628785146875 0.56967758125 0.9209762578125 0.548656825
3 0.511916965625 0.8043027546875001 0.5139241828125 0.71746196875 0.34082049375 0.719504475 0.338813190625 0.80634341875 0.511916965625 0.8043027546875001
3 0.5522529640625 0.8109617640625 0.5589555171875 0.8017792484375 0.5223243265625 0.7756697265625 0.5156218578125 0.78485408125 0.5522529640625 0.8109617640625
3 0.7563995875 0.7994362671874999 0.768044771875 0.7411578000000001 0.6644935656250001 0.723965946875 0.6528465390625 0.782244565625 0.7563995875 0.7994362671874999
3 0.39326898125 0.7394012625 0.5474136421875 0.673190409375 0.5125664000000001 0.5862515187499999 0.3584218265625 0.6524642109375 0.39326898125 0.7394012625
3 0.5794379281250001 0.6355835359374999 0.584065403125 0.626224821875 0.52353281875 0.5979287453125 0.51890534375 0.607287459375 0.5794379281250001 0.6355835359374999
3 0.2534258390625 0.524550521875 0.33179431406250004 0.5009361125 0.2996840234375 0.3817433484375 0.22131739218750002 0.4053576078125 0.2534258390625 0.524550521875
3 0.345058190625 0.585361253125 0.5221850328125 0.5592332343749999 0.5084487390625 0.4379388296875 0.3313219 0.46406685000000003 0.345058190625 0.585361253125
3 0.595659296875 0.54287099375 0.6006081703125 0.5330246468750001 0.5186819890625001 0.4940333328125 0.5137330296875 0.503877840625 0.595659296875 0.54287099375
3 0.596554284375 0.50497115 0.6041176546875 0.493300478125 0.51951603125 0.440243853125 0.5119526624999999 0.451914525 0.596554284375 0.50497115
3 0.5051131359375 0.4429450484375 0.508217796875 0.428434903125 0.3178780421875 0.394096434375 0.3147733828125 0.408606578125 0.5051131359375 0.4429450484375
3 0.5758598859374999 0.701264065625 0.5824190390624999 0.6900406453125 0.5263660453125001 0.658611021875 0.5198068921875 0.6698344421875 0.5758598859374999 0.701264065625
3 0.8007192968749999 0.8689874874999999 0.804524346875 0.826359728125 0.6522962953125 0.8180563703124999 0.6484894015625 0.8606842796875 0.8007192968749999 0.8689874874999999
1 0.12631963125 1 0 0.866853734375 0 1 0.12631963125 1