4 0.9425225875000001 0.8023131640625 0.8877471625 0.8105884124999999 0.908449334375 0.9079413390625 0.9632243468749999 0.899664421875 0.9425225875000001 0.8023131640625
4 0.8332487828125 0.6547242953125 0.757648940625 0.62104528125 0.738987221875 0.66865859375 0.8145870640625 0.7023376046875 0.8332487828125 0.6547242953125
4 0.8282672421875 0.879954659375 0.7719841359374999 0.73431734375 0.706789784375 0.7559195937500001 0.7630733000000001 0.901558578125 0.8282672421875 0.879954659375
0 0 0.6591794046875 0.024978918750000002 0.7585853640625 0.5673150796875001 0.908993253125 0.5781260515625 0.9010188453125 0.590227 0.41782542031250003 0.2552201453125 0.2574375859375 0 0.61755713125 0 0.6591794046875
4 0.6578987484375001 0.73770931875 0.596341196875 0.7435416140625 0.61064129375 0.83432910625 0.6721988453125001 0.8284968078125001 0.6578987484375001 0.73770931875
4 0.406513840625 0.4566003671875 0.1592615359375 0.369499215625 0.12342118906249999 0.49126338125 0.3706734953125 0.578364534375 0.406513840625 0.4566003671875
0 0.571304565625 1 0.5750663171875 0.9327662203125 0.029548124999999998 0.7801499171875 0.08356122031249999 1 0.571304565625 1
4 0.04297699375 0.8278103 0.5639854718749999 0.9632356609375 0.5695142203125 0.935435559375 0.037141184375000004 0.79705746875 0.036371928125 0.8009256359375 0.04297699375 0.8278103
4 0.833483715625 1 0.6005213484375 0.935188196875 0.592974403125 0.9698570656250001 0.701320271875 1 0.833483715625 1
4 0.49786731875 0.5146876515625001 0.37030446875 0.5085914984375 0.37417791875 0.746948784375 0.5017403593750001 0.75304326875 0.49786731875 0.5146876515625001
4 0.24602288749999998 0.656634671875 0.1904560546875 0.5927387203125 0.1257719890625 0.6480337515625 0.1813384140625 0.7119280359375 0.24602288749999998 0.656634671875
4 0.42792031562500005 0.3624429921875 0.2590920984375 0.2603155828125 0.199126346875 0.36708930624999997 0.3679545640625 0.469216715625 0.42792031562500005 0.3624429921875
4 0.4089807484375 0.24694801875 0.310407575 0.184622746875 0.2705587453125 0.2520370453125 0.36913233125 0.3143639828125 0.4089807484375 0.24694801875
4 0.6073058390625 0.293111953125 0.5350348421875 0.2897526625 0.536606346875 0.37924464375 0.60887734375 0.382603934375 0.6073058390625 0.293111953125
4 0.7404075671875 0.2989144078125 0.6591088125 0.27671349375 0.646740103125 0.33495585625 0.728038859375 0.357156771875 0.7404075671875 0.2989144078125
0 0.6693553421875 0.2687741546875 0.35547289375 0.083867796875 0.2625861359375 0.2544284671875 0.5764681734375 0.43933315781250004 0.6693553421875 0.2687741546875
0 1 0.47216140781249993 0.6050978953125 0.44053787343749995 0.5962774468750001 0.9876830375000001 0.750089134375 1 1 1 1 0.47216140781249993
0 1 0.5187911781250001 0.8942349421875001 0.30851496875 0.7727590875 0.363731021875 0.9409435437500001 0.6981060078125 1 0.6712622828125 1 0.5187911781250001
0 0.9807971046875 0.353140478125 0.7703055187500001 0.2264063109375 0.7327547609375 0.29363445625 0.9432463468750001 0.4203686234375 0.9807971046875 0.353140478125
4 0.8326896343750001 0.44174201718750006 0.7601780203125 0.40930823125 0.7412734734375 0.45731200625 0.813785084375 0.48974579374999994 0.8326896343750001 0.44174201718750006
0 0.919089565625 0.412074765625 0.61253684375 0.23750266562500003 0.5369961609375 0.38178320781249997 0.8435488843750001 0.55635530625 0.919089565625 0.412074765625
0 0.6395363781250001 0.14059839999999998 0.4356170125 0.0114562046875 0.3881677140625 0.09158174531249999 0.5920870796875 0.22072394062499998 0.6395363781250001 0.14059839999999998
0 0.8197924562500001 0.2593328328125 0.614434653125 0.12598057812500002 0.5705811640625 0.19792453593749998 0.7759406156249999 0.33127648593750003 0.8197924562500001 0.2593328328125
0 1 0.5497329140625 0.878205071875 0.5722696171874999 0.983290503125 1 1 1 1 0.5497329140625
4 0.9796875 0.9203125 0.040625 0.159375