4 0.1975 0.21631428593750002 0.1958079359375 0.163876190625 0.10377619062500001 0.16684444375000002 0.1054666671875 0.2192825390625 0.1975 0.21631428593750002
4 0.39179841249999997 0.293419046875 0.3484412703125 0.23127301562499997 0.308274603125 0.259296825 0.3516317453125 0.32144285781250004 0.39179841249999997 0.293419046875
4 0.2863571421875 0.30587460312500003 0.14441746093750002 0.28694920625 0.13573968281249998 0.352026984375 0.277680953125 0.37095238125 0.2863571421875 0.30587460312500003
0 0.5153008453125001 1 0.8070852734375 0.6747356875 0.6048184921875001 0.40187451249999995 0.1673580890625 0.52262343125 0.1619243640625 0.5344111296875 0.3895610453125 1 0.5153008453125001 1
4 0.307528571875 0.470096825 0.302473015625 0.41195238125 0.21748888906250002 0.4193412703125 0.22254444375000001 0.47748571406250007 0.307528571875 0.470096825
4 0.7213079359375001 0.788725396875 0.600469840625 0.58024761875 0.49574920625 0.64094444375 0.6165873015625001 0.849422221875 0.7213079359375001 0.788725396875
0 0.3688441171875 1 0.138996675 0.5326474625000001 0 0.575640671875 0 1 0.3688441171875 1
4 0 0.8413510875 0.014355556250000002 0.8659158734375 0.12943174531249999 0.7986650796875 0.077771428125 0.710269840625 0 0.7557207671875 0 0.8413510875
4 0 0.477322078125 0.069325396875 0.4686571421875 0.05335396875 0.340876190625 0 0.347545928125 0 0.477322078125
4 0.349579365625 1 0.35296825468750004 0.9984126984374999 0.137503175 0.538377778125 0.11314761874999998 0.5497857140625 0.32401428593750004 1 0.349579365625 1
4 0 0.3158473046875 0.10224603125000001 0.524528571875 0.1325095234375 0.5097 0 0.23924977812499998 0 0.3158473046875
4 0.559274603125 0.6254619046875 0.5322603171875 0.5090952375 0.3148079359375 0.559574603125 0.341820634375 0.6759412703125001 0.559274603125 0.6254619046875
4 0.5130063484375 0.8105571421875 0.44553650781250004 0.77375555625 0.40613015937499997 0.8460031750000001 0.4735984125 0.8828047625 0.5130063484375 0.8105571421875
4 0.8038158734374999 0.6718142859375 0.6825095234375 0.5391349203125 0.5954841265625 0.6187015875 0.7167904765625 0.751380953125 0.8038158734374999 0.6718142859375
4 0.8640269843749999 0.607280953125 0.79074761875 0.530425396875 0.7361349203125 0.582496825 0.8094158734375 0.65935238125 0.8640269843749999 0.607280953125
4 0.7305984125 0.42377619062500005 0.715379365625 0.357826984375 0.6337158734375 0.376671428125 0.6489349203125 0.442620634375 0.7305984125 0.42377619062500005
4 0.721576190625 0.30629047656249997 0.6877 0.236280953125 0.6368063484375 0.2609063484375 0.6706825390625 0.3309158734375 0.721576190625 0.30629047656249997
0 0.9480857140625 0.5428333328125 0.727073015625 0.2950317453125 0.587571428125 0.41945238125 0.8085825390625001 0.66725396875 0.9480857140625 0.5428333328125
0 0 0.20476386249999998 0.085476190625 0.525522221875 0.5816571421875001 0.39329841249999997 0.48406984062499997 0.027093651562499998 0 0.1560914265625 0 0.20476386249999998
0 0.653077778125 0.0964650796875 0.32063492031249996 0.01704920625 0.29085714218750003 0.1417015875 0.6233 0.2211174609375 0.653077778125 0.0964650796875
0 0.748619046875 0.19223968281249998 0.597919046875 0.0266825390625 0.5430904765625 0.0765904765625 0.6937904765625 0.24214761875000002 0.748619046875 0.19223968281249998
4 0.5839619046875 0.2430666671875 0.5422571421875 0.1834888890625 0.501776190625 0.211825396875 0.543480953125 0.271403175 0.5839619046875 0.2430666671875
0 0.765079365625 0.34038730156249997 0.5547 0.0970079359375 0.43618095312499994 0.1994571421875 0.6465603171875001 0.4428365078125 0.765079365625 0.34038730156249997
0 1 0.4519513 0.8486761906250001 0.2934888890625 0.7837825390625001 0.3554587296875 0.9355666671874999 0.514403175 1 0.4528729109375 1 0.4519513
0 0.866196825 0.31334444375000003 0.7103412703124999 0.154026984375 0.6522841265625 0.210820634375 0.8081396828124999 0.3701396828125 0.866196825 0.31334444375000003
0 0 0 0 0.17107619062499999 0.415873015625 0.17107619062499999 0.415873015625 0 0 0
4 0.07421875 0.1265625 0.1375 0.06875