4 0 0.3267860171875 0.09942400312500001 0.3054099328125 0.08821366875 0.2489218921875 0 0.2678878171875 0 0.3267860171875
4 0.32445881875000004 0.35057252499999997 0.26621218281250003 0.2917969171875 0.2275476625 0.3300997296875 0.2857943 0.3888753359375 0.32445881875000004 0.35057252499999997
4 0.21204065781249998 0.38490216093749996 0.0543308671875 0.3924383640625 0.056524989062499996 0.4646717015625 0.2142365078125 0.45713518437499995 0.21204065781249998 0.38490216093749996
0 0.5541474421875 1 0.6616328874999999 0.980468121875 0.8352187499999999 0.6809111765625 0.566819025 0.4268989625 0.121448525 0.644619053125 0.36846680625 1 0.5541474421875 1
4 0.26440608593750003 0.5586717375 0.2485189890625 0.49666479687500004 0.1574380203125 0.52146230625 0.17332511718750002 0.5834692453125 0.26440608593750003 0.5586717375
4 0.7712375125 0.8221872781249999 0.6025983484374999 0.620153790625 0.49958434374999994 0.7066156828125 0.66822350625 0.90864916875 0.7712375125 0.8221872781249999
0 0.33641985 1 0.0968050921875 0.6645757140625 0.0099962 0.705475984375 0.058566239062500004 1 0.33641985 1
4 0.0702122984375 1 0.12947990625 0.9498987031249999 0.057514728125000004 0.8643197515625 0.0388001375 0.8801402859375 0.058566239062500004 1 0.0702122984375 1
4 0.32340955 1 0.091742934375 0.666254525 0.0673002578125 0.6834283375 0.287046896875 1 0.32340955 1
4 0 0.5875640109375 0.050933799999999994 0.6582133859375 0.081188784375 0.6361656765625 0 0.523549434375 0 0.5875640109375
4 0.56588739375 0.6772875640625 0.5157208546875001 0.556529071875 0.2883102890625 0.6541923609375 0.3384751015625 0.7749511671875 0.56588739375 0.6772875640625
4 0.548657125 0.8869997906249999 0.46872229218749994 0.8604517296875 0.4387871609375 0.9465256046875 0.5187202656250001 0.973073978125 0.548657125 0.8869997906249999
4 0.8400547578124999 0.679199825 0.684451509375 0.5593946359374999 0.604049146875 0.662807884375 0.759652396875 0.7826130734375 0.8400547578124999 0.679199825
4 0.893988971875 0.5973746890625 0.8005800046875 0.52857164375 0.7505059000000001 0.59578684375 0.84391659375 0.6645895765625001 0.893988971875 0.5973746890625
4 0.716123096875 0.4248897453125 0.687790765625 0.35643356718749997 0.602367334375 0.3929883328125 0.6306996671875 0.46144451093749994 0.716123096875 0.4248897453125
4 0.6853189578125 0.2993638390625 0.6359755578125 0.23019407812499998 0.5850405359375 0.2669337375 0.6343839375 0.3361035 0.6853189578125 0.2993638390625
0 0.9738674890624999 0.5109307078125 0.68928361875 0.28607774375 0.5598403843749999 0.448463171875 0.8444225281250001 0.6733164484375 0.9738674890624999 0.5109307078125
0 0 0.5902443578125001 0.0328778890625 0.6626034390625 0.548736246875 0.421291040625 0.3771916390625 0.0437494921875 0 0.22019645 0 0.5902443578125001
0 0.57334675 0.08552897968749999 0.19769756249999998 0.0651561171875 0.187595996875 0.2061138421875 0.5632451828125 0.22648670625 0.57334675 0.08552897968749999
0 0.694341390625 0.17043443593750002 0.5009038796875 0.020810106249999998 0.45020845156249995 0.08572358125 0.643645959375 0.23534791249999998 0.694341390625 0.17043443593750002
4 0.52439603125 0.2580433203125 0.4684049328125 0.20172422499999998 0.4294545765625 0.24042797343750003 0.48544567499999997 0.2967470703125 0.52439603125 0.2580433203125
0 0.7387120296874999 0.3277162421875 0.4664797890625 0.10555434062499999 0.35592415 0.2399856953125 0.6281563890624999 0.46214759687500007 0.7387120296874999 0.3277162421875
0 0.9715920921875 0.3709548125 0.8212243390625 0.2603799890625 0.7617408109375 0.3403524640625 0.9551753906249999 0.48259702187500003 0.9836826125 0.44427055937500004 0.9715920921875 0.3709548125
0 0.8438222859375 0.27843396875000004 0.645894278125 0.136589625 0.59291895625 0.20960240468750002 0.79084725 0.3514484703125 0.8438222859375 0.27843396875000004
0 0 0.272987553125 0.32877215937500004 0.21324423124999997 0.29905210625 0.03302470625 0 0.08736740468750001 0 0.272987553125
4 0.0140625 0.2296875 0.028125 0.078125