4 0.8281980203125 0.10293564375 0.77368316875 0.10469306874999999 0.7767689765625 0.20037128750000002 0.831283828125 0.1986122109375 0.8281980203125 0.10293564375
4 0.7320841578125 0.315533003125 0.6674768984375 0.3606072609375 0.6966105609375 0.40236468593749997 0.761217821875 0.3572904296875 0.7320841578125 0.315533003125
4 0.63568151875 0.13616501718750001 0.6160066 0.2837277234375 0.683661715625 0.292747525 0.703336634375 0.14518646875000002 0.63568151875 0.13616501718750001
0 0 0.564805465625 0.30019227187499997 0.8340985515625 0.5838598296875 0.6238212046875 0.458328775 0.1690356375 0.44607423749999997 0.1633867140625 0 0.3814822625 0 0.564805465625
4 0.5657013203125 0.221151815625 0.505254125 0.226407590625 0.51293564375 0.314757425 0.5733828390625 0.30950164999999996 0.5657013203125 0.221151815625
4 0.3353217828125 0.51043234375 0.118587459375 0.6360561062500001 0.18168811875 0.7449240921875 0.3984224421875 0.6193003296875 0.3353217828125 0.51043234375
0 0 0 0 0.3598353515625 0.4479077546875 0.13955099843750002 0.4047430875 0 0 0
4 0.1185071078125 0 0.10144059375 0.009973596875 0.1713547859375 0.1296072609375 0.26325082499999997 0.075900990625 0.21889301562500002 0 0.1185071078125 0
4 0.5060430015625 0 0.51443234375 0.0671204625 0.647273928125 0.0505165015625 0.6409588984375 0 0.5060430015625 0
4 0 0.3449932859375 0.4419504953125 0.13799835 0.43009075937499996 0.1126782171875 0 0.3141196375 0 0.3449932859375
4 0.663190234375 0 0.456348184375 0.101344884375 0.47176402656249994 0.13280693125 0.742821253125 0 0.663190234375 0
4 0.41991419218750003 0.3223250828125 0.29893894374999996 0.35040759062500004 0.3514174921875 0.576473596875 0.47239273906249996 0.5483894390625 0.41991419218750003 0.3223250828125
4 0.1221419140625 0.41726402656249995 0.0838828390625 0.48740429062499996 0.1589917484375 0.5283729375 0.197250825 0.4582310234375 0.1221419140625 0.41726402656249995
4 0.3584455453125 0.6141171609375 0.22051155156250002 0.7402277234375 0.3032293734375 0.8306996703125 0.441163365625 0.704589109375 0.3584455453125 0.6141171609375
4 0.3960841578125 0.7603382843750001 0.31618481875 0.8365214515625 0.37031848125 0.8932953796875 0.45021782187500003 0.8171138609374999 0.3960841578125 0.7603382843750001
4 0.61006105625 0.6538630359375001 0.5415 0.66968481875 0.5610907593750001 0.7545825078124999 0.629651815625 0.7387607265625 0.61006105625 0.6538630359375001
4 0.730410890625 0.6570759078124999 0.6576287125 0.6922937296875 0.6832293734375 0.7452029703124999 0.7560115515625 0.7099851484374999 0.730410890625 0.6570759078124999
0 0.5655858078125 0.6058910890625 0.307970296875 0.835655115625 0.43731848125 0.9806831687500001 0.69493399375 0.7509174921875 0.5655858078125 0.6058910890625
0 0.770199590625 0 0.45531518125000003 0.083910890625 0.592775578125 0.5997425749999999 0.9734834984375 0.4982904296875 0.8406961374999999 0 0.770199590625 0
0 0.854336634375 0.2974257421875 0.771775578125 0.643034653125 0.9013646859375 0.6739917484375 0.9839257421875001 0.3283828390625 0.854336634375 0.2974257421875
0 0.9220264031250001 0.559648515625 0.749912540625 0.71631683125 0.8017970296874999 0.7733168312500001 0.9739108906249999 0.616648515625 0.9220264031250001 0.559648515625
4 0.78143564375 0.5166980203125 0.7194983500000001 0.5600544546874999 0.7489570953125 0.6021386140625 0.8108943890625 0.558782178125 0.78143564375 0.5166980203125
0 0.7942937296875 0.44850494999999996 0.5412755781249999 0.667216171875 0.647782178125 0.7904290421875 0.9008003296875 0.571717821875 0.7942937296875 0.44850494999999996
0 0.5680880234375 1 0.696537953125 0.877336634375 0.6321138609375 0.8098729375 0.4668745875 0.9676683171875 0.4977495546875 1 0.5680880234375 1
0 0.7824801984375 0.6731666671875 0.6168514843749999 0.8351947187500001 0.6758960390625 0.8955511546875 0.8415231015625 0.7335231015625 0.7824801984375 0.6731666671875
0 0.8237986796874999 0 0.8237986796874999 0.4273927390625 1 0.4273927390625 1 0 0.8237986796874999 0
4 0.8703125 0.07265625 0.071875 0.1421875