4 0.8988178187500001 0.794625859375 0.8451342625 0.8027361515625 0.865423765625 0.8981484890625 0.9191069187500001 0.8900365593749999 0.8988178187500001 0.794625859375
4 0.7917222296875 0.649978959375 0.7176293609375 0.6169712890625 0.6993396359374999 0.6636354984375 0.7734325046875 0.6966431671875 0.7917222296875 0.649978959375
4 0.7868399890625 0.8707196828124999 0.7316788046875 0.7279854375 0.6677840078124999 0.7491570765625 0.72294559375 0.8918929578125001 0.7868399890625 0.8707196828124999
0 0 0.7518906109375 0.5310895296875 0.8991794328125 0.541685 0.891363984375 0.553544734375 0.417802321875 0.22521575781249997 0.2606115875 0 0.578394478125 0 0.7518906109375
4 0.6198675453125 0.731309796875 0.559537053125 0.737025834375 0.5735520984375 0.826003609375 0.6338825890625001 0.8202875703125001 0.6198675453125 0.731309796875
4 0.37349363125 0.45580434687500004 0.13116994375 0.3704394296875 0.0960440234375 0.48977640312500004 0.3383677109375 0.5751413203125 0.37349363125 0.45580434687500004
0 0.5343489046875 1 0.5386862578125 0.922478521875 0.0040421828125000005 0.772904403125 0.059835365625000005 1 0.5343489046875 1
4 0.758160384375 1 0.7551312265625 0.97470866875 0.621315221875 0.9822603859375001 0.62344025625 1 0.758160384375 1
4 0.017203365625 0.8196147453125 0.5278262921875 0.9523405984375 0.533244834375 0.9250946515624999 0.0114838859375 0.789474928125 0.0107299640625 0.7932659890625 0.017203365625 0.8196147453125
4 0.833748334375 1 0.5636338796875 0.9248522187500001 0.556237371875 0.958830015625 0.7042189125 1 0.833748334375 1
4 0.463026109375 0.5127337437499999 0.3380060421875 0.506759109375 0.3418022796875 0.7403650875000001 0.466821946875 0.7463380875000001 0.463026109375 0.5127337437499999
4 0.21620183437499998 0.65185125625 0.16174264375 0.589228978125 0.0983479640625 0.6434217828125 0.1528067515625 0.7060424265624999 0.21620183437499998 0.65185125625
4 0.3944733984375 0.3635238625 0.22901052812499997 0.263432215625 0.1702401078125 0.368077559375 0.335702978125 0.46816920624999997 0.3944733984375 0.3635238625
4 0.375911365625 0.2503311140625 0.27930310468749997 0.1892482078125 0.2402486046875 0.2553187 0.3368572671875 0.3164032390625 0.375911365625 0.2503311140625
4 0.57028313125 0.2955748375 0.49945275312500004 0.292282509375 0.50099293125 0.3799905984375 0.5718233109375 0.383282925 0.57028313125 0.2955748375
4 0.70073166875 0.30126162968750003 0.6210534859375 0.27950325781249996 0.60893133125 0.3365846421875 0.6886095140624999 0.358343015625 0.70073166875 0.30126162968750003
0 0.6310957671875 0.271722178125 0.3234701109375 0.09050166093749999 0.23243491718749998 0.2576624515625 0.54006016875 0.438881334375 0.6310957671875 0.271722178125
0 0.9562238671875001 1 0.9647399296874999 0.4718231984375 0.5681192 0.440062034375 0.5594745750000001 0.9763006515624999 0.8554271484375 1 0.9562238671875001 1
0 1 0.605924740625 0.8514927171875 0.3106708171875 0.732438309375 0.3647862171875 0.8972702515625001 0.692495921875 1 0.6458007875 1 0.605924740625
0 0.9363293890625 0.35440678124999997 0.7300336484375001 0.230198875 0.6932314109375 0.296086925 0.8995271515625 0.42029483125 0.9363293890625 0.35440678124999997
4 0.7911742265624999 0.4412421765625 0.7201080265625001 0.4094549109375 0.7015803140625 0.4565018 0.7726465109375 0.4882890671875 0.7911742265624999 0.4412421765625
0 0.8758519 0.41216629843749997 0.5754098640625 0.2410740421875 0.501374975 0.382478559375 0.8018170140624999 0.553570815625 0.8758519 0.41216629843749997
0 0.6018712015625 0.146101421875 0.40201667343749997 0.019533490625 0.3555132078125 0.09806184375 0.5553677359375 0.224629775 0.6018712015625 0.146101421875
0 0.778534134375 0.26246905468750004 0.5772698421875 0.131774984375 0.534290509375 0.20228484375 0.7355564171875 0.332978615625 0.778534134375 0.26246905468750004
0 1 0.538781378125 0.835782378125 0.569167896875 0.9416298453125 1 0.993840540625 1 1 0.9988602656250001 1 0.538781378125
4 0.9578125 0.91171875 0.084375 0.159375