4 0.9313369937499999 0.8020025625 0.9258690546875 0.7486022359375 0.8321470140624999 0.758200284375 0.837616571875 0.8116004984374999 0.9313369937499999 0.8020025625
4 0.716017134375 0.7222362015625 0.6673292203125001 0.6619012453125 0.628333165625 0.69337049375 0.67702108125 0.7537054515625 0.716017134375 0.7222362015625
4 0.8854967953124999 0.6152771328125 0.7392736140625 0.6060913828125 0.7350629109375 0.673132290625 0.8812844703125 0.6823181546875 0.8854967953124999 0.6152771328125
0 0.426169021875 0 0.1854124109375 0.335479584375 0.41121856093750003 0.597939040625 0.8411094484375001 0.4421736046875 0.5946699953125 0 0.426169021875 0
4 0.7972551328125 0.5524072671875 0.7879453562500001 0.49342291875 0.701733596875 0.5070297828125 0.7110433703125 0.5660141328125 0.7972551328125 0.5524072671875
4 0.49743252968749996 0.34608750312500003 0.359219803125 0.1419288234375 0.25666859375 0.2113530859375 0.39488131875 0.4155117625 0.49743252968749996 0.34608750312500003
0 0.6208911921875 0 0.8655793828125 0.426238228125 1 0.37973890625 1 0.145399365625 0.9898326859375001 0 0.6208911921875 0
4 1 0.1453993578125 0.9981857937499999 0.1194549984375 0.97271090625 0.0821127765625 0.86005805625 0.158965434375 0.919094040625 0.2454990546875 1 0.19030310156250002 1 0.1453993578125
4 1 0.48067537812500005 0.9449585921875 0.49149843281249994 0.970379678125 0.6207782609375 1 0.6149532718749999 1 0.48067537812500005
4 0.6337622046875 0 0.8703968718749999 0.42520392031250004 0.89444119375 0.41182212656250006 0.66525254375 0 0.6337622046875 0
4 1 0.5965968984375001 0.90737053125 0.43682279062499996 0.877540403125 0.45411751406249995 1 0.6653462515624999 1 0.5965968984375001
4 0.6879178031250001 0.41622375937499995 0.6520420859375 0.2993819546875 0.4337002890625 0.36642363125 0.46957762656249996 0.48326531875 0.6879178031250001 0.41622375937499995
4 0.57426705625 0.13039797343749998 0.5027789734375 0.097651671875 0.46771361093749997 0.1742038375 0.5392033125 0.206950021875 0.57426705625 0.13039797343749998
4 0.3972255 0.3759078578125 0.2639446484375 0.2491463046875 0.1808008546875 0.33656715625 0.31408170625 0.4633287109375 0.3972255 0.3759078578125
4 0.25625413125 0.422898640625 0.175974628125 0.3496860859375 0.1239521390625 0.4067304703125 0.204230021875 0.4799431375 0.25625413125 0.422898640625
4 0.37547814062499996 0.6256647453124999 0.35523795625 0.5594398375 0.27323299843750004 0.584501828125 0.2934731828125 0.6507267359375 0.37547814062499996 0.6256647453124999
4 0.3805860953125 0.74404103125 0.34101369843749996 0.67500353125 0.2908265921875 0.7037697828125 0.3303989890625 0.7728072828125 0.3805860953125 0.74404103125
0 0.41952218906249994 0.5787069671875 0.176261228125 0.34156185 0.042757215625 0.47850832031249996 0.28601979843750003 0.7156533265625 0.41952218906249994 0.5787069671875
0 1 0.6551050171874999 0.9244157625 0.43461174375 0.42742523906249996 0.604978928125 0.553164134375 0.9717811953125001 1 0.8186055890624999 1 0.6551050171874999
0 0.74218715 0.8410167671875 0.39721112812500003 0.7836876296875 0.3757149640625 0.9130394374999999 0.7206909875 0.9703685765625 0.74218715 0.8410167671875
0 0.4893920515625 0.9254745765625 0.32376403125 0.767254146875 0.2713651828125 0.8221058812500001 0.43699320156250004 0.9803263109374999 0.4893920515625 0.9254745765625
4 0.5219076765625 0.7844983203125 0.4750895609375 0.7266667234375 0.43579505 0.7584775625 0.48261316093750006 0.816309159375 0.5219076765625 0.7844983203125
0 0.589740234375 0.7924404 0.357646190625 0.5590500296875 0.24399152656249998 0.67207369375 0.47608557031250004 0.9054640624999999 0.589740234375 0.7924404
0 0 0.57838039375 0.1620155453125 0.7259069671875 0.22382645625 0.658025890625 0.057563876562500005 0.5066320890625 0 0.56984905 0 0.57838039375
0 0.36836335 0.7962657125 0.1979185296875 0.6447801546874999 0.1427159875 0.70689184375 0.313160696875 0.8583757828125 0.36836335 0.7962657125
0 1 0.7928609234375 0.6124931171875 0.819958046875 0.6250828796875 1 0.68669776875 1 1 0.9780917718750001 1 0.7928609234375
4 0.94609375 0.83984375 0.1078125 0.075