4 0.718041890625 0.9274567890625001 0.7726758890625 0.9330510500000001 0.782495559375 0.8371654703125 0.7278616765625 0.831569553125 0.718041890625 0.9274567890625001
4 0.6293379078125 0.6629440875 0.691066740625 0.712756803125 0.723263003125 0.6728598515625 0.66153416875 0.6230471343749999 0.6293379078125 0.6629440875
4 0.5722387078125 0.7365505625 0.5816366703125 0.8861518359374999 0.6502264953125 0.8818421984375 0.6408284156249999 0.7322425828125 0.5722387078125 0.7365505625
0 0 0.6152774796875 0.4045340515625 0.8407390390625 0.563898028125 0.4009166796875 0.2953751515625 0.16989388593750002 0 0.3818695890625 0 0.6152774796875
4 0.45696734375 0.786346734375 0.517314365625 0.7958715875 0.53123558125 0.7076681359375 0.47088855625 0.6981432843750001 0.45696734375 0.786346734375
4 0.097352921875 0.3477166296875 0.3062281390625 0.48912238906249994 0.377256259375 0.384202009375 0.1683810453125 0.2427962515625 0.097352921875 0.3477166296875
0 0.3417986296875 1 0.3882305296875 0.8657742859375 0 0.6429049609375 0 0.996244459375 0.053706728125000006 1 0.3417986296875 1
4 0.1490963203125 1 0.2033158640625 0.92052525625 0.1147831171875 0.8601254046875001 0.036154984375 0.9753807953125 0.0722429109375 1 0.1490963203125 1
4 0.5819543546875 1 0.5872648875 0.972995709375 0.4549983953125 0.9469873390625001 0.4445742640625 1 0.5819543546875 1
4 0 0.687451740625 0.3734813828125 0.895302871875 0.387172328125 0.8707030703124999 0 0.6552337609375 0 0.687451740625
4 0.6271698109375 1 0.4167538921875 0.8780116343750001 0.3990596203125 0.90853090625 0.556832228125 1 0.6271698109375 1
4 0.25844358437500004 0.647303784375 0.3779847046875 0.6840083140625 0.4465750796875 0.46062397343750006 0.32703407812499996 0.42391778750000003 0.25844358437500004 0.647303784375
4 0.052052865625 0.49459235 0.0855556828125 0.567731971875 0.16387626093750002 0.531858175 0.1303735625 0.45871689531250004 0.052052865625 0.49459235
4 0.207047375 0.2502404 0.3367374125 0.386600346875 0.4261778890625 0.30153573906250003 0.29648785 0.1651757921875 0.207047375 0.2502404
4 0.30990985625 0.1602380671875 0.384813790625 0.2423722125 0.44317614687500007 0.18914622812499998 0.3682720984375 0.1070137390625 0.30990985625 0.1602380671875
4 0.5245094046875 0.34364279375 0.5922642609375 0.36435057187500003 0.6179052406250001 0.28045111093749997 0.550150384375 0.25974333125000004 0.5245094046875 0.34364279375
4 0.6427428859375001 0.32908992187499997 0.7133753125 0.36957653281249997 0.7428061296874999 0.3182299890625 0.6721737046875 0.277743378125 0.6427428859375001 0.32908992187499997
0 0.30159793281249997 0.1605312890625 0.54422165 0.40941214062500003 0.6843317859375 0.2728255359375 0.4417081828125 0.0239430265625 0.30159793281249997 0.1605312890625
0 0.7907938390625 1 0.9463768 0.5461415234375 0.571100553125 0.41749776875 0.39679749375 0.925969921875 0.6127569953124999 1 0.7907938390625 1
0 0.7539378390625 0.38658564218749997 0.8125914125 0.7395314078124999 0.9449315468749999 0.717538634375 0.886277971875 0.36459286875 0.7539378390625 0.38658564218749997
0 0.7371247046875 0.31144174687500004 0.8990003906249999 0.48089615781250006 0.9551193281250001 0.4272867734375 0.793243640625 0.2578323640625 0.7371247046875 0.31144174687500004
4 0.69559961875 0.466263246875 0.754767259375 0.51416296875 0.7873130015625 0.473960659375 0.7281453609375 0.4260609421875 0.69559961875 0.466263246875
0 0.524110590625 0.3461066640625 0.7628928187499999 0.583562615625 0.8785275890625 0.4672822671875 0.6397453625 0.2298263140625 0.524110590625 0.3461066640625
0 0.5134124515625 0 0.470481675 0.0390917546875 0.6253730234375 0.209195384375 0.6948223109375 0.1459564984375 0.5619186296875001 0 0.5134124515625 0
0 0.61182128125 0.1826889234375 0.7668065046875 0.3570714140625 0.8303514609375 0.3005934515625 0.6753678921875 0.1262110765625 0.61182128125 0.1826889234375
0 0.9530639484375 1 0.9796341453125 0.6200285 0.7910461859375 0.60684114375 0.763553840625 1 0.9530639484375 1
4 0.8109375 0.94609375 0.078125 0.10625