4 0.159257003125 0.782088321875 0.16809003125 0.7231610015625 0.06454212499999999 0.7070629609375 0.055710889062500005 0.7659905 0.159257003125 0.782088321875
4 0.3405332640625 0.7271938546875 0.3977030953125 0.6630856265625 0.3560393171875 0.6259043890625 0.298869484375 0.69001261875 0.3405332640625 0.7271938546875
4 0.11746430468749999 0.6361158359375 0.280265028125 0.6344264468749999 0.2790569515625 0.5598024859375 0.11625443437500001 0.5614916578125 0.11746430468749999 0.6361158359375
0 0.40498719375 0 0.171534925 0.36422735624999997 0.6487472421875 0.572093196875 0.91470309375 0.2861419140625 0.7262425234375 0 0.40498719375 0
4 0.312468559375 0.5169798546875 0.32585348281250004 0.4520804546875 0.2308502828125 0.43197147812500003 0.2174653609375 0.496870878125 0.312468559375 0.5169798546875
4 0.6712331 0.368386678125 0.835224078125 0.1499173015625 0.7249679390625 0.066931175 0.560976959375 0.2854005515625 0.6712331 0.368386678125
0 0.057362275 0 0.02208136875 0.301540021875 0.1477502765625 0.3554834453125 0.37611064375000003 0 0.057362275 0
4 0.057362275 0 0.0446368015625 0.10876249375 0.09807646406250001 0.14928460625 0.16808866718749998 0.056711714062499995 0.09329685625 0 0.057362275 0
4 0.021738489062499998 0.5626594796875 0.0566438046875 0.42070691875 0.0095234203125 0.40887069374999996 0.0033454578125 0.4616727140625 0.0090414921875 0.5594698421875 0.021738489062499998 0.5626594796875
4 0.3252328328125 0 0.116844665625 0.33524662968749996 0.1428452109375 0.3514912234375 0.36132985156249997 0 0.3252328328125 0
4 0.0099026609375 0.5742555578124999 0.1334199328125 0.3831543109375 0.10119867656249999 0.362232075 0.0061212546875 0.50933130625 0.0099026609375 0.5742555578124999
4 0.5848068468750001 0.43921330156250005 0.6306769046875 0.311668315625 0.39175431562499996 0.22459300624999998 0.34588605 0.35213821562500003 0.5848068468750001 0.43921330156250005
4 0.5217998828125 0.1286045078125 0.602856303125 0.096430678125 0.567887153125 0.0094603515625 0.48683252499999996 0.0416344015625 0.5217998828125 0.1286045078125
4 0.758459234375 0.42613565 0.912973315625 0.293248440625 0.82519255625 0.1914242640625 0.6706784796874999 0.3243114734375 0.758459234375 0.42613565
4 0.8795504484375 0.4509559203125 0.9724552781250001 0.374397175 0.9176527609375 0.30808396875 0.8247461421875 0.38464249375000004 0.8795504484375 0.4509559203125
4 0.7716480046874999 0.635244321875 0.7975415390625 0.5629473578125 0.707800753125 0.5303739937499999 0.6819072203125 0.6026709546875 0.7716480046874999 0.635244321875
4 0.724343128125 0.768540640625 0.77184346875 0.6942472828125 0.7176163437499999 0.659414215625 0.6701160015625 0.7337075734375 0.724343128125 0.768540640625
0 1 0.392122625 0.9177546671875 0.2990537984375 0.6354403234375 0.5480123234375001 0.7765652171874999 0.7077110734375001 1 0.510676834375 1 0.392122625
0 0.466755578125 0.976341496875 0.6253084640625 0.5767004640625 0.08239048125000001 0.358787925 0.0082389890625 0.545691403125 0.02294635625 0.7982071656249999 0.466755578125 0.976341496875
0 0.2808510921875 0.9650335234374999 0.6667854921874999 0.9214875828125001 0.6496100203124999 0.77672719375 0.263675621875 0.8202731343749999 0.2808510921875 0.9650335234374999
0 0.5952792421875001 0.9925766265625 0.7873296546875 0.8266678859375001 0.73199595625 0.7627654500000001 0.53994554375 0.928674190625 0.5952792421875001 0.9925766265625
4 0.5531154703125 0.8079537999999999 0.6080801296875 0.746514228125 0.5661026828125 0.7089366593750001 0.5111380234375 0.770376234375 0.5531154703125 0.8079537999999999
0 0.55575219375 0.90724704375 0.8254756015625 0.6618049671875 0.7051474421874999 0.5298014906249999 0.4354240328125 0.7752435703125 0.55575219375 0.90724704375
0 1 0.5228182234375 0.8485879093750001 0.6473919890625 0.9136965890625 0.7262972046875 1 0.655291375 1 0.5228182234375
0 0.7390556171875 0.864477678125 0.936104896875 0.7063228640625 0.8780340984375 0.6342027906250001 0.680984609375 0.79235939375 0.7390556171875 0.864477678125
0 0.032128190625000004 0.9558531359375 0.3859500828125 0.999252753125 0.40874243593750004 0.804450315625 0.020536596875 0.7568331796875001 0.032128190625000004 0.9558531359375
4 0.06171875 0.79765625 0.08125 0.08125