4 0.7644486921875 0.8449544156250001 0.7568199484375 0.8954505109375 0.8465656390625 0.9145349453125 0.8541959218749999 0.8640392296874999 0.7644486921875 0.8449544156250001
4 0.5897136187500001 0.7250201171875 0.6207614593749999 0.794713721875 0.6646549796875 0.77750995 0.633607140625 0.7078163453124999 0.5897136187500001 0.7250201171875
4 0.6941363015625 0.738235375 0.8283957015625001 0.7901213640625 0.8483118140625001 0.7300206984375001 0.7140508750000001 0.6781343328125 0.6941363015625 0.738235375
0 0.8551656546874999 0.5495560890625 0.7165083828125 0.049589940625 0.5965416328125001 0.0194444671875 0.25451277499999997 0.26184357187499996 0.402370309375 0.570678015625 0.8478142484375001 0.559522453125 0.8551656546874999 0.5495560890625
4 0.7026399249999999 0.576314540625 0.697263278125 0.633062909375 0.7809579953125 0.6462458109375 0.7863346453125 0.5894974421875 0.7026399249999999 0.576314540625
4 0.3578195890625 0.173381728125 0.43811596406250003 0.401317446875 0.5503673046875 0.368277128125 0.47007092968749997 0.140341409375 0.3578195890625 0.173381728125
0 1 0.11856671562500001 0.7363882046875 0.053802178125 0.8770813593750001 0.5567017609375 1 0.5498244234375 1 0.11856671562500001
4 1 0.2849793515625 0.9333763109375001 0.304858515625 0.96783384375 0.4016051078125 1 0.3920069859375 1 0.2849793515625
4 1 0.6424130015625 0.933313675 0.63442463125 0.9262103421875001 0.760295309375 0.9901310875 0.7679511359375 1 0.7146166468749999 1 0.6424130015625
4 0.7555408203125 0.060092871874999995 0.7519748546875 0.0608020296875 0.87954215625 0.551583421875 0.905170375 0.54648660625 0.7803251203125 0.066181915625 0.7555408203125 0.060092871874999995
4 0.87931411875 0.58016811875 0.9666269640625 0.894009209375 0.9668129249999999 0.89396929375 0.9802738703125 0.8212224203125 0.9112744828125001 0.573210778125 0.87931411875 0.58016811875
4 0.4860452875 0.3679369328125 0.491665178125 0.485533934375 0.7113992640625 0.48910439375000003 0.7057809109375001 0.37150776875 0.4860452875 0.3679369328125
4 0.5636185078125 0.20213917499999998 0.6225225875 0.25336485 0.6734961578124999 0.19373385 0.6145936140625 0.142508553125 0.5636185078125 0.20213917499999998
4 0.257165928125 0.265413028125 0.35131463281249997 0.421051540625 0.44974665937499997 0.3657706140625 0.3555979546875 0.2101321015625 0.257165928125 0.265413028125
4 0.1873865953125 0.3127194828125 0.2448427046875 0.40359162812499993 0.306991796875 0.3668563671875 0.24953415156249997 0.27598384375 0.1873865953125 0.3127194828125
4 0.2843032359375 0.5197977453125 0.28740008125 0.5864225703125 0.3699005015625 0.5878713015625 0.36680365625 0.5212464765625 0.2843032359375 0.5197977453125
4 0.27228275156250004 0.6341784359375 0.2927492203125 0.7091257265625 0.3464413984375 0.6977233234375 0.32597492968749997 0.6227760328125 0.27228275156250004 0.6341784359375
0 0.094503125 0.3542640734375 0.2649636734375 0.64362445625 0.42219775468750004 0.557994096875 0.25173874375 0.26863409374999997 0.094503125 0.3542640734375
0 0.4233083515625 0.5843871218750001 0.45318369531249997 0.9574584968750001 0.9565668281249999 0.9493421953125001 0.9572766859374999 0.9455059109375 0.9277078 0.576255771875 0.4233083515625 0.5843871218750001
0 0.6125700203125 1 0.6607539765625 0.8939948296875 0.3525020359375 0.738949784375 0.3015997375 0.8509353374999999 0.5979618125 1 0.6125700203125 1
0 0.2259058171875 0.7366879 0.342738878125 0.93073483125 0.404714825 0.8961177265625 0.2878817640625 0.7020707953125 0.2259058171875 0.7366879
4 0.394518525 0.7273516125 0.424418421875 0.79419825625 0.468671903125 0.7767706249999999 0.43877200624999996 0.7099239828125 0.394518525 0.7273516125
0 0.2361352703125 0.591244903125 0.397068925 0.87384819375 0.5300775484375 0.804209128125 0.3691438953125 0.5216058359375 0.2361352703125 0.591244903125
0 0.027748689062499998 0.42814693281249994 0.14680165 0.6161350984375 0.2206673828125 0.5723927765625 0.101614421875 0.3844046109375 0.027748689062499998 0.42814693281249994
0 0.1333258453125 0.5929944453125 0.2562599546875 0.7823086703125 0.32258301093749997 0.7418827546875 0.19964918125 0.5525670109374999 0.1333258453125 0.5929944453125
0 0.9471932046875 1 0.958692196875 0.9378560859375 0.544748553125 0.8361578 0.5144315015625 1 0.9471932046875 1
4 0.8671875 0.95546875 0.15 0.0890625