4 0.0979851484375 0.18665346562500001 0.099742575 0.2411683171875 0.1954207921875 0.2380825078125 0.193661715625 0.18356765625 0.0979851484375 0.18665346562500001
4 0.3105825078125 0.28276732656250003 0.355656765625 0.3473745875 0.39741419218749996 0.3182409234375 0.352339934375 0.2536336640625 0.3105825078125 0.28276732656250003
4 0.131214521875 0.3791699671875 0.278777228125 0.398844884375 0.2877970296875 0.33118976875 0.1402359734375 0.31151485156250003 0.131214521875 0.3791699671875
0 0.5890842562499999 1 0.826564375 0.7182705484375 0.6155734015625 0.4288729203125 0.1604358609375 0.5645280421875001 0.371755165625 1 0.5890842562499999 1
4 0.2162013203125 0.449150165625 0.2214570953125 0.5095973593750001 0.30980693125 0.5019158421875 0.3045511546875 0.44146864687500004 0.2162013203125 0.449150165625
4 0.5054818484375 0.6795297031249999 0.6311056109375001 0.8962640265624999 0.739973596875 0.833163365625 0.614349834375 0.6164290421875 0.5054818484375 0.6795297031249999
4 0 0.9048155124999999 0.0050231015625 0.913410890625 0.12465676562500001 0.8434967 0.0709504953125 0.751600659375 0 0.7930653171875 0 0.9048155124999999
4 0 0.508189725 0.062169967187499994 0.5004191421875 0.04556600625 0.3675775578125 0 0.3732737296875 0 0.508189725
4 0.333086846875 1 0.1330478546875 0.572900990625 0.10772772343749999 0.5847607265625 0.3022131578125 1 0.333086846875 1
4 0 0.3617650703125 0.0963943890625 0.5585033 0.1278564359375 0.5430874593749999 0 0.282134128125 0 0.3617650703125
4 0.31737458749999997 0.5949372937499999 0.3454570953125 0.715912540625 0.5715231015625 0.66343399375 0.54343894375 0.5424587453124999 0.31737458749999997 0.5949372937499999
4 0.41231353125 0.8927095703125 0.4824537953125 0.930968646875 0.5234224421875 0.8558597359375 0.45328052812499997 0.8176006593749999 0.41231353125 0.8927095703125
4 0.6091666671875 0.656405940625 0.735277228125 0.7943399343750001 0.825749175 0.7116221125 0.6996386140624999 0.57368811875 0.6091666671875 0.656405940625
4 0.7553877890625 0.6187673265625 0.8315709578125 0.6986666671874999 0.8883448843749999 0.6445330031250001 0.8121633656249999 0.5646336640625 0.7553877890625 0.6187673265625
4 0.648912540625 0.4047904296875 0.6647343234374999 0.473351484375 0.7496320125 0.4537607265625 0.73381023125 0.3851996703125 0.648912540625 0.4047904296875
4 0.6521254125 0.28444059374999997 0.687343234375 0.35722277187499996 0.740252475 0.3316221125 0.705034653125 0.25883993437499997 0.6521254125 0.28444059374999997
0 0.6009405937500001 0.4492656765625 0.8307046203124999 0.7068811875 0.9757326734375 0.577533003125 0.745966996875 0.3199174921875 0.6009405937500001 0.4492656765625
0 0 0.2632291453125 0.0789603953125 0.559536303125 0.5947920796874999 0.4220759078125 0.49333993437499996 0.041367987499999995 0 0.1728361125 0 0.2632291453125
0 0.292475246875 0.1605148515625 0.6380841578124999 0.2430759078125 0.6690412546875 0.11348679843750001 0.32343234375 0.0309257421875 0.292475246875 0.1605148515625
0 0.5546980203125 0.0928250828125 0.7113663359375 0.26493894375 0.7683663359375 0.2130544546875 0.6116980203125 0.04094059375 0.5546980203125 0.0928250828125
4 0.511747525 0.23341584218749997 0.5551039609374999 0.2953531359375 0.59718811875 0.26589438906249996 0.5538316828125 0.2039570953125 0.511747525 0.23341584218749997
0 0.4435544546875 0.22055775625 0.6622656765625 0.4735759078125 0.7854785484375 0.36706930625 0.5667673265625 0.1140511546875 0.4435544546875 0.22055775625
0 1 0.45194749375 0.8723861390625001 0.31831353125 0.8049224421875 0.3827376234375 0.962717821875 0.5479768984375 1 0.5123744828125 1 0.45194749375
0 0.6682161718749999 0.2323712875 0.8302442250000001 0.398 0.890600659375 0.3389554453125 0.7285726078125 0.17332838281250001 0.6682161718749999 0.2323712875
0 0 0 0 0.19105280468750002 0.42244224375000006 0.19105280468750002 0.42244224375000006 0 0 0
4 0.06953125 0.153125 0.1375 0.053125