4 0.271666584375 0.07650185312499999 0.2199350171875 0.0712047875 0.2106370171875 0.1619964453125 0.262368475 0.1672950796875 0.271666584375 0.07650185312499999
4 0.35565816875 0.3269623171875 0.29720867968750003 0.2797959015625 0.26672284375 0.317573328125 0.32517233437500004 0.3647397453125 0.35565816875 0.3269623171875
4 0.4097239734375 0.2572661859375 0.400825278125 0.11561247968749999 0.33587928749999996 0.11969316875 0.34477809375 0.2613453046875 0.4097239734375 0.2572661859375
0 1 0.39909261875 0.5685193203125001 0.158612721875 0.41762155468750006 0.57506951875 0.671879153125 0.7938192265625 1 0.55834360625 1 0.39909261875
4 0.518871546875 0.2101154359375 0.461730459375 0.20109659062500002 0.44854880937499997 0.284614234375 0.5056898984375 0.293633078125 0.518871546875 0.2101154359375
4 0.8593814515625 0.625443315625 0.66160273125 0.49154973750000003 0.5943479796875 0.590896221875 0.7921266984375 0.7247898 0.8593814515625 0.625443315625
0 0.630624453125 0 0.5839567171875 0.1349074734375 1 0.373743109375 1 0.014755607812499998 0.7889849984375 0 0.630624453125 0
4 0.8144996015625001 0.0017841546874999999 0.759047790625 0.0830651484375 0.8428772359375 0.1402562578125 0.9173282484374999 0.031123809375 0.8811529703125001 0.0064450125 0.8144996015625001 0.0017841546874999999
4 0.4020608390625 0 0.395496059375 0.0333821875 0.52073589375 0.0580088640625 0.532142453125 0 0.4020608390625 0
4 1 0.330713234375 0.597922315625 0.10694759375 0.5849587015625 0.1302405296875 1 0.36121949062500003 1 0.330713234375
4 0.3442354203125 0 0.5569486578125 0.12332023437499999 0.573702921875 0.0944222984375 0.41083641093749995 0 0.3442354203125 0
4 0.70684873125 0.34177172968749997 0.5936582328125 0.307017128125 0.5287117218749999 0.518534175 0.6419021078125 0.5532903453125 0.70684873125 0.34177172968749997
4 0.9022749421875 0.48637036875 0.8705519625000001 0.41711628906250003 0.796392165625 0.451084290625 0.8281150328125 0.5203399390625 0.9022749421875 0.48637036875
4 0.7555145171875 0.7177411218749999 0.6327142625 0.588625296875 0.5480253109375 0.669170846875 0.6708255671875001 0.798286671875 0.7555145171875 0.7177411218749999
4 0.6581166046875 0.8029620796874999 0.5871919421875 0.7251913109375 0.5319300859375 0.775589665625 0.60285485625 0.853358865625 0.6581166046875 0.8029620796874999
4 0.45491765781250004 0.6293007296875001 0.39076227812500003 0.6096930515625 0.366483475 0.6891353546875 0.43063885468749996 0.7087430328125001 0.45491765781250004 0.6293007296875001
4 0.34296532968750004 0.6430804796875 0.27608525156249997 0.6047447203125 0.24821794531250002 0.6533634796875 0.3150980234375 0.6916992390625001 0.34296532968750004 0.6430804796875
0 0.6659869578125 0.8026844359374999 0.436252625 0.5670253796875 0.303585840625 0.6963558203125 0.5333200640625 0.9320164468750001 0.6659869578125 0.8026844359374999
0 0.20545771406250002 0 0.0554619671875 0.43755974531249997 0.4108016640625 0.5593693 0.5758448734375 0.0779097296875 0.3485677046875 0 0.20545771406250002 0
0 0.23767760937500002 0.5886392203125 0.18214000624999999 0.2544436984375 0.0568304421875 0.27526810625000003 0.1123680453125 0.609463628125 0.23767760937500002 0.5886392203125
0 0.2535975453125 0.6597910953125 0.10032150468750001 0.49933895 0.047183885937499996 0.5501003359375 0.200459928125 0.7105524796875 0.2535975453125 0.6597910953125
4 0.2929166109375 0.5131944875000001 0.2368922515625 0.4678394390625 0.20607550156249999 0.505906 0.2620998609375 0.5512610453125 0.2929166109375 0.5131944875000001
0 0.455295284375 0.626967753125 0.22919836249999997 0.4021266484375 0.1197066890625 0.512229603125 0.345803609375 0.737070709375 0.455295284375 0.626967753125
0 0.5060751640625 0.9176724953125 0.35941241874999996 0.7566056203125 0.293652625 0.8164849406249999 0.44031536875 0.9775518156249999 0.5060751640625 0.9176724953125
0 0.372244225 0.781703925 0.225492590625 0.6165855046875001 0.1653234609375 0.6700630750000001 0.3120735265625 0.8351813874999999 0.372244225 0.781703925
0 0.0496763765625 0 0.02397141875 0.36759801406250003 0.2025406421875 0.3800847921875 0.2291187609375 0 0.0496763765625 0
4 0.18359375 0.0546875 0.0734375 0.109375