4 0.16910810781250002 0.9132111484375001 0.22491216249999998 0.9114121624999999 0.22175337812499998 0.813471284375 0.16594932499999998 0.815271959375 0.16910810781250002 0.9132111484375001
4 0.2674949328125 0.6955861484375 0.3336300671875 0.6494459453125 0.3038074328125 0.6067010140625 0.23767229687500002 0.652841215625 0.2674949328125 0.6955861484375
4 0.366177365625 0.8791959453124999 0.3863175671875 0.72814358125 0.31706249999999997 0.7189104734375 0.296922296875 0.8699611484374999 0.366177365625 0.8791959453124999
0 1 0.40907433125 0.713297215625 0.1674020078125 0.4170557265625 0.38338263281249996 0.555918909375 0.8492835609375 1 0.6337865453125 1 0.40907433125
4 0.4378125 0.792199325 0.49968918906250004 0.78681925625 0.4918260140625 0.6963800671875 0.42994932500000005 0.701760134375 0.4378125 0.792199325
4 0.673640203125 0.496077703125 0.8955 0.3674831078125 0.8309070953125 0.25604054062500003 0.609047296875 0.38463513437499997 0.673640203125 0.496077703125
4 0.9081599703125001 1 0.8414847968749999 0.885908784375 0.747415540625 0.940885134375 0.78196325625 1 0.9081599703125001 1
4 0.49655922031250005 1 0.49029391875000006 0.9498733109374999 0.3543108109375 0.9668699328124999 0.358452375 1 0.49655922031250005 1
4 1 0.673340771875 0.5644898656249999 0.8773192562500001 0.5766300671875 0.903238175 1 0.7049445859375 1 0.673340771875
4 0.375941565625 1 0.5497516890624999 0.9148395265625 0.533971284375 0.8826334453125 0.2944276671875 1 0.375941565625 1
4 0.587047296875 0.6886334453125 0.7108834453124999 0.659886825 0.6571638515625 0.42847466250000005 0.533327703125 0.4572229734375 0.587047296875 0.6886334453125
4 0.8918614859374999 0.5914493249999999 0.9310253375 0.5196503375 0.8541402031249999 0.47771283750000004 0.8149763515625 0.5495135140625 0.8918614859374999 0.5914493249999999
4 0.6499695953125 0.389940878125 0.791165540625 0.2608479734375 0.7064915546874999 0.1682364859375 0.5652956078125 0.2973293921875 0.6499695953125 0.389940878125
4 0.611440878125 0.240261825 0.6932297296875001 0.1622770265625 0.637815878125 0.10416047343749998 0.5560270265625 0.18214358125000002 0.611440878125 0.240261825
4 0.392403715625 0.3492550671875 0.4625861484375 0.333059121875 0.44253209531250004 0.246153715625 0.3723496625 0.2623496625 0.392403715625 0.3492550671875
4 0.2692077703125 0.34596621562499996 0.3437111484375 0.309915540625 0.3175050671875 0.2557550671875 0.24300168906250003 0.29180574375 0.2692077703125 0.34596621562499996
0 0.43793074374999996 0.3983614859375 0.7016385140625 0.1631638515625 0.56923141875 0.01470608125 0.3055236484375 0.2499054046875 0.43793074374999996 0.3983614859375
0 0.298205575 1 0.550809121875 0.9326858109374999 0.4100979734375 0.40465540468750005 0.020386825 0.50850675625 0.15136283281250001 1 0.298205575 1
0 0.1423513515625 0.7141216218750001 0.226864865625 0.3603395265625 0.0942111484375 0.3286503375 0.009697634375 0.6824324328125 0.1423513515625 0.7141216218750001
0 0.0730608109375 0.445697634375 0.24924493281250001 0.285324325 0.19613344531250002 0.22697635156249998 0.019949325 0.3873496625 0.0730608109375 0.445697634375
4 0.2169763515625 0.4896638515625 0.280378378125 0.4452820953125 0.2502229734375 0.40220270312500006 0.1868209453125 0.446584459375 0.2169763515625 0.4896638515625
0 0.20381418906249998 0.5594695953125 0.46281587812499997 0.3355861484375 0.35379054062500004 0.20945945937500002 0.0947888515625 0.4333429046875 0.20381418906249998 0.5594695953125
0 0.43006272812499996 0 0.30388175624999997 0.12049662187500002 0.3698293921875 0.18955574375 0.5389763515625 0.028028715625 0.5122104796875 0 0.43006272812499996 0
0 0.21590709531250002 0.3294949328125 0.385452703125 0.163635134375 0.325011825 0.1018513515625 0.1554679046875 0.2677111484375 0.21590709531250002 0.3294949328125
0 0.1736114859375 1 0.1736114859375 0.58108108125 0 0.58108108125 0 1 0.1736114859375 1
4 0.13515625 0.9359375 0.053125 0.128125