4 0.2234052078125 0 0.220259534375 0.0146310515625 0.2828068453125 0.027043878124999997 0.288621259375 0 0.2234052078125 0
4 0.3752252859375 0.233405453125 0.3101450296875 0.16891090625 0.26773361093750003 0.21172283281249998 0.33281386875 0.2762173765625 0.3752252859375 0.233405453125
4 0.37807688281249996 0 0.37082592187499996 0.15174052031250002 0.45080712500000003 0.1541719125 0.4581744953125 0 0.37807688281249996 0
0 1 0.28886911406250004 0.6584017203125 0.0514308921875 0.4173275703125 0.5445746984375 0.6985867703124999 0.84176470625 1 0.667103171875 1 0.28886911406250004
4 0.590692590625 0.1088721015625 0.5220343875 0.091280853125 0.49457693750000004 0.192131753125 0.5632351421874999 0.2097230015625 0.590692590625 0.1088721015625
4 0.9507534046874999 0.656856478125 0.72704850625 0.47012799375 0.63131215625 0.5841919421874999 0.8550170546875 0.7709204296875 0.9507534046874999 0.656856478125
0 0.6918746 0 0.6804990609375 0.024144046875 1 0.252383753125 1 0 0.6918746 0
4 0.924692309375 0 0.9964276296874999 0.060323771875 1 0.056097817187499996 1 0 0.924692309375 0
4 0.6953836703125 0 0.6823579515625 0.0185388890625 1 0.239027446875 1 0.198764125 0.7136561921875 0 0.6953836703125 0
4 0.8027140953125 0.2917371359375 0.669001921875 0.2361913234375 0.560862640625 0.487995409375 0.6945744656249999 0.543543134375 0.8027140953125 0.2917371359375
4 1 0.424810446875 0.9926927109375001 0.40280931249999996 0.8973859984375 0.4359554796875 0.926781775 0.5244646359375 1 0.49899911875 1 0.424810446875
4 0.8111978671875001 0.75809261875 0.6785416015625 0.5857983640625 0.5640355828125 0.6748252 0.6966918484375 0.8471194546874999 0.8111978671875001 0.75809261875
4 0.680514409375 0.8513955359375001 0.604331453125 0.7479650109375 0.5299063187499999 0.8034103859374999 0.606089621875 0.9068390000000001 0.680514409375 0.8513955359375001
4 0.45557869687499997 0.615307590625 0.37977946875 0.5839361484375 0.33930360312499996 0.6785226468750001 0.41510283281250004 0.7098940859375 0.45557869687499997 0.615307590625
4 0.316792803125 0.6193870593749999 0.240203446875 0.5647507671875001 0.1995228546875 0.62114940625 0.27611220937500003 0.675785696875 0.316792803125 0.6193870593749999
0 0.6901773828125 0.851955740625 0.441204896875 0.536847484375 0.2614009625 0.6801756328125 0.5103731015624999 0.9952858015625001 0.6901773828125 0.851955740625
0 0.1496050984375 0 0 0.31981164687499997 0 0.3377513640625 0.4111181078125 0.5245522453125 0.656497403125 0 0.1496050984375 0
0 0.19541780625 0.540617503125 0.1728596171875 0.12467376875 0.016781859375 0.1358588921875 0.039340046875 0.5518026296875 0.19541780625 0.540617503125
0 0 0.5133743328125 0.133353009375 0.685775934375 0.205229521875 0.629642584375 0.039555521875 0.415455725 0 0.44634737187500007 0 0.5133743328125
4 0.2732147484375 0.4544727203125 0.21085450312499998 0.39247565624999997 0.1679991421875 0.435604078125 0.2303593859375 0.49760114218749996 0.2732147484375 0.4544727203125
0 0.45635719999999996 0.612491503125 0.210364784375 0.3110578828125 0.06151345625 0.43347243124999996 0.3075058734375 0.734906053125 0.45635719999999996 0.612491503125
0 0.4448359625 1 0.47900016250000005 0.9745886671875 0.3214975375 0.7604050499999999 0.2329467 0.8262691640625001 0.355382490625 0.9927663296875 0.39924676406250004 1 0.4448359625 1
0 0.3337837734375 0.7926336328125 0.1767223859375 0.5734742765624999 0.0958777859375 0.6321320734375 0.2529372671875 0.8512911125 0.3337837734375 0.7926336328125
0 0.02628503125 0 0 0.1446485703125 0 0.251185059375 0.1807548578125 0.28099339375 0.231815990625 0 0.02628503125 0