4 0.269143696875 0 0.256501725 0.0587999109375 0.31819514843749996 0.0710432796875 0.33346939999999997 0 0.269143696875 0
4 0.303327690625 0.25320101875 0.36751948125 0.31681509218750004 0.40935190312499997 0.27458763125 0.34516011406249997 0.21097355625 0.303327690625 0.25320101875
4 0.4132432640625 0.021794803125 0.4050125984375 0.194037578125 0.48390190781250003 0.1964357765625 0.49213291562499994 0.024191114062499998 0.4132432640625 0.021794803125
0 1 0.3115019515625 0.688662446875 0.095097365625 0.45087941249999997 0.5815088328125 0.7282988953125 0.8746416375000001 1 0.7171975500000001 1 0.3115019515625
4 0.5270741812499999 0.23387739375 0.5947950718749999 0.2512284890625 0.6218776734375 0.15175439375 0.554156784375 0.1344032984375 0.5270741812499999 0.23387739375
4 0.66194270625 0.6205852265625 0.8825936140625 0.8047645187500001 0.9770229828125 0.6922577546875 0.7563720765624999 0.5080784640625 0.66194270625 0.6205852265625
0 0.7425827593750001 0 0.7104581171875 0.0681830359375 1 0.27502109375 1 0.01375670625 0.9165806609375 0 0.7425827593750001 0
4 1 0.0137567046875 0.9458870015624999 0.004832914062500001 0.928608603125 0.0252720578125 1 0.0853066171875 1 0.0137567046875
4 1 0.22265100468750001 0.7310480140625 0.0359593265625 0.7122916312500001 0.0626544 1 0.26236474374999996 1 0.22265100468750001
4 0.6085113359375 0 0.679430090625 0.0511276828125 0.7035095 0.018084696875 0.6784245375 0 0.6085113359375 0
4 0.592454959375 0.5257019578125 0.7243413671875001 0.5804913515625 0.8310046874999999 0.332122978125 0.6991179375 0.27733546875 0.592454959375 0.5257019578125
4 1 0.4480744703125 0.9243841421875001 0.47437246875000005 0.9533786109375001 0.5616733109375 1 0.545458253125 1 0.4480744703125
4 0.5955845859375 0.7099811703125 0.72642984375 0.879923284375 0.8393726406249999 0.7921118328125 0.7085273828124999 0.6221697171875 0.5955845859375 0.7099811703125
4 0.5619212484375 0.8368109265625 0.63706450625 0.9388275453125001 0.7104732578124999 0.8841409890625 0.635330340625 0.782122484375 0.5619212484375 0.8368109265625
4 0.37392061875 0.713628140625 0.44868504531250003 0.7445712999999999 0.4886083390625 0.6512760875 0.41384391249999997 0.620332925 0.37392061875 0.713628140625
4 0.23604814062499999 0.6570381515625 0.31159190625 0.7109285546875 0.3517171328125 0.6552998640625 0.276173365625 0.601409459375 0.23604814062499999 0.6570381515625
0 0.5753550046875 1 0.7200043125 0.8846935453125001 0.4744307671875 0.573887109375 0.2970814953125 0.7152585593749999 0.5220589578125 1 0.5753550046875 1
0 0.20756709843749999 0 0.032422653125 0.3744072515625 0.44475472031249996 0.5617597234375 0.7075392296875 0 0.20756709843749999 0
0 0.055801903124999996 0.1783727640625 0.078052128125 0.5886380890625 0.2319991328125 0.5776056609375 0.20974890624999998 0.1673403375 0.055801903124999996 0.1783727640625
0 0.0073694 0.5095195953125 0.1707816359375 0.72078240625 0.2416769015625 0.6654153828125 0.0782646625 0.454152575 0.0073694 0.5095195953125
4 0.204954784375 0.474025865625 0.2664636953125 0.535176553125 0.3087340015625 0.4926369140625 0.24722509062500003 0.4314862265625 0.204954784375 0.474025865625
0 0.0999228296875 0.47192331875000004 0.34255698749999997 0.7692418078125 0.489376215625 0.6484984453125 0.24674205625 0.351179959375 0.0999228296875 0.47192331875000004
0 0.507553565625 1 0.356357640625 0.7943926953125 0.2690156875 0.859357640625 0.37243882031250003 1 0.507553565625 1
0 0.1338180203125 0.667870884375 0.2887333453125 0.8840379921875 0.3684761453125 0.826181296875 0.21355894062499997 0.6100138765625001 0.1338180203125 0.667870884375
0 0.07323784375 0 0.020709576562500002 0.289067146875 0.21753636250000002 0.3215259078125 0.27596292031249997 0 0.07323784375 0