4 0.7977246499999999 0.8385908750000001 0.738001015625 0.82963848125 0.721685434375 0.9345856843749999 0.781409290625 0.9435362625 0.7977246499999999 0.8385908750000001
4 0.7420883671875 0.6548649359375001 0.6771138109375 0.5969225390624999 0.6394301234374999 0.6391493406250001 0.70440468125 0.6970917375 0.7420883671875 0.6548649359375001
4 0.6497795640625 0.8809483390624999 0.6480673453125 0.71594760625 0.5724349531249999 0.7171720078125 0.5741469515625 0.882174559375 0.6497795640625 0.8809483390624999
0 0 0.5862919390625 0.37421691562500004 0.8261470359375 0.584891753125 0.342485903125 0.2950762640625 0.0729360546875 0 0.2672810203125 0 0.5862919390625
4 0.5290336375 0.6833088921875 0.4632572171875 0.669743090625 0.44287649843750004 0.76603011875 0.5086529171875 0.7795959171875 0.5290336375 0.6833088921875
4 0.37843244375 0.3196961828125 0.157010778125 0.153489109375 0.07290321718750001 0.265235196875 0.2943248828125 0.43144227031250004 0.37843244375 0.3196961828125
0 0 0.9412696421875 0.3106824546875 0.977620234375 0.36535484218750003 0.8502530984375 0 0.6155514078125 0 0.9412696421875
4 0 0.9412696421875 0.115299825 0.9547599984374999 0.156369534375 0.9005981796875 0.0625456546875 0.829639865625 0 0.9121255187499999 0 0.9412696421875
4 0.5753305546874999 0.9779677484375 0.43145971406249994 0.9425907375 0.41946354062499996 0.990347884375 0.47297910156249995 0.9966093328125 0.5720978125 0.9908363265625001 0.5753305546874999 0.9779677484375
4 0 0.6672221453125 0.3448445578125 0.8815763531249999 0.361308671875 0.8552244468750001 0 0.6306373453125 0 0.6672221453125
4 0.5870833359375001 0.98996351875 0.393399640625 0.8647770953125 0.3721946703125 0.8974337734375 0.5212817296875001 0.993796025 0.5870833359375001 0.98996351875
4 0.450216184375 0.40729035781249995 0.3209476171875 0.360800434375 0.23269561562500002 0.6029517078125 0.3619644078125 0.6494398140625 0.450216184375 0.40729035781249995
4 0.13540997500000002 0.4711487671875 0.10280136250000001 0.38899699062500004 0.014655762499999999 0.4244386953125 0.047264596874999995 0.5065886578125001 0.13540997500000002 0.4711487671875
4 0.4369618078125 0.231291315625 0.30227882500000003 0.0746892078125 0.1990786453125 0.1636561921875 0.333761628125 0.32025829687499996 0.4369618078125 0.231291315625
4 0.4621174859375 0.108563734375 0.3845241640625 0.014403434375 0.3173148328125 0.06994652500000001 0.3949079328125 0.164108640625 0.4621174859375 0.108563734375
4 0.648896271875 0.21792431875 0.575622321875 0.1916808734375 0.5426087765625 0.282634371875 0.615882725 0.3088778171875 0.648896271875 0.21792431875
4 0.7839938921875 0.2658684515625 0.7086965703125 0.21772621406249998 0.6733927859375 0.2726861390625 0.7486901078125 0.3208283765625 0.7839938921875 0.2658684515625
0 0.3871972546875 0 0.3081626328125 0.06984324374999999 0.5604854625 0.3559726453125 0.7223423046875 0.212940659375 0.534562228125 0 0.3871972546875 0
0 0.99460286875 0.5269369140625 0.5895612796874999 0.366241421875 0.368703978125 0.9164961328125001 0.5581331796875 0.9916496734375 0.814061315625 0.9767435578124999 0.99460286875 0.5269369140625
0 0.983142084375 0.7153536234375 0.9390076859375001 0.32420389374999997 0.792291075 0.341611465625 0.8364254750000001 0.73276119375 0.983142084375 0.7153536234375
0 1 0.3838767765625 0.8429066421875 0.20203075468749998 0.778140659375 0.25811220625 0.9462914093749999 0.45275789531250005 1 0.40625114062499995 1 0.3838767765625
4 0.8239396625 0.439409996875 0.7616698265624999 0.3837025703125 0.723584453125 0.4262472796875 0.7858542921875 0.48195470625 0.8239396625 0.439409996875
0 0.9245747062499999 0.4367376421875 0.6758158453124999 0.163369321875 0.5420285375 0.2853235390625 0.7907874015624999 0.5586918578125 0.9245747062499999 0.4367376421875
0 0.5460690984375 0 0.661208096875 0.1399446859375 0.7411795999999999 0.0739561609375 0.680332428125 0 0.5460690984375 0
0 0.8812273765624999 0.2509571453125 0.720935334375 0.0512450375 0.647840665625 0.11010057656250001 0.8081345203125 0.3098128953125 0.8812273765624999 0.2509571453125
0 1 0.6067489546875 0.8203888328125 0.5857340171875001 0.7721282234375 0.97918588125 0.9738376390625 0.9674376453125 1 0.7541450640625 1 0.6067489546875
4 0.81328125 0.9375 0.0828125 0.0828125