4 0.172740940625 0.7566453015625 0.18102190468749998 0.7014009390625 0.0839457421875 0.6863090265625 0.0756664578125 0.74155359375 0.172740940625 0.7566453015625
4 0.34268743437500004 0.7051817390624999 0.3962841515625 0.645080275 0.357224359375 0.6102228640625 0.3036276421875 0.6703243296875 0.34268743437500004 0.7051817390624999
4 0.1335602859375 0.619796096875 0.2861859640625 0.61821229375 0.2850533921875 0.54825233125 0.1324260328125 0.5498359296875 0.1335602859375 0.619796096875
0 0.4181353078125 0 0.1842514921875 0.364900646875 0.6316380390624999 0.559774871875 0.88097165 0.29169554375 0.6888533140625 0 0.4181353078125 0
4 0.316376775 0.5081061140625 0.328925140625 0.4472629265625 0.23985964062499998 0.42841076093749997 0.2273112765625 0.4892539484375 0.316376775 0.5081061140625
4 0.65271853125 0.3688000109375 0.8064600734375 0.16398497031249998 0.7030949421875 0.0861854765625 0.5493534 0.2910005171875 0.65271853125 0.3688000109375
0 0.0799568765625 0 0.0441387828125 0.3061312703125 0.161953384375 0.3567032296875 0.3910973328125 0 0.0799568765625 0
4 0.0799568765625 0 0.0652845015625 0.12540233750000002 0.115384184375 0.16339181875 0.181020625 0.07660473125 0.0799937625 0 0.0799568765625 0
4 0.0319138984375 0.5479404765625 0.0438173328125 0.5509307625 0.0765410671875 0.4178502359375 0.03236570625 0.406753775 0.0265738671875 0.45625566875 0.0319138984375 0.5479404765625
4 0.3429119515625 0 0.1329793734375 0.33773121562499997 0.1573548859375 0.352960521875 0.3767528328125 0 0.3429119515625 0
4 0.0327212453125 0.5618020859375 0.1485186875 0.3826446671875 0.118311259375 0.3630300703125 0.0291761765625 0.5009356 0.0327212453125 0.5618020859375
4 0.5716939187500001 0.4351999703125 0.6146970984375 0.3156265453125 0.3907071703125 0.23399344375000003 0.347705671875 0.35356707656249997 0.5716939187500001 0.4351999703125
4 0.5126248906249999 0.1440042265625 0.588615284375 0.1138412609375 0.55583170625 0.032306579687499996 0.4798429921875 0.062469751562499995 0.5126248906249999 0.1440042265625
4 0.7344930328125 0.42293967187500003 0.8793499828125 0.2983579125 0.7970555218750001 0.202897746875 0.652198575 0.32747950625 0.7344930328125 0.42293967187500003
4 0.8480160453125001 0.446208675 0.9351143234375 0.3744348515625 0.8837369640625001 0.3122662203125 0.7966370078125 0.3840398375 0.8480160453125001 0.446208675
4 0.7468575046875 0.6189790515625 0.7711326921875 0.5512006484375 0.68700070625 0.52066311875 0.6627255187500001 0.5884415203125 0.7468575046875 0.6189790515625
4 0.7025091828125001 0.74394435 0.7470407515625 0.674294328125 0.696202821875 0.6416383265625 0.6516712515624999 0.71128835 0.7025091828125001 0.74394435
0 1 0.435255590625 0.8838324999999999 0.3038004359375 0.6191628031249999 0.5371990531249999 0.751467390625 0.68691663125 1 0.46775006875 1 0.435255590625
0 0.044949709375 0.7717567171875 0.4610208546875 0.9387576531249999 0.6096641843749999 0.564094184375 0.10067857656250001 0.3598011796875 0.0311615515625 0.535023190625 0.044949709375 0.7717567171875
0 0.2867353984375 0.9281564281250001 0.6485488984375001 0.8873321093750001 0.63244689375 0.75161924375 0.2706333953125 0.7924435640625 0.2867353984375 0.9281564281250001
0 0.5815117890625 0.9539780875 0.7615590515624999 0.7984386437500001 0.7096837093749999 0.738530109375 0.529636446875 0.894069553125 0.5815117890625 0.9539780875
4 0.541983253125 0.7808941875000001 0.593512621875 0.7232945890625 0.554158765625 0.6880656187499999 0.502629396875 0.7456652203125 0.541983253125 0.7808941875000001
0 0.54445518125 0.873981603125 0.7973208765625001 0.64387965625 0.6845132265625 0.5201263968750001 0.43164753125 0.750228346875 0.54445518125 0.873981603125
0 1 0.48273216406249997 0.9993654359375 0.4819631359375 0.818988665625 0.6303674890625001 0.8800280515625 0.7043411296875 1 0.6056346296874999 1 0.48273216406249997
0 0.7163021406250001 0.8338853234375 0.9010358406250001 0.685615184375 0.8465944671875001 0.618002615625 0.6618605718749999 0.76627443125 0.7163021406250001 0.8338853234375
0 0.053557678124999994 0.919549815625 0.385265703125 0.9602369562499999 0.40663353437499994 0.7776096703125 0.042690559375 0.73296860625 0.053557678124999994 0.919549815625
4 0.08125 0.77109375 0.0765625 0.0765625