3 0.32719949375 0.11500526250000001 0.270322303125 0.058642320312499996 0.2687119359375 0.060266193749999995 0.32558912812499996 0.116629134375 0.32719949375 0.11500526250000001
3 0.9173355921875 0.47541215625 0.8514818343749999 0.3853067421875 0.774278084375 0.4435955671875 0.84013184375 0.53370098125 0.9173355921875 0.47541215625
3 0.9023616125 0.34911488749999997 0.8939773000000001 0.33791777500000003 0.859188471875 0.3647611703125 0.8675724312499999 0.3759566515625 0.9023616125 0.34911488749999997
3 0.8265942390625 0.5240837593750001 0.8153954296875 0.5186963734375001 0.7976249140625 0.5528740640625001 0.8088257265625 0.55826264375 0.8265942390625 0.5240837593750001
3 0.812911284375 0.49642578750000005 0.7142246265625001 0.3696767125 0.621002703125 0.44417129375000003 0.7196890109375 0.5709187359375 0.812911284375 0.49642578750000005
3 0.723384184375 0.4383506078125 0.6976696296875 0.42301305312500004 0.6628176515625 0.4784561890625 0.6885322078125 0.49379374218749994 0.723384184375 0.4383506078125
3 0.90981561875 0.21538605781250003 0.866342390625 0.15657227812500002 0.7573596593749999 0.23969289531250002 0.8008328875 0.29850667343750004 0.90981561875 0.21538605781250003
3 0.91082810625 0.2460789453125 0.9410533078125001 0.250842009375 0.9495953359374999 0.20977551874999997 0.9353969921875 0.1437820328125 0.9322114328125 0.1432802 0.91082810625 0.2460789453125
3 0.56934846875 0.21818553281250003 0.3890756765625 0.1592235515625 0.34982984687499996 0.2645248609375 0.5301009859375 0.323487278125 0.56934846875 0.21818553281250003
3 0.45004040312500004 0.309233584375 0.433912046875 0.30176551093750004 0.39396415625 0.3812183734375 0.41009251406249997 0.38868644531249996 0.45004040312500004 0.309233584375
3 0.5454459875000001 0.2972682671875 0.5362827125 0.2979890859375 0.5377455765625 0.353401196875 0.5469088531249999 0.3526803765625 0.5454459875000001 0.2972682671875
3 0.545711909375 0.3865966109375 0.5373964890625 0.38267714375 0.4951546015625 0.46540679999999995 0.5034716734375 0.46932582968750003 0.545711909375 0.3865966109375
3 0.49367600781250004 0.39533288125 0.4861908296875 0.3906448890625 0.43083619375 0.474954509375 0.43832337499999996 0.4796436984375 0.49367600781250004 0.39533288125
3 0.7504751781250001 0.359588590625 0.74086520625 0.35403599531249996 0.7092386875 0.405798728125 0.7188483078125001 0.4113496921875 0.7504751781250001 0.359588590625
3 0.671611878125 0.3672420953125 0.6623499546875 0.3631935546875 0.6308103843749999 0.42914540624999997 0.64007230625 0.4331939453125 0.671611878125 0.3672420953125
3 0.5510811437500001 0.6937956390625 0.4733665125 0.650722709375 0.46770828125 0.660330940625 0.5454229140625 0.7034038687499999 0.5510811437500001 0.6937956390625
3 0.4850107796875 0.7246456109375 0.463173496875 0.65997144375 0.3761026015625 0.6933678078125001 0.39794153906249996 0.758041534375 0.4850107796875 0.7246456109375
3 0.5844210578125 0.4518518328125 0.42892294375000006 0.49041686249999994 0.460277471875 0.6487433625000001 0.615774284375 0.6101804046875 0.5844210578125 0.4518518328125
3 0.2939821734375 0.52845099375 0.285231440625 0.5216476531249999 0.0637540375 0.799640778125 0.0725047703125 0.80644411875 0.2939821734375 0.52845099375
3 0.29014383125 0.511641525 0.22015895156249998 0.44881241093749996 0.21233931562500002 0.4574345875 0.2823245484375 0.520265334375 0.29014383125 0.511641525
0 0.3845897 0 0 0.10180942343749999 0 0.6021549515625 0.0848269765625 0.9964282328125 0.5395127375000001 0.9805502562499999 0.9843302749999999 0.8627971890625 0.9922668437500001 0.40811142812499995 0.904462621875 0 0.3845897 0