0 0.2718841140625 0 0 0.0189714546875 0 1 0.9944492609375001 1 1 0.761517621875 1 0.28064687187500004 0.9962966296875001 0.153641634375 0.5981079140625 0 0.2718841140625 0
3 0.41192585625 1 0.429310990625 0.9693209312500001 0.42734003437499996 0.968261025 0.409354275 1 0.41192585625 1
3 0.8779149765625001 0.528975278125 0.9206934671875 0.41846443125 0.8309297875 0.38688105625 0.7881512984375 0.4973919015625 0.8779149765625001 0.528975278125
3 0.931022265625 0.561404846875 0.936535115625 0.5476051046875 0.8959470671875 0.5328070015625 0.8904341671875 0.546605021875 0.931022265625 0.561404846875
3 0.8103080359374999 0.40987037187500003 0.8199836921875001 0.400844240625 0.7943069640625 0.3731641671875 0.7846296328125 0.382192140625 0.8103080359374999 0.40987037187500003
3 0.7471470109375 0.5900589828125 0.81325466875 0.43259029531250004 0.7038732703125 0.3904135265625 0.6377655640625 0.5478804953124999 0.7471470109375 0.5900589828125
3 0.7180304171875 0.5431425015625 0.7395305234375 0.519500078125 0.6919693953125 0.4766071140625 0.6704692875 0.5002495359375 0.7180304171875 0.5431425015625
3 0.9477555796875 0.748876371875 0.9761574109375 0.6765806265625 0.8492421109375 0.6311723234375 0.82084028125 0.7034680703125 0.9477555796875 0.748876371875
3 1 0.6349928703125001 0.9982099 0.6313216749999999 0.9697329531250001 0.64607159375 1 0.7081431734375 1 0.6349928703125001
3 0.4792791296875 0.9052430250000001 0.6417415046875 0.7872349843750001 0.5778233937499999 0.696794015625 0.4153627390625 0.8148019328125 0.4792791296875 0.9052430250000001
3 0.4887842421875 0.7501865890625 0.5027892390625001 0.737473109375 0.44443094375000003 0.6726754578125 0.4304259453125 0.6853889390625 0.4887842421875 0.7501865890625
3 0.5900446046875001 0.719800221875 0.5992009984375 0.7174566046875 0.587244615625 0.6624980171875 0.5780882218750001 0.6648416359375 0.5900446046875001 0.719800221875
3 0.5706715 0.636179015625 0.577875465625 0.6295563078125 0.5164783890625 0.56230148125 0.5092727 0.568924309375 0.5706715 0.636179015625
3 0.5185522734375 0.6454026546875 0.5247566875 0.6383010140625001 0.45012412812499997 0.5738590546875 0.44391803750000003 0.5809625406250001 0.5185522734375 0.6454026546875
3 0.77704074375 0.5965604359375 0.7851190375 0.5879011249999999 0.7416090484375 0.5475534296875 0.7335307078125 0.5562110203125 0.77704074375 0.5965604359375
3 0.6978640546875 0.613711021875 0.70596463125 0.6066461609375 0.6591110234374999 0.55231956875 0.651010446875 0.559384428125 0.6978640546875 0.613711021875
3 0.44313354687500006 0.3940121046875 0.5089039375 0.325784478125 0.5010356859375 0.318224078125 0.43526529375 0.3864517046875 0.44313354687500006 0.3940121046875
3 0.43090699062500004 0.3883155859375 0.43668424687499996 0.3174656765625 0.3432653953125 0.31363866875 0.3374864125 0.3844887015625 0.43090699062500004 0.3883155859375
3 0.43830611406250003 0.5663999921875 0.6000507796875 0.5525153484375 0.5925243453125 0.3864314296875 0.430781459375 0.400317675 0.43830611406250003 0.5663999921875
3 0.289907078125 0.5835616859375 0.29684086875000004 0.5739590671875 0.0125628734375 0.3744576953125 0.0056290859375 0.38406031406249996 0.289907078125 0.5835616859375
3 0.243721084375 0.6768353421875 0.2971403828125 0.5917616578125 0.2873916640625 0.5858887921875 0.23397241875 0.6709642 0.243721084375 0.6768353421875
1 0.8608108859374999 0 0.9937637796875001 0.0667787703125 0.9918165625 0 0.8608108859374999 0