3 0.9793216421875 0.7574153890625 0.919796421875 0.69734706875 0.9180814421875001 0.6990477859374999 0.977606659375 0.7591161078125 0.9793216421875 0.7574153890625
3 0.6343295125 0.1436495484375 0.5391686796874999 0.074101025 0.477609525 0.15563633593749998 0.5727703578125001 0.2251848609375 0.6343295125 0.1436495484375
3 0.6843772671874999 0.0987698484375 0.672551934375 0.089915128125 0.644204196875 0.12665617812500002 0.65602780625 0.135510525 0.6843772671874999 0.0987698484375
3 0.493455975 0.1817606015625 0.4877663265625 0.1699334765625 0.451669815625 0.18869890312499998 0.457360725 0.20052814375 0.493455975 0.1817606015625
3 0.650836475 0.2886076546875 0.516976065625 0.184384121875 0.43830364531250005 0.2828366875 0.5721623296875 0.3870598515625 0.650836475 0.2886076546875
3 0.5945076671875 0.3060914796875 0.5783095890625 0.2789341953125 0.519755784375 0.3157415625 0.535953859375 0.34289885 0.5945076671875 0.3060914796875
3 0.8758972640625 0.12795523125 0.8137837015624999 0.0820429109375 0.7259995531250001 0.197140184375 0.7881131140625001 0.2430525046875 0.8758972640625 0.12795523125
3 0.8899351015624999 0.058390565625 0.8894051140625001 0.05502627812500001 0.8197090234375001 0.040031328125 0.776338471875 0.049052612499999995 0.7813687703125 0.0809736171875 0.8899351015624999 0.058390565625
3 0.8730972390625 0.6319992859375 0.810827159375 0.44161217812500003 0.6996173953125 0.483061665625 0.7618879359374999 0.6734470265625 0.8730972390625 0.6319992859375
3 0.7225578765625 0.58464734375 0.7146708015625001 0.5676140953125001 0.6307601890625001 0.6098032859375 0.6386472624999999 0.626836534375 0.7225578765625 0.58464734375
3 0.7265461796875 0.47653310937500004 0.727307440625 0.46685572343750004 0.6687864015625 0.4653107828125 0.6680251390625 0.4749881703125 0.7265461796875 0.47653310937500004
3 0.637106646875 0.47535684375000004 0.632967275 0.46657488125 0.5455964828125001 0.5111850312499999 0.5497353921875 0.5199687375 0.637106646875 0.47535684375000004
3 0.628691865625 0.529435428125 0.6237408515625 0.5215302890625 0.5346997250000001 0.579988515625 0.539652003125 0.5878957687499999 0.628691865625 0.529435428125
3 0.667354725 0.2604723890625 0.661490596875 0.25032324375 0.6068254078125 0.283724559375 0.6126878125 0.2938733328125 0.667354725 0.2604723890625
3 0.657683375 0.3433927875 0.6534076875 0.3336112171875 0.58375556875 0.3669203359375 0.5880312546875001 0.37670190468750003 0.657683375 0.3433927875
3 0.354022221875 0.5429792609375 0.3085326578125 0.460904403125 0.298385353125 0.466880090625 0.34387491406250004 0.5489549499999999 0.354022221875 0.5429792609375
3 0.34425458125 0.5537441609375 0.2759518296875 0.530681684375 0.2406822078125 0.6226359984375 0.30898449375000003 0.6457002234375 0.34425458125 0.5537441609375
3 0.523322125 0.5899163625 0.5640508703125 0.4256939328125 0.3968391765625 0.3925816140625 0.3561126203125 0.5568026703125 0.523322125 0.5899163625
3 0.49033911249999995 0.741669765625 0.48315406562499996 0.7324280671875 0.1895639671875 0.9663315953125 0.19674901250000001 0.9755732937499999 0.49033911249999995 0.741669765625
3 0.5672608203125 0.8103931859375001 0.500906640625 0.7364817625 0.4917989875 0.7447397515625 0.558154890625 0.8186515484375001 0.5672608203125 0.8103931859375001
0 0.321831025 0 0.1300491734375 0.0033475640625 0.0056894984375 0.4731218609375 0 0.636047778125 0 0.955701734375 0.20589702812500002 1 0.945090340625 1 1 0.7925762734374999 1 0.0788205109375 0.6336445890625 0 0.321831025 0