0 0.41067810781249997 0 0 0.0032075296875 0 1 0.787427325 1 1 0.5396849609375 1 0 0.41067810781249997 0
3 0.019705696875 0.398283228125 0.0851930375 0.438822784375 0.0862911390625 0.43704746875 0.020803796875 0.3965079109375 0.019705696875 0.398283228125
3 0.460303796875 0.8610854437500001 0.558909809375 0.9031803796875 0.5936170890625 0.8218813296875 0.49501107656250004 0.7797863921875 0.460303796875 0.8610854437500001
3 0.4271661390625 0.9088180375 0.4394683546875 0.9142310124999999 0.45563607656249994 0.8774841765625 0.44333544375 0.8720712031250001 0.4271661390625 0.9088180375
3 0.5738544296875 0.8023971515625 0.5815126578125 0.8114920890624999 0.60853955625 0.7887341765625 0.600879746875 0.7796376578124999 0.5738544296875 0.8023971515625
3 0.4126550640625 0.7397911390624999 0.552830696875 0.8044873421875 0.5985079109375 0.7055189875 0.45833386093749995 0.640822784375 0.4126550640625 0.7397911390624999
3 0.457542721875 0.714398734375 0.4778481015625 0.7347041140624999 0.5202262656250001 0.6923259500000001 0.4999208859375 0.6720205703125 0.457542721875 0.714398734375
3 0.2541756328125 0.9191281640625 0.31865664531250004 0.9470474687499999 0.368419303125 0.832120253125 0.303938290625 0.80420095 0.2541756328125 0.9191281640625
3 0.2874036265625 1 0.35875 0.9684351265625001 0.34704588593749996 0.9419825953125001 0.257976265625 0.981389240625 0.2662096171875 1 0.2874036265625 1
3 0.1407579109375 0.4862579109375 0.238580696875 0.6380743671875 0.3256091765625 0.5819968359375001 0.2277863921875 0.4301819625 0.1407579109375 0.4862579109375
3 0.2823433546875 0.49909335468749993 0.2931060125 0.5122484171874999 0.3562626578125 0.46057436718749994 0.34550000000000003 0.44741930312499995 0.2823433546875 0.49909335468749993
3 0.3037294296875 0.5925664562499999 0.305292721875 0.6010079109375 0.356457278125 0.5915332281250001 0.3548939875 0.583091771875 0.3037294296875 0.5925664562499999
3 0.38165348125 0.5770696203125001 0.3872658234375 0.5838386078125 0.45287025312500007 0.5294493671875 0.4472579109375 0.522678796875 0.38165348125 0.5770696203125001
3 0.3765300640625 0.529129746875 0.3826455703125 0.5349968359374999 0.4465174046875 0.46842088593750003 0.4404003171875 0.462552215625 0.3765300640625 0.529129746875
3 0.4047800640625 0.7669731015625 0.4122041140625 0.77459651875 0.4519889234375 0.7358575953125001 0.44456645625 0.7282341765625 0.4047800640625 0.7669731015625
3 0.39411867031250003 0.694061709375 0.4000791140625 0.701662975 0.4528971515625 0.6602373421875 0.44693670937499996 0.6526360765625 0.39411867031250003 0.694061709375
3 0.6118924046875 0.466822784375 0.6702515828125 0.5288291140625 0.677688290625 0.521830696875 0.6193291140625 0.4598243671875 0.6118924046875 0.466822784375
3 0.617898734375 0.45578639218749994 0.6825015828125001 0.4629636078125 0.6919889234375 0.3775791140625 0.6273860765625 0.3704003171875 0.617898734375 0.45578639218749994
3 0.45411392343749996 0.4578053796875 0.4564968359375 0.606186709375 0.609284809375 0.6037310125 0.6069003171875 0.45535126562499995 0.45411392343749996 0.4578053796875
3 0.44787183593749996 0.32154905 0.4562341765625 0.3281503171875 0.6573765828125 0.0733338609375 0.649014240625 0.0667325953125 0.44787183593749996 0.32154905
3 0.3652911390625 0.27679588593750004 0.439889240625 0.3279493671875 0.44589873437499994 0.3191851265625 0.37129905 0.2680316453125 0.3652911390625 0.27679588593750004
1 1 0.767578240625 0.8647782375 1 1 1 1 0.767578240625