0 1 0.0773494265625 0.9977575406250001 0.0004454140625 0.5101823000000001 0.0089560703125 0.0226813265625 0.0429727828125 0.0113328875 0.530548028125 0.0206709828125 0.8507933375000001 0.40736570624999996 1 0.634893909375 1 1 0.9745237265625001 1 0.0773494265625
3 0.5558457796875 0.0845419734375 0.5954772921875 0.014605329687499998 0.5936233640624999 0.0136083546875 0.55399185 0.08354499843749999 0.5558457796875 0.0845419734375
3 0.17621916875000002 0.6314025062499999 0.216457684375 0.5274532421875 0.13202372499999998 0.49774512968750007 0.0917852078125 0.60169439375 0.17621916875000002 0.6314025062499999
3 0.115062290625 0.4941409140625 0.12024786093749999 0.48116215156250003 0.08206968125 0.467241065625 0.07688415625 0.4802214484375 0.115062290625 0.4941409140625
3 0.21066751250000001 0.6443049546874999 0.21977025156250002 0.6358130171874999 0.195616503125 0.60977818125 0.1865153390625 0.6182683859375 0.21066751250000001 0.6443049546874999
3 0.2957317046875 0.6280797765624999 0.357914265625 0.479962409375 0.2550273421875 0.44028826875 0.1928448265625 0.588407253125 0.2957317046875 0.6280797765624999
3 0.3069287875 0.5470039328125 0.3271523265625 0.5247652796875 0.2824151390625 0.484419084375 0.2621916015625 0.5066577390625 0.3069287875 0.5470039328125
3 0.15899413906249998 0.4016160328125 0.1857096109375 0.33361284687500004 0.0663299078125 0.2909006625 0.0396144359375 0.3589038484375 0.15899413906249998 0.4016160328125
3 0.045657440625000004 0.38760140781249997 0.016072193749999998 0.3269280609375 0.0145436578125 0.392600253125 0.0188713125 0.40147554999999996 0.045657440625000004 0.38760140781249997
3 0.41429737031249997 0.3398906296875 0.5671119234375 0.22888943125 0.50699056875 0.1438182796875 0.354174396875 0.2548195921875 0.41429737031249997 0.3398906296875
3 0.5397696437499999 0.362577146875 0.5529430953125 0.3506185296875 0.498049821875 0.2896682390625 0.484876371875 0.30162685625 0.5397696437499999 0.362577146875
3 0.4054355328125 0.372150303125 0.41404826562499997 0.36994583593749997 0.40280179374999997 0.318250415625 0.3941890609375 0.32045488125 0.4054355328125 0.372150303125
3 0.47200001562500005 0.46639766875 0.47877786718750004 0.460168071875 0.4210246203125 0.3969066140625 0.41424839062499996 0.4031360984375 0.47200001562500005 0.46639766875
3 0.5344144921875 0.45552632656250003 0.5402520953125001 0.44884461093750005 0.47004926718749995 0.388230628125 0.464213240625 0.394910609375 0.5344144921875 0.45552632656250003
3 0.2602364890625 0.4802700546875 0.267835178125 0.47212650937499995 0.22690855000000001 0.43417284062499995 0.2193099046875 0.44231800468750004 0.2602364890625 0.4802700546875
3 0.33783619374999996 0.47578690625000003 0.3454557984375 0.46914152187499997 0.3013841234375 0.4180405703125 0.29376451875 0.42468595468750003 0.33783619374999996 0.47578690625000003
3 0.4865258078125 0.6959829765625 0.5483910828125 0.6318063656249999 0.5409900078125001 0.6246948640625 0.479124734375 0.688871475 0.4865258078125 0.6959829765625
3 0.6349284875000001 0.7002961265625001 0.6403643437500001 0.633652815625 0.5524906125 0.6300531515625 0.5470563796875 0.6966963484375001 0.6349284875000001 0.7002961265625001
3 0.4004692875 0.6318254359375 0.5526086890624999 0.6187636875 0.5455308109375 0.46254250781249995 0.3933897359375 0.47560275 0.4004692875 0.6318254359375
3 0.945995546875 0.6430882296875 0.9525176406250001 0.6340557671875 0.6851186546875 0.44639978906250005 0.6785965578125001 0.455432253125 0.945995546875 0.6430882296875
3 0.687484715625 0.4442108546875 0.73773219375 0.36418680000000003 0.7285623546875 0.35866425625 0.678314828125 0.438686690625 0.687484715625 0.4442108546875
1 0.15744481875 1 0.0230534453125 0.93249871875 0.0250217296875 1 0.15744481875 1