0 0 0 0 1 0.5936874078125001 1 1 0.812365559375 1 0 0 0
3 0.4217070875 0 0.44234470937500003 0.033337884375 0.44425938593750003 0.032153584375 0.424354896875 0 0.4217070875 0
3 0.945068259375 0.5430563140625 0.8996689421875 0.43670989687499995 0.8119880546875 0.4741416375 0.857387371875 0.5804880546875 0.945068259375 0.5430563140625
3 0.9569863484375001 0.41423890781250006 0.9511484640625 0.40097098906250006 0.9115170656249999 0.41840955625 0.9173549484375 0.4316757671875 0.9569863484375001 0.41423890781250006
3 0.84618259375 0.567433446875 0.8363737203125 0.5591740609375 0.8118276453125001 0.58832081875 0.821638225 0.5965819109375 0.84618259375 0.567433446875
3 0.8386279859375 0.5365 0.7688532421875001 0.38532081875 0.662116040625 0.434585325 0.731890784375 0.5857627984375 0.8386279859375 0.5365
3 0.76336689375 0.4556314 0.7414675765625 0.43373208124999996 0.6957627984375 0.47943685937499997 0.717662115625 0.5013361781250001 0.76336689375 0.4556314
3 0.9923788390625001 0.2839436859375 0.96226791875 0.2144010234375 0.8383191125 0.26806996562499996 0.868430034375 0.337612628125 0.9923788390625001 0.2839436859375
3 0.6591518765625 0.1975819109375 0.49541808906250007 0.0920802046875 0.4349402734375 0.1859402734375 0.5986723546875 0.29144197968749996 0.6591518765625 0.1975819109375
3 0.5234488046875 0.256387371875 0.5092610921875 0.2447798640625 0.4535307171875 0.3128941984375 0.4677184296875 0.32450170625 0.5234488046875 0.256387371875
3 0.6191757671875 0.2695307171875 0.610071671875 0.267844709375 0.5998532421875 0.323025596875 0.6089573374999999 0.3247116046875 0.6191757671875 0.2695307171875
3 0.6006587031249999 0.3579385671875 0.5933583625 0.351885665625 0.5346979515625 0.42263993125 0.542 0.4286928328125 0.6006587031249999 0.3579385671875
3 0.547982934375 0.35295563125 0.541655290625 0.34636006875 0.46985153593750006 0.4152440265625 0.4761808875 0.421841296875 0.547982934375 0.35295563125
3 0.806390784375 0.3848344703125 0.7981689421875 0.3768276453125 0.756389078125 0.41973720156249994 0.764610921875 0.42774232031250004 0.806390784375 0.3848344703125
3 0.72773208125 0.3717576796875 0.7195341296875 0.3653293515625 0.6748566546875 0.422293515625 0.6830546078124999 0.42872184375 0.72773208125 0.3717576796875
3 0.5413310578125 0.663138225 0.47445733749999996 0.6001979515625 0.46690955624999997 0.6082184296875 0.5337832765625 0.6711587031249999 0.5413310578125 0.663138225
3 0.470295221875 0.6763498296875 0.46255460781249996 0.6066757671875 0.3704658703125 0.61690785 0.378208190625 0.6865819109375 0.470295221875 0.6763498296875
3 0.6247610921875 0.4326040953125 0.46473208125000004 0.4300341296875 0.462085325 0.59481399375 0.622112628125 0.597385665625 0.6247610921875 0.4326040953125
3 0.3248993171875 0.43232081874999995 0.3177798640625 0.4233020484375 0.042960751562499996 0.6402337890625 0.0500802046875 0.649252559375 0.3248993171875 0.43232081874999995
3 0.32468259375 0.4146928328125 0.26951365156249996 0.3342389078125 0.2600614328125 0.3407184296875 0.315230375 0.4211740609375 0.32468259375 0.4146928328125
1 1 0.90172678125 0.8310861078125 1 1 1 1 0.90172678125