3 0.9775231140624999 0.7159364218750001 0.917602378125 0.6554689765624999 0.9158760031250001 0.65718099375 0.9757967375 0.717648440625 0.9775231140624999 0.7159364218750001
3 0.6302386796875 0.0980924015625 0.5344455484374999 0.028081762500000003 0.4724773625 0.1101588375 0.5682704937499999 0.180169478125 0.6302386796875 0.0980924015625
3 0.6806189765624999 0.0529144984375 0.6687150703125 0.04400094375 0.640178975 0.08098612031249999 0.6520811484375 0.0898992984375 0.6806189765624999 0.0529144984375
3 0.4884291046875 0.1364566859375 0.4827016515625 0.12455097500000001 0.4463652953125 0.1434410875 0.45209401875 0.155348928125 0.4884291046875 0.1364566859375
3 0.6468553218750001 0.2440136859375 0.512105475 0.13909763749999998 0.43291031406249997 0.23820437343749998 0.5676584250000001 0.34312005 0.6468553218750001 0.2440136859375
3 0.5901522359375 0.2616136828125 0.5738465296874999 0.23427595 0.5149036625 0.2713278859375 0.5312093671875 0.2986656203125 0.5901522359375 0.2616136828125
3 0.87341153125 0.0822938046875 0.8108852546875 0.03607641875 0.722517821875 0.15193845781249998 0.7850440984375 0.19815584375 0.87341153125 0.0822938046875
3 0.786974146875 0 0.77319121875 0.002866915625 0.7782549421875 0.035000020312500005 0.88754264375 0.012266915625 0.887009134375 0.008880273437499999 0.8457338796875 0 0.786974146875 0
3 0.8705929015624999 0.5896869890625 0.8079090687500001 0.39803485 0.69596036875 0.4397597484375 0.758644665625 0.6314101296875 0.8705929015624999 0.5896869890625
3 0.719053278125 0.5420204156249999 0.711113796875 0.524873990625 0.6266456390624999 0.5673435062500001 0.6345851171875 0.5844899328125 0.719053278125 0.5420204156249999
3 0.72306808125 0.4331878140625 0.7238344 0.42344612656249997 0.6649245171875 0.42189092031250003 0.6641581953125 0.431632609375 0.72306808125 0.4331878140625
3 0.633034265625 0.43200373281250004 0.628867390625 0.42316341875 0.5409160609375 0.46806998125000004 0.545082471875 0.47691205156249994 0.633034265625 0.43200373281250004
3 0.6245635734375 0.4864416421875 0.6195796609374999 0.478483978125 0.5299468984375 0.5373306312499999 0.5349320828125 0.5452904249999999 0.6245635734375 0.4864416421875
3 0.6634833265625 0.215691475 0.6575802359375 0.20547489375 0.602551821875 0.23909814375 0.6084531796875 0.24931435156249998 0.6634833265625 0.215691475
3 0.653747715625 0.29916283906249996 0.6494436203125 0.289316275 0.5793286953125001 0.3228467171875 0.5836327906250001 0.3326932796875 0.653747715625 0.29916283906249996
3 0.3480688796875 0.50007546875 0.3022770609375 0.4174552625 0.2920623328125 0.42347065625 0.33785414999999996 0.5060908640624999 0.3480688796875 0.50007546875
3 0.3382363390625 0.5109118968749999 0.2694797484375 0.48769618125 0.23397577812499998 0.5802614859374999 0.3027318984375 0.6034789625 0.3382363390625 0.5109118968749999
3 0.5184937015625 0.5473244453125 0.5594930687499999 0.38201083593749996 0.39117033437500004 0.3486785015625 0.35017316875 0.513990728125 0.5184937015625 0.5473244453125
3 0.48529153125 0.7000861765625 0.47805874375 0.690783071875 0.1825178796875 0.9262407749999999 0.1897506671875 0.9355438796875 0.48529153125 0.7000861765625
3 0.562724346875 0.76926623125 0.49592927500000006 0.6948637015625 0.48676110625 0.703176559375 0.5535579140625 0.777579465625 0.562724346875 0.76926623125
0 0.11118704374999999 0 0 0.42001408281249997 0 0.9173272265625 0.3842606140625 1 0.932510653125 1 1 0.7450559421875 1 0.033189996875 0.8457338765625 0 0.11118704374999999 0