0 0.365106090625 0 0 0.025476273437500002 0 0.9226505734374999 0.002242459375 0.9995545859374999 0.48981769999999997 0.9910439296875 0.9773186734375001 0.9570272171875001 0.9886671125 0.469451971875 0.9793290171875 0.1492066625 0.59263429375 0 0.365106090625 0
3 0.44415422031249996 0.9154580265625001 0.40452270781250005 0.9853946703125 0.4063766359375 0.9863916453125 0.44600815000000005 0.9164550015625 0.44415422031249996 0.9154580265625001
3 0.82378083125 0.36859749375 0.783542315625 0.47254675781250005 0.867976275 0.5022548703124999 0.9082147921875 0.39830560625 0.82378083125 0.36859749375
3 0.884937709375 0.5058590859375001 0.8797521390625 0.5188378484375 0.9179303187500001 0.532758934375 0.92311584375 0.5197785515625 0.884937709375 0.5058590859375001
3 0.7893324875000001 0.35569504531249996 0.7802297484375 0.3641869828125 0.804383496875 0.39022181875 0.8134846609374999 0.3817316140625 0.7893324875000001 0.35569504531249996
3 0.7042682953125 0.3719202234375 0.6420857343749999 0.520037590625 0.7449726578125 0.55971173125 0.8071551734375 0.41159274687499997 0.7042682953125 0.3719202234375
3 0.6930712125 0.4529960671875 0.6728476734375 0.47523472031249997 0.7175848609375 0.515580915625 0.7378083984375 0.49334226093750005 0.6930712125 0.4529960671875
3 0.8410058609375 0.5983839671875 0.8142903890625 0.666387153125 0.9336700921875 0.7090993375 0.9603855640625 0.6410961515625 0.8410058609375 0.5983839671875
3 0.9543425593749999 0.6123985921874999 0.98392780625 0.6730719390625 0.9854563421875 0.607399746875 0.9811286875 0.59852445 0.9543425593749999 0.6123985921874999
3 0.5857026296875001 0.6601093703124999 0.43288807656249995 0.77111056875 0.49300943124999996 0.8561817203125001 0.645825603125 0.7451804078125 0.5857026296875001 0.6601093703124999
3 0.46023035625000003 0.637422853125 0.44705690468750003 0.6493814703125 0.501950178125 0.7103317609375 0.515123628125 0.69837314375 0.46023035625000003 0.637422853125
3 0.5945644671875 0.627849696875 0.585951734375 0.6300541640625 0.5971982062500001 0.681749584375 0.6058109390624999 0.67954511875 0.5945644671875 0.627849696875
3 0.527999984375 0.53360233125 0.5212221328125 0.539831928125 0.5789753796875 0.6030933859375 0.585751609375 0.5968639015625 0.527999984375 0.53360233125
3 0.46558550781249997 0.5444736734375 0.4597479046875 0.5511553890625 0.5299507328125 0.611769371875 0.535786759375 0.605089390625 0.46558550781249997 0.5444736734375
3 0.7397635109375 0.5197299453124999 0.732164821875 0.527873490625 0.77309145 0.565827159375 0.7806900953125 0.5576819953125 0.7397635109375 0.5197299453124999
3 0.6621638062499999 0.52421309375 0.6545442015625 0.5308584781250001 0.6986158765625 0.5819594296874999 0.70623548125 0.5753140453125 0.6621638062499999 0.52421309375
3 0.5134741921875 0.30401702343750003 0.45160891718749996 0.36819363437499997 0.4590099921875 0.37530513593750003 0.520875265625 0.311128525 0.5134741921875 0.30401702343750003
3 0.36507151250000003 0.2997038734375 0.35963565625 0.366347184375 0.44750938749999997 0.36994684843750003 0.4529436203125 0.3033036515625 0.36507151250000003 0.2997038734375
3 0.5995307125 0.3681745640625 0.4473913109375 0.3812363125 0.4544691890625 0.5374574921875 0.6066102640625 0.52439725 0.5995307125 0.3681745640625
3 0.054004453125 0.3569117703125 0.047482359375 0.3659442328125 0.3148813453125 0.5536002109375 0.3214034421875 0.544567746875 0.054004453125 0.3569117703125
3 0.312515284375 0.5557891453125 0.26226780625 0.6358132000000001 0.2714376453125 0.64133574375 0.321685171875 0.561313309375 0.312515284375 0.5557891453125
1 0.8425551812500001 0 0.9769465546875 0.06750128125 0.9749782703125 0 0.8425551812500001 0