0 1 0.0018961 0.216648315625 0 0 0.4691406265625 0 0.9998821687499999 1 0.9920718421875 1 0.0018961
3 0.971165625 0.6020078125 0.906496875 0.561975 0.9054125000000001 0.563728125 0.97008125 0.6037609374999999 0.971165625 0.6020078125
3 0.5360750000000001 0.14499062499999998 0.43870156250000003 0.103421875 0.404428125 0.1837046875 0.5018015625000001 0.2252734375 0.5360750000000001 0.14499062499999998
3 0.5687984375 0.09785468750000001 0.55665 0.092509375 0.540684375 0.128796875 0.55283125 0.1341421875 0.5687984375 0.09785468750000001
3 0.42394375 0.20294531249999997 0.41638125 0.1939640625 0.3896921875 0.2164375 0.39725625 0.2254203125 0.42394375 0.20294531249999997
3 0.583128125 0.26476875 0.4447046875 0.20088124999999998 0.3995984375 0.2986125 0.5380203125 0.3625 0.583128125 0.26476875
3 0.5388015625 0.28984375 0.51875 0.2697921875 0.4769015625 0.311640625 0.496953125 0.33169218749999996 0.5388015625 0.28984375
3 0.7396265625 0.08767343749999999 0.6759515625 0.060103125 0.6268109374999999 0.17359375 0.6904859375 0.20116406250000002 0.7396265625 0.08767343749999999
3 0.7358734375 0.026190625000000002 0.7243171875 0.00006874999999999999 0.636359375 0.038982812500000005 0.6479171874999999 0.06510468750000001 0.7358734375 0.026190625000000002
3 0.8516265625000001 0.5151328125 0.7550265625 0.3652140625 0.6690859375 0.420590625 0.7656859375 0.5705078125 0.8516265625000001 0.5151328125
3 0.7118109375 0.5024578125 0.7011828125 0.4894671875 0.638815625 0.5404953124999999 0.64944375 0.5534859375 0.7118109375 0.5024578125
3 0.6906921875 0.410153125 0.6891484375 0.4018171875 0.6386234375 0.4111734375 0.6401671875 0.41950937499999996 0.6906921875 0.410153125
3 0.6137421875 0.42545625 0.6082 0.418771875 0.543415625 0.47248124999999996 0.5489578125000001 0.4791671875 0.6137421875 0.42545625
3 0.6188015625000001 0.47279687499999995 0.6127625 0.467003125 0.5496890624999999 0.5327468750000001 0.5557296875 0.5385421874999999 0.6188015625000001 0.47279687499999995
3 0.5909046874999999 0.2379265625 0.5835734375 0.23039843750000003 0.5442859375 0.268653125 0.5516156249999999 0.27618125 0.5909046874999999 0.2379265625
3 0.6014328124999999 0.3099265625 0.5955468749999999 0.3024203125 0.5433890625 0.343328125 0.549275 0.350834375 0.6014328124999999 0.3099265625
3 0.38638125 0.534325 0.32875156250000004 0.47309375 0.3214078125 0.48000468749999997 0.3790375 0.5412359375 0.38638125 0.534325
3 0.38045 0.5452234375 0.3166546875 0.5381359375 0.3072859375 0.622453125 0.37108125 0.6295421875 0.38045 0.5452234375
3 0.5421875 0.5432296875 0.5398343750000001 0.396703125 0.38895625 0.399128125 0.3913109375 0.5456531250000001 0.5421875 0.5432296875
3 0.5483515625 0.6777828125 0.54009375 0.6712640624999999 0.341465625 0.9228953125 0.3497234375 0.9294140625 0.5483515625 0.6777828125
3 0.6299 0.7219765625 0.5562343750000001 0.6714625 0.5503 0.6801171874999999 0.6239671875 0.73063125 0.6299 0.7219765625
1 0.140098621875 0.0018961 0 0 0.0023437140624999997 0.2386718765625 0.140098621875 0.0018961