4 0.6346018671875 0.2678444953125 0.67066893125 0.249907575 0.625592309375 0.1655466671875 0.5895252453125 0.1834835890625 0.6346018671875 0.2678444953125
4 0.660308690625 0.170206696875 0.65146373125 0.0341417671875 0.5886791953125 0.030851368750000004 0.5977901890624999 0.1710088140625 0.660308690625 0.170206696875
4 0.5338228765624999 0.1456130140625 0.588876446875 0.1104615984375 0.5424525890624999 0.040836990625 0.4874006859375 0.075988228125 0.5338228765624999 0.1456130140625
4 0.4177849109375 0.38593560625 0.5191950750000001 0.25167117031249997 0.46049886874999996 0.20594974375000002 0.35908897031250003 0.3402158625 0.4177849109375 0.38593560625
4 0.2887148640625 0.216814465625 0.30710817343749996 0.2118910890625 0.2917397765625 0.1630658390625 0.27334646875 0.167989215625 0.2887148640625 0.216814465625
4 0.13832509531249998 0.52171358125 0.34376548281249997 0.42583164062499995 0.24769016718749998 0.23572486406249998 0.0422497796875 0.3316068015625 0.13832509531249998 0.52171358125
4 0.5625587109375 0.7803300734375 0.5953287328125 0.6457652140625 0.5490878015625 0.6322241 0.5163175171875001 0.7667872765625 0.5625587109375 0.7803300734375
0 0.7665948109375 0.45051615468749995 0.641268590625 0.65301415625 0.7088494515625 0.9043279046875 0.812491596875 0.6466913187500001 0.7665948109375 0.45051615468749995
4 0.7065251859375 0.762519590625 0.7653749546874999 0.557289025 0.7153362624999999 0.5405297953125 0.65648649375 0.7457603625 0.7065251859375 0.762519590625
0 0.6782297984375 1 0.709405640625 0.9144054625000001 0.6339893890625 0.66898718125 0.4274618484375 1 0.6782297984375 1
4 0.6642375281249999 0.8738657625 0.6904756453124999 0.81817015 0.6510628984375 0.797984540625 0.6248247828125 0.8536801515624999 0.6642375281249999 0.8738657625
4 0.5953904125 0.9941578484375 0.5887299046875001 0.9303002421875 0.5549812390625 0.93207079375 0.561641746875 0.9959284 0.5953904125 0.9941578484375
4 0.37507785312499997 0.654995434375 0.59496119375 0.40526331562499995 0.5513632703125 0.3662843984375 0.3314779984375 0.6160150109375 0.37507785312499997 0.654995434375
4 0.8023859234374999 1 0.8564227000000001 0.8199795265625 0.76495318125 0.7881552484375 0.70136461875 1 0.8023859234374999 1
0 0 0.19401402031249998 0.1860133171875 0.646132140625 0.63180280625 0.4820432 0.4441302625 0.025892215625 0.2562391703125 0.0458042859375 0 0.14012237656249998 0 0.19401402031249998
0 0.7396898703125 0.2931033453125 0.66680926875 0.03494599375 0.46064914687499997 0.0241415984375 0.45989043125 0.0242220046875 0.54844225 0.33788407343750004 0.7396898703125 0.2931033453125
0 0.7662659265625 0.4288167609375 0.875839796875 0.40488730312500004 0.8050269234374999 0.139667571875 0.695451384375 0.1635972078125 0.7662659265625 0.4288167609375
0 0.63867436875 0.6323655359375 0.8162057984375 0.589802884375 0.712115753125 0.22805870625 0.53458265625 0.2706215359375 0.63867436875 0.6323655359375
0 0.4062731765625 1 0.7273725703125 0.4967888421875 0.450025184375 0.3110049890625 0.0844965265625 0.883843503125 0.2579007296875 1 0.4062731765625 1
0 0.323803284375 1 0.2744416046875 0.7030618796875 0.0301398125 0.7312257 0.07235903593750001 1 0.323803284375 1
0 0 0.53935085625 0.0469477015625 0.8382274015625001 0.19487905625 0.8225501296875001 0.0866356546875 0.13345539687500002 0 0.142636753125 0 0.53935085625
0 0.8178109296875 0.1763486171875 0.7852334390625 0.041152340625 0.6759141109375 0.0354231578125 0.7146364937499999 0.1961195359375 0.8178109296875 0.1763486171875
0 0.815668196875 0.631343565625 0.9162673671875 0.6111700171875001 0.84648799375 0.3316354640625 0.745888559375 0.351807328125 0.815668196875 0.631343565625
0 0.8623318890625 0.8164253515625 0.9508639328124999 0.5313822874999999 0.8697778890625001 0.5023518328125001 0.781245846875 0.7873948953125 0.8623318890625 0.8164253515625
0 0.9029608328125001 0.989732009375 0.9649775734375 0.6863226921875001 0.9002354265625 0.6698372921875 0.8377423890625 0.9755768421875001 0.8961625609375 0.9904524671875 0.9029608328125001 0.989732009375