4 0.2848046875 0.3151828125 0.271909375 0.2793625 0.190471875 0.3086796875 0.2033671875 0.3445 0.2848046875 0.3151828125
4 0.19809062500000002 0.2773734375 0.0312734375 0.26199218750000003 0.025953125 0.3197 0.1927703125 0.33508125 0.19809062500000002 0.2773734375
4 0.163375 0.39033281249999996 0.13659062500000002 0.33453125 0.06848593750000001 0.367221875 0.0952703125 0.423021875 0.163375 0.39033281249999996
4 0.3717015625 0.5320015625 0.2588546875 0.4191546875 0.21139999999999998 0.466609375 0.3242484375 0.57945625 0.3717015625 0.5320015625
4 0.20469374999999998 0.626428125 0.20197656249999998 0.608771875 0.15588125 0.6158640625 0.1585984375 0.6335203125 0.20469374999999998 0.626428125
4 0.4686921875 0.8090859375000001 0.400984375 0.6059609375 0.2179984375 0.6669562499999999 0.28570625 0.8700812499999999 0.4686921875 0.8090859375000001
4 0.7460421875 0.45570625 0.6262749999999999 0.40604687500000003 0.6094265625 0.44668437499999997 0.7291921875 0.49634375000000003 0.7460421875 0.45570625
0 0.4644754125 0.2200244765625 0.6373456843749999 0.364776234375 0.8734921515625 0.338886640625 0.6481471375 0.20613149375 0.4644754125 0.2200244765625
4 0.743709375 0.3205078125 0.56190625 0.2365984375 0.5417500000000001 0.28026875 0.723553125 0.364178125 0.743709375 0.3205078125
0 0.6512340437499999 0.373793125 0.996720684375 0.66512345625 0.99851255 0.4031227515625 0.8827529765625 0.339832521875 0.6512340437499999 0.373793125
4 0.8413421874999999 0.375575 0.7929984375 0.3433453125 0.770740625 0.37673125 0.8190843750000001 0.4089609375 0.8413421874999999 0.375575
4 0.9445765625 0.456403125 0.8855906250000001 0.4532984375 0.8839406249999999 0.48464375000000004 0.9429265625 0.48774843749999997 0.9445765625 0.456403125
4 0.6133828125 0.6102765625 0.4065140625 0.37158437499999997 0.36668124999999996 0.40610625 0.5735484375000001 0.6448 0.6133828125 0.6102765625
4 0.9984375 0.280128125 0.81071875 0.1907375 0.7727875 0.27039375 0.9700171875000001 0.3643125 0.9984375 0.30462968749999997 0.9984375 0.280128125
0 0.5869796875 0.783159375 0.480228125 0.34875625 0.0045328124999999995 0.4656546875 0.11128437499999999 0.9000578125 0.5869796875 0.783159375
0 0.3404515625 0.4046875 0.31805625000000004 0.22203124999999999 0.008275000000000001 0.26001093750000004 0.0306703125 0.44266875 0.3404515625 0.4046875
0 0.44461874999999995 0.2171875 0.433365625 0.11278593750000002 0.1842015625 0.13964062500000002 0.1954546875 0.24404374999999998 0.44461874999999995 0.2171875
0 0.6182296875 0.364178125 0.5965328125 0.194478125 0.2559609375 0.2380203125 0.2776578125 0.407721875 0.6182296875 0.364178125
0 0.9909140624999999 0.6824656250000001 0.502953125 0.26285156249999997 0.30636562500000003 0.491459375 0.7943265625 0.9110734375 0.9909140624999999 0.6824656250000001
0 0.9984375 0.8981937500000001 0.9967015625 0.7067703125 0.6475531250000001 0.7099375 0.650165625 0.99811875 0.9984375 0.994959375 0.9984375 0.8981937500000001
0 0.749015625 0.8005203125 0.1089703125 0.8005203125 0.1089703125 0.996875 0.749015625 0.996875 0.749015625 0.8005203125
0 0 0.2194234375 0.0024890625 0.24959531250000003 0.22702499999999998 0.23107656250000003 0.21895156249999997 0.133171875 0 0.15122968750000002 0 0.2194234375
0 0.6344328124999999 0.200984375 0.6257421875 0.10539375 0.36360000000000003 0.12922499999999998 0.3722890625 0.22481562500000002 0.6344328124999999 0.200984375
0 0.8080437500000001 0.1847796875 0.556196875 0.061978124999999995 0.5218234374999999 0.1324734375 0.7736703125 0.25527500000000003 0.8080437500000001 0.1847796875
0 0.9723953125 0.17320625 0.69911875 0.071396875 0.6777890625 0.1286515625 0.951065625 0.23046093750000002 0.9723953125 0.17320625