4 0.6785942515625 0.7888764890625 0.640503621875 0.76993320625 0.5928979484375 0.8590272328124999 0.630988578125 0.8779705171875 0.6785942515625 0.7888764890625
4 0.6594002406249999 1 0.6676527421875 0.8730490328125 0.6016266015625 0.8722019124999999 0.5933190328125 1 0.6594002406249999 1
4 0.5496366921875 1 0.5922127484375 0.9361461671875 0.5340703640625 0.8990225593750001 0.485043628125 0.9725536859374999 0.528028509375 1 0.5496366921875 1
4 0.5186218609375 0.7870139453125 0.41152201875000005 0.645216521875 0.34953290625 0.6935013999999999 0.45663246874999996 0.8353006000000001 0.5186218609375 0.7870139453125
4 0.2946356953125 0.8290259125 0.2752104171875 0.82382630625 0.25897976875 0.875390928125 0.2784050453125 0.8805905328125 0.2946356953125 0.8290259125
4 0.333349684375 0.6030820953125 0.1163829390625 0.501820640625 0.014917259375 0.7025934765625 0.2318840046875 0.8038549296875 0.333349684375 0.6030820953125
4 0.5990270453125001 0.370809015625 0.564418440625 0.2286943125 0.51558285625 0.2429969359375 0.5501917374999999 0.3851098609375 0.5990270453125001 0.370809015625
0 0.6475443859375 0.363153365625 0.7799021109375001 0.5770126421875 0.8283739640625001 0.36983095 0.7189169125 0.09773950625 0.6475443859375 0.363153365625
4 0.7786138140625 0.4642492140625 0.7164622421875 0.2475040625 0.6636160984374999 0.265203578125 0.7257676703125 0.48194873125 0.7786138140625 0.4642492140625
0 0.4238010484375 0 0.63985678125 0.34628416562500003 0.71950430625 0.087096540625 0.68778139375 0 0.4238010484375 0
4 0.6995122328125001 0.1887311953125 0.671802009375 0.1299107453125 0.6301779890625 0.1512288828125 0.657888209375 0.21004932968749998 0.6995122328125001 0.1887311953125
4 0.592057984375 0.070309975 0.599092184375 0.0028695984375 0.5634500296875 0.000999709375 0.5564158296875 0.06844008593749999 0.592057984375 0.070309975
4 0.598638884375 0.6248044187499999 0.3664188546875 0.361060928125 0.320372803125 0.402228371875 0.5525948734374999 0.665970271875 0.598638884375 0.6248044187499999
4 0.7120027859375 0 0.7781683765625 0.22043010000000002 0.8747698484375 0.1868203015625 0.818691965625 0 0.7120027859375 0
0 0.44982055781249997 1 0.63754751875 0.543716753125 0.1667467375 0.3704215015625 0 0.7757108796875001 0 0.9157545046875001 0.22887439375000002 1 0.44982055781249997 1
0 0.679006390625 1 0.7514876515625 0.74325719375 0.5495099671875 0.695964015625 0.4636757453125 1 0.679006390625 1
0 0.895276353125 0.6252015281250001 0.7795547734375 0.59992949375 0.7047671390625 0.8800293515625001 0.8204904796875001 0.905301575 0.895276353125 0.6252015281250001
0 0.8322965531250001 0.42991114531249996 0.6448046140625 0.38496049062500004 0.534872771875 0.7670003578125 0.722366471875 0.8119512015625 0.8322965531250001 0.42991114531249996
0 0.23774053906249998 0 0.0595342859375 0.11937319843750001 0.44557115156249993 0.7243511671875 0.7384792828125 0.528143796875 0.401470353125 0 0.23774053906249998 0
0 0.0461973953125 0 0.0021278546875 0.28055371562500003 0.2601363484375 0.310297684375 0.31171886249999997 0 0.0461973953125 0
0 0 0.9053136265624999 0.061793431249999996 0.9118622875 0.17610989375 0.1841054734375 0.0198787609375 0.16754861875 0 0.294099975 0 0.9053136265624999
0 0.80183805625 1 0.833991740625 0.8665625171875 0.7250286406249999 0.8456823390625001 0.6878433125 1 0.80183805625 1
0 0.9379721375000001 0.407345196875 0.8317287890625 0.3860397984375 0.758034121875 0.6812595875 0.8642777484374999 0.70256320625 0.9379721375000001 0.407345196875
0 0.9745097640625 0.491609465625 0.8810105765625 0.1905738859375 0.7953751515625 0.22123311406249999 0.8888743390625 0.5222686921874999 0.9745097640625 0.491609465625
0 0.9167393390624999 0.006782873437500001 0.8550414671875 0.0224931046875 0.9210407140625 0.3453863578125 0.9894152593750001 0.327976034375 0.92391903125 0.007543753124999999 0.9167393390624999 0.006782873437500001