4 0.725886825 0.699802365625 0.739827703125 0.7385270265625 0.82786824375 0.7068327703125 0.8139273656249999 0.6681081078125 0.725886825 0.699802365625
4 1 0.694390925 0.8253834453125 0.678290540625 0.8196317562500001 0.7406773656250001 0.9999746625 0.75730574375 1 0.7570309125 1 0.694390925
4 0.8571621625000001 0.618559121875 0.88611824375 0.678885134375 0.9597449328125001 0.64354391875 0.9307888515625 0.5832195953125 0.8571621625000001 0.618559121875
4 0.63194425625 0.46540371562500005 0.753940878125 0.5874003375 0.80524324375 0.5360979734375 0.6832449328125 0.41410135156249994 0.63194425625 0.46540371562500005
4 0.81249324375 0.36332094531250003 0.81543074375 0.38240878437500003 0.8652635140625 0.37474155468750003 0.8623260140625 0.35565371562500003 0.81249324375 0.36332094531250003
4 0.5270895265625 0.165853040625 0.6002871625 0.385447634375 0.798109796875 0.31950675624999997 0.7249121625 0.0999121625 0.5270895265625 0.165853040625
4 0.22725168906249998 0.547885134375 0.3567297296875 0.6015709453125 0.37494425625 0.5576385140625 0.2454679046875 0.503952703125 0.22725168906249998 0.547885134375
0 0.5316482031249999 0.8026762421875 0.34476142187500003 0.6461878546875 0.08946794375 0.6741766046875 0.333084175 0.8176956828125 0.5316482031249999 0.8026762421875
4 0.2297736484375 0.6940456078125 0.42631756718749997 0.7847584453125 0.44810810781250004 0.737547296875 0.2515641890625 0.6468344593750001 0.2297736484375 0.6940456078125
0 0 0.629712234375 0.0794562421875 0.6731540296875 0.3297469796875 0.636439865625 0 0.35838194375 0 0.629712234375
4 0.1242246625 0.6345135140625 0.176488175 0.66935641875 0.20055067499999998 0.6332635140625 0.1482871625 0.5984206078125001 0.1242246625 0.6345135140625
4 0.012619932812500002 0.54713175625 0.0763885140625 0.550488175 0.078172296875 0.5166013515625 0.014403715624999999 0.5132449328125 0.012619932812500002 0.54713175625
4 0.3706672296875 0.38078209531249996 0.5943091218750001 0.638827703125 0.6373716218750001 0.6015067562499999 0.41373141875 0.343459459375 0.3706672296875 0.38078209531249996
4 0 0.7594176515625 0.15733108125 0.8343378375 0.1983378375 0.7482229734375 0 0.653776534375 0 0.7594176515625
0 1 0.41959493437499995 0.9134763515625 0.0675050671875 0.3992111484375 0.19388175624999998 0.51461824375 0.66350675625 1 0.5442279515624999 1 0.41959493437499995
0 1 0.5620565656250001 0.665728040625 0.603040540625 0.6899391890625 0.8005067562500001 1 0.76249279375 1 0.5620565656250001
0 0.553114865625 0.80574324375 0.5652804046875 0.918609796875 0.8346469593749999 0.8895777031250001 0.82248141875 0.776709459375 0.553114865625 0.80574324375
0 0.365427365625 0.6468344593750001 0.38888344531249996 0.83029391875 0.75706925625 0.7832212843749999 0.733613175 0.5997601343750001 0.365427365625 0.6468344593750001
0 0 0.33496559062500003 0.490050675 0.7563766890625 0.702577703125 0.5092331078125001 0.17505236562499998 0.055596284375000006 0 0.259161303125 0 0.33496559062500003
0 0 0 0 0.27606783125 0.3337263515625 0.273040540625 0.331251109375 0 0 0
0 0.2240371625 0 0.2240371625 0.175113175 0.915978040625 0.175113175 0.915978040625 0 0.2240371625 0
0 1 0.7732721796875001 0.7883513515625 0.790728040625 0.7970793921875 0.8965709453124999 1 0.8798352703125 1 0.7732721796875001
0 0.3479104734375 0.823260134375 0.35730574375 0.9266013515625 0.640702703125 0.9008378374999999 0.631309121875 0.7974966218749999 0.3479104734375 0.823260134375
0 0.1602229734375 0.8407787156250001 0.432489865625 0.9735371625000001 0.46965033749999996 0.8973260140624999 0.19738344531250002 0.7645675671875 0.1602229734375 0.8407787156250001
0 0 0.8597931859375001 0.2779797296875 0.9633547296874999 0.3010388515625 0.9014577703125 0.0056047296875 0.79139358125 0 0.8064382015625 0 0.8597931859375001