4 0.151876240625 0.5984986 0.1328070875 0.636842321875 0.222493103125 0.6847643125 0.24156225468749998 0.6464205890625 0.151876240625 0.5984986
4 0 0.6647948718750001 0.137761271875 0.6737501031249999 0.138614021875 0.6072852515625 0 0.5982745875 0 0.6647948718750001
4 0.0375954578125 0.48992763906250003 0.000225371875 0.5484545796875 0.0742448890625 0.597808846875 0.11161516406250001 0.539280134375 0.0375954578125 0.48992763906250003
4 0.3185019140625 0.3535165140625 0.175760525 0.4613277015625 0.224368021875 0.5237289828125 0.367107621875 0.4159175140625 0.3185019140625 0.3535165140625
4 0.1354038171875 0.26236169375 0.1301696625 0.2819160421875 0.18207690468749999 0.2982545359375 0.187311059375 0.27870018750000003 0.1354038171875 0.26236169375
4 0.3093494234375 0.016677506249999998 0.2074151375 0.2350858921875 0.409522009375 0.3372257625 0.5114562984375 0.1188173765625 0.3093494234375 0.016677506249999998
4 0.7719997625 0.5206697859375 0.6289425640624999 0.5555086265625 0.6433384328125 0.6046684203125 0.7863974203125 0.569829859375 0.7719997625 0.5206697859375
0 0.6443229968749999 0.8355392390624999 0.9182223578125001 0.7253548984375 0.65104495 0.6535081359375 0.43576468281249997 0.7867453140625 0.6443229968749999 0.8355392390624999
4 0.74964556875 0.6696866375 0.531460246875 0.7322511765625 0.54927736875 0.7854484562499999 0.7674626875 0.72288391875 0.74964556875 0.6696866375
0 1 0.43864235156250003 0.6680262390625 0.64576945 0.9289360406249999 0.7259461953125 1 0.7000627828125 1 0.43864235156250003
4 0.8643775703125 0.636026346875 0.8051662890625 0.6639206890625 0.8266260734375 0.705821284375 0.88583735625 0.677926940625 0.8643775703125 0.636026346875
4 1 0.567227378125 0.9477164578125 0.561774075 0.94583414375 0.5976530546875 1 0.6033026890625 1 0.567227378125
4 0.6117103109375 0.32416265625 0.34621597187500003 0.5579277296875 0.3876553515625 0.6042776812499999 0.6531512921875 0.37051466093749996 0.6117103109375 0.32416265625
4 1 0.7233809734375 0.79471654375 0.785000059375 0.8285496625000001 0.8822434015624999 1 0.830779125 1 0.7233809734375
0 0.09538348125 0 0.005506217187500001 0.2441745328125 0 0.2961314234375 0 0.45036993281250004 0.46928180781249995 0.64344484375 0.643728521875 0.16951581875 0.23170870312499997 0 0.09538348125 0
0 0 0.6823654640625 0.2684155171875 0.7581420546875 0.3160229359375 0.5548223250000001 0 0.465603996875 0 0.6823654640625
0 0.1307345734375 0.71111110625 0.105294428125 0.8276033734375 0.38725560468750003 0.9028861625 0.412695559375 0.78639566875 0.1307345734375 0.71111110625
0 0.2445145890625 0.5400878734375001 0.19926507031250001 0.728827378125 0.5838435984375 0.8394878921875 0.6290929281250001 0.650750159375 0.2445145890625 0.5400878734375001
0 1 0.21618317187499997 0.8964449203125 0.061590992187500006 0.2874471640625 0.45019288749999997 0.4849582375 0.7450472515625 1 0.41639873906249997 1 0.21618317187499997
0 1 0.0455561734375 0.7341934359375 0.0038031234375 0.7042518328125 0.2635259578125 1 0.312689825 1 0.0455561734375
0 0.1054583375 0 0.0986901234375 0.06386514843749999 0.8312825296874999 0.1789411890625 0.847949396875 0.021671975 0.709982153125 0 0.1054583375 0
0 0 0.7958630484375 0.000560628125 0.8065604671875001 0.1442908890625 0.84119434375 0.16530980625 0.7315072359375 0 0.6916731734375 0 0.7958630484375
0 0.33082506718750004 0.7647320234375 0.3093798953125 0.8716815875 0.6065594859375001 0.9458656390625 0.6280064484375 0.83891635625 0.33082506718750004 0.7647320234375
0 0.79390819375 0.802321165625 0.49087237968749997 0.896441609375 0.5217353218749999 0.9826460421875 0.8247711375 0.888525596875 0.79390819375 0.802321165625
0 1 0.8860701656250001 0.9939687359375 0.8623839359375 0.6689300109375 0.928821715625 0.6864560187500001 0.9976505765624999 1 0.9335623140625 1 0.8860701656250001