4 0.70282786875 0.680791803125 0.7163573765625 0.7183737703124999 0.8018000000000001 0.6876147546875 0.7882704921875 0.6500327875 0.70282786875 0.680791803125
4 0.7938065578125 0.72046065625 0.96882786875 0.7365983609375 0.9744098359375 0.6760524593749999 0.799388525 0.6599147546874999 0.7938065578125 0.72046065625
4 0.8302295078125 0.6019459015625 0.8583311468750001 0.660491803125 0.9297852453125 0.6261934421875 0.90168360625 0.5676491796875001 0.8302295078125 0.6019459015625
4 0.6116573765625 0.45330983593749996 0.7300540984375 0.5717065578125 0.7798426234375 0.5219180328124999 0.6614442625 0.40352131093750004 0.6116573765625 0.45330983593749996
4 0.7868786890624999 0.35423934375 0.7897295078125001 0.372763934375 0.838091803125 0.3653229515625 0.8352409843749999 0.3467983609375 0.7868786890624999 0.35423934375
4 0.509896721875 0.1625983609375 0.5809344265624999 0.37571311406249996 0.772919671875 0.3117180328125 0.7018819671875 0.098603278125 0.509896721875 0.1625983609375
4 0.2189065578125 0.5333573765625 0.344563934375 0.5854590156249999 0.36224098437499996 0.5428229515624999 0.2365852453125 0.49072131093750004 0.2189065578125 0.5333573765625
0 0.514320878125 0.7806300578125 0.332948790625 0.6287593609375 0.0851885625 0.6559222124999999 0.32161611875 0.7952063015624999 0.514320878125 0.7806300578125
4 0.22135409843749998 0.67520491875 0.4120983609375 0.763240984375 0.4332459015625 0.7174229515625 0.24250163906250002 0.6293868859375 0.22135409843749998 0.67520491875
0 0 0.6136661984375 0.0754722875 0.6549298125 0.318377396875 0.619299015625 0 0.3508284546875 0 0.6136661984375
4 0.11891967187500001 0.6174295078125 0.169640984375 0.6512442625 0.1929934421875 0.61621639375 0.14227213125 0.5824016390625 0.11891967187500001 0.6174295078125
4 0.010608196875 0.5326262296875 0.07249508125000001 0.53588360625 0.0742262296875 0.502996721875 0.012339343749999999 0.49973934375000006 0.010608196875 0.5326262296875
4 0.3580901640625 0.3711852453125 0.5751327875000001 0.62161639375 0.6169245906249999 0.585396721875 0.39988360625 0.334963934375 0.3580901640625 0.3711852453125
4 0 0.7394285968750001 0.1510491796875 0.8113573765625001 0.1908459015625 0.7277836062499999 0 0.6369047484375 0 0.7394285968750001
0 0.385791803125 0.1898 0.4977934421875 0.6455672125 0.9968836062499999 0.522919671875 0.8848819671875001 0.067152459375 0.385791803125 0.1898
0 0.6444442625 0.5868852453125 0.667940984375 0.778524590625 0.9929573765624999 0.7386770484375 0.9694606562500001 0.547036065625 0.6444442625 0.5868852453125
0 0.5351540984375001 0.7836065578125 0.54696065625 0.8931426234375 0.8083786890625 0.8649672125000001 0.79657213125 0.7554295078125 0.5351540984375001 0.7836065578125
0 0.35300491875 0.6293868859375 0.37576885312499997 0.8074327875 0.7330901640625 0.7617491796875 0.7103262296875 0.5837016390625 0.35300491875 0.6293868859375
0 0 0.32813043125 0.4739508203125 0.735696721875 0.6802065578125001 0.4958459015625 0.168247540625 0.05559508125 0 0.25124690312500003 0 0.32813043125
0 0 0 0 0.269546040625 0.32223934375 0.2666229515625 0.3198222796875 0 0 0
0 0.2157868859375 0 0.2157868859375 0.1715852453125 0.8873098359375 0.1715852453125 0.8873098359375 0 0.2157868859375 0
0 1 0.7613888796875 0.99902786875 0.74960491875 0.7634491796875 0.7690344265625 0.771919671875 0.8717540984375001 1 0.8529434 1 0.7613888796875
0 0.33600491875 0.8006065578125 0.3451229515625 0.9008983609375001 0.6201573765624999 0.87589508125 0.611040984375 0.775603278125 0.33600491875 0.8006065578125
0 0.15385573749999998 0.817608196875 0.41808852500000004 0.9464491796875001 0.45415245937500004 0.8724868859375 0.189919671875 0.7436459015625 0.15385573749999998 0.817608196875
0 0 0.8366723234375 0.2681377046875 0.9365672125 0.29051639375 0.8764967218749999 0.0038 0.769680328125 0 0.7798805625 0 0.8366723234375