1 0.8068493531250001 0.7512588953125 0.1727550359375 0.7277155375000001 0.18935858125 0.9730482828125 0.8234545687500001 0.996591659375 0.8068493531250001 0.7512588953125
3 0.860985203125 0.24906638124999997 0.7300684093750001 0.23751217656249998 0.731297659375 0.3125090546875 0.8622144546875001 0.3240632578125 0.860985203125 0.24906638124999997
3 0.378676615625 0.43437606406249996 0.3581338015625 0.396543515625 0.3196379203125 0.4144152109375 0.34018240781250003 0.45224778125 0.378676615625 0.43437606406249996
3 0.2262174421875 0.3145260078125 0.10695054531249999 0.2532898671875 0.054406446875 0.37471697812500004 0.17367501406250002 0.43595313750000003 0.2262174421875 0.3145260078125
3 0.27794155 0.44169167187499997 0.2679707765625 0.4031313734375 0.2209329609375 0.4105663828125 0.23090373749999998 0.44912668125 0.27794155 0.44169167187499997
3 0.3248585203125 0.30252100625 0.262956296875 0.3017980671875 0.269543946875 0.3726232203125 0.33144616875 0.373346159375 0.3248585203125 0.30252100625
3 0.8396429203125001 0.492230071875 0.7641244828125 0.4913481125 0.770827746875 0.5634162546875 0.846346184375 0.5642982140624999 0.8396429203125001 0.492230071875
3 0.5683474890625 0.641694321875 0.4392552296875 0.634050553125 0.4430196640625 0.7165955640624999 0.5721119265625 0.724239334375 0.5683474890625 0.641694321875
3 0.3959165046875 0.576737390625 0.3486465171875 0.5477164765625 0.32563597187500004 0.589934878125 0.3729058046875 0.6189541125 0.3959165046875 0.576737390625
3 0.3151798265625 0.62927874375 0.3003628734375 0.5190875484374999 0.22937184687499998 0.5212360484375 0.24418879843750002 0.6314272437499999 0.3151798265625 0.62927874375
3 0.15848080625 0.5825788281250001 0.1350266859375 0.5271952984375 0.10120095 0.5384676296875 0.1246550671875 0.5938511578125001 0.15848080625 0.5825788281250001
3 0.4080180890625 0.678574046875 0.344476646875 0.6653251015625 0.340134584375 0.7060909296875 0.40367602343750003 0.7193398734375 0.4080180890625 0.678574046875
3 0.823180221875 0.7131867328125 0.807173709375 0.6804725734375 0.72457075625 0.7139185 0.74057726875 0.746632659375 0.823180221875 0.7131867328125
3 0.6396537484375 0.719470090625 0.6299459 0.6861776765625 0.6037795906250001 0.6912190015624999 0.6134874359375 0.7245114187499999 0.6396537484375 0.719470090625
3 0.8062690796875 0.6511821453125 0.7949785687500001 0.60525379375 0.7406040421875 0.6131275890625 0.7518945515625 0.65905594375 0.8062690796875 0.6511821453125
0 0 0.4697541375 0.016772209375 0.7018184828125 0.9595467609374999 0.73248229375 0.9243878343749999 0.246014903125 0 0.2159491203125 0 0.4697541375
1 0 0.9634383640624999 0.22261172343750002 0.97157669375 0.2060050328125 0.7282563359374999 0 0.7207253 0 0.9634383640624999
1 0 0.6992517078125 0.1119939796875 0.699701621875 0.06349077656249999 0.2176143046875 0 0.2173589875 0 0.6992517078125
1 0 0.199431240625 0.9498455703124999 0.21052423125000003 0.9334591171875 0.0343501546875 0.42603002187500005 0.010716265625 0 0.0057407765625 0 0.199431240625
1 1 0.87358566875 0.9931741515624999 0.7563903734374999 0.8551821687500001 0.7475051500000001 0.7805986218750001 1 1 1 1 0.87358566875
1 0.9807045125 0.5422949484374999 0.9608516046875 0.32885233125 0.8427006531250001 0.737426865625 0.99208480625 0.7376870546875 0.9807045125 0.5422949484374999
1 0.606376246875 1 0 0.9769642265625 0 1 0.606376246875 1