1 0.2559798796875 0.820332153125 0.2794475359375 0.1882767234375 0.0349036421875 0.20482688124999998 0.011435965624999999 0.8368839765624999 0.2559798796875 0.820332153125
3 0.7565576265625 0.8742939328125001 0.7680746796875 0.74379809375 0.6933189484375 0.745023390625 0.6818018968749999 0.87551923125 0.7565576265625 0.8742939328125001
3 0.57184379375 0.3935361765625 0.6095546953125 0.373059415625 0.5917404640624999 0.3346873171875 0.55402954375 0.35516574375 0.57184379375 0.3935361765625
3 0.69130848125 0.241567225 0.7523477203125 0.12268382343749999 0.6313110515625 0.0703086765625 0.5702717921875 0.18919374375 0.69130848125 0.241567225
3 0.564551709375 0.2931250171875 0.60298801875 0.28318630312500004 0.59557691875 0.2362997359375 0.5571406078125001 0.24623845156250002 0.564551709375 0.2931250171875
3 0.70327488125 0.3398911296875 0.7039954953125 0.2781879484375 0.633398075 0.28475441562500003 0.6326774609375 0.346457596875 0.70327488125 0.3398911296875
3 0.5141758125 0.8530202750000001 0.5150549359375 0.7777446609374999 0.4432185234375 0.784426371875 0.4423394 0.8597019843749999 0.5141758125 0.8530202750000001
3 0.3651921546875 0.582597175 0.37281134531250004 0.453920003125 0.290531753125 0.45767233437500005 0.2829125609375 0.5863495078125001 0.3651921546875 0.582597175
3 0.42994022187500003 0.41072063124999997 0.458867821875 0.3636026375 0.41678517031249995 0.34066608125000003 0.38785924375 0.387783921875 0.42994022187500003 0.41072063124999997
3 0.37756781250000004 0.33024355625 0.4874046953125 0.315474246875 0.485263103125 0.2447114875 0.3754262203125 0.2594807953125 0.37756781250000004 0.33024355625
3 0.42411756718750004 0.17404839218749998 0.4793230140625 0.15066968593750002 0.4680869296875 0.11695271562500001 0.4128814828125 0.14033141875 0.42411756718750004 0.17404839218749998
3 0.3284310140625 0.422783303125 0.3416373578125 0.359446175 0.3010026109375 0.3551180734375 0.2877962671875 0.4184552015625 0.3284310140625 0.422783303125
3 0.2939296234375 0.8366105109375 0.32653859218750003 0.820655465625 0.293200209375 0.7383181171875 0.2605912390625 0.7542731625 0.2939296234375 0.8366105109375
3 0.28766646875 0.6536741546875 0.320851834375 0.6439975203125 0.31582671875 0.617915346875 0.28264135 0.627591978125 0.28766646875 0.6536741546875
3 0.35573483906250003 0.81975374375 0.4015155109375 0.8084995390625 0.393667034375 0.7542998484375001 0.3478863578125 0.7655540546874999 0.35573483906250003 0.81975374375
0 0.759027090625 0 0.3052613203125 0.03279545 0.27469610625 0.9725385718749999 0.7595992921875 0.9374926968749999 0.7900913125 0 0.759027090625 0
1 0.12585021093749998 0 0.04479479375 0.007539196874999999 0.036370498437499996 0.2379731015625 0.2789084765625 0.22141980781249998 0.2870030375 0 0.12585021093749998 0
1 0.307884428125 0 0.3073713734375 0.127711040625 0.7879085703125 0.0793637953125 0.7882277203125 0 0.307884428125 0
1 0.80622093125 0 0.794975846875 0.9628685750000001 0.970583446875 0.9465348125 0.9941413421874999 0.44073732187500003 0.999288596875 0 0.80622093125 0
1 0.2512549609375 1 0.25972155468749997 0.8685095578125 0.0015460234374999999 0.7922480140625 0 0.855723790625 0 1 0.2512549609375 1
1 0.35487391874999996 1 0.46427191562500003 0.9936282921874999 0.6770282234375 0.9738392203125 0.26976743281250004 0.8560681750000001 0.2695167390625 1 0.35487391874999996 1
1 0 0.832105278125 0.031276874999999996 0.008796535937499999 0 0.0117056859375 0 0.832105278125