1 0.187668940625 0.2825255734375 0.8019478109374999 0.2597179453125 0.8180341140625 0.0220518296875 0.203753625 0.0448594765625 0.187668940625 0.2825255734375
3 0.727566271875 0.7574100796875001 0.854391915625 0.74621694375 0.855582753125 0.67356371875 0.7287571078124999 0.684756853125 0.727566271875 0.7574100796875001
3 0.3672546203125 0.6033484687499999 0.387155471875 0.5666981875 0.3498642078125 0.5493849625 0.3299617359375 0.5860352640625 0.3672546203125 0.6033484687499999
3 0.123920840625 0.742125440625 0.23946064687500002 0.6828029296875 0.1885601703125 0.5651703984374999 0.0730187453125 0.624492928125 0.123920840625 0.742125440625
3 0.2799091890625 0.59696648125 0.2895683765625 0.5596111921875 0.24400049531249998 0.552408528125 0.23434130625 0.5897638171875 0.2799091890625 0.59696648125
3 0.2750514125 0.695133121875 0.3350191921875 0.694432775 0.3414009765625 0.6258209078125 0.2814331984375 0.6265212546875001 0.2750514125 0.695133121875
3 0.7605580921875 0.511506515625 0.8337165796875 0.5106521171875 0.8402103656250001 0.4408361046875 0.7670518796875 0.44169050312499997 0.7605580921875 0.511506515625
3 0.44584100312499997 0.3732635265625 0.5708991296875 0.365858625 0.5745459281249999 0.2858931453125 0.4494878 0.293298046875 0.44584100312499997 0.3732635265625
3 0.3580638140625 0.45689966406250004 0.4038566140625 0.428785653125 0.38156499843749997 0.387888203125 0.33577234843750003 0.4160005875 0.3580638140625 0.45689966406250004
3 0.311289034375 0.48463393750000006 0.32564295625 0.37788621718750004 0.2568703984375 0.3758048578125 0.2425164765625 0.48255257812499996 0.311289034375 0.48463393750000006
3 0.15111960156249998 0.4767795546875 0.17384078125 0.4231267609375 0.141072096875 0.412206690625 0.11835092031250001 0.465859484375 0.15111960156249998 0.4767795546875
3 0.3540242515625 0.3429663078125 0.41558002343749995 0.3301313921875 0.4113736484375 0.290639496875 0.349817878125 0.3034744125 0.3540242515625 0.3429663078125
3 0.8022620312500001 0.32829219374999996 0.817768340625 0.296600353125 0.7377467296875 0.2641996109375 0.7222404203125 0.295891453125 0.8022620312500001 0.32829219374999996
3 0.630572590625 0.3227653765625 0.63997706875 0.29051335 0.614628453125 0.2856295625 0.605223978125 0.3178815921875 0.630572590625 0.3227653765625
3 0.7904479890625 0.40116038749999994 0.8013856703125001 0.356667296875 0.748710346875 0.3490395546875 0.737772665625 0.3935326484375 0.7904479890625 0.40116038749999994
0 0.00250036875 0.7788786296875 0.9158132140624999 0.7491730624999999 0.949873425 0.277907778125 0.036560578125 0.3076133453125 0.00250036875 0.7788786296875
1 0 0.290039940625 0.219879875 0.282001675 0.2359676078125 0.046285078125000004 0.01201465625 0.05447244062499999 0 0.1836444296875 0 0.290039940625
1 0 0.7770151656250001 0.08181918906249999 0.7766861421875 0.1288066671875 0.309664053125 0 0.310181509375 0 0.7770151656250001
1 0 0.9821758484374999 0.43302908437500004 0.9771186171874999 0.9246010203124999 0.9542232875 0.940475396875 0.7835546515625 0 0.7945382109375 0 0.9821758484374999
1 0.8487702265625 0.2633543859375 0.982449959375 0.254746825 0.996877965625 0.0070275156249999995 0.7746535390625 0.0124400421875 0.8487702265625 0.2633543859375
1 0.9511374921875 0.6689243046875 0.9703699968749999 0.46215176874999997 0.98139465625 0.27286566562500003 0.8366787578125001 0.2731177234375 0.9511374921875 0.6689243046875
1 0.0170812921875 0 0.0132366328125 0.041334712499999995 0.9970566203125 0.0039601375000000005 0.9972872718750001 0 0.0170812921875 0