3 0.592037975 0.16299999999999998 0.5562025312500001 0.176438290625 0.5838006328125 0.2500363921875 0.6196376578125 0.2365981015625 0.592037975 0.16299999999999998
3 0.473696203125 0.23131645625 0.418639240625 0.2524920890625 0.44059968281249995 0.309590190625 0.49565664531250003 0.28841455625 0.473696203125 0.23131645625
3 0.43330221562500004 0.325014240625 0.4281075953125 0.40812658281249997 0.49107911406250004 0.412061709375 0.496273734375 0.32895094999999996 0.43330221562500004 0.325014240625
3 0.43563449375 0.0731708859375 0.3581946203125 0.087 0.3754430375 0.183587025 0.4528829109375 0.16975791093749998 0.43563449375 0.0731708859375
3 0.2797721515625 0.36153480937500004 0.14650000000000002 0.376341771875 0.160264240625 0.5002231015625 0.2935363921875 0.48541455625 0.2797721515625 0.36153480937500004
3 0.1349936703125 0.609340190625 0.1188829109375 0.716745253125 0.2209003171875 0.73204746875 0.23701107656249998 0.6246424046875 0.1349936703125 0.609340190625
3 0.244080696875 0.786919303125 0.12570253125 0.9052974687500001 0.1866503171875 0.9662452531250001 0.30502848125000004 0.8478670890625001 0.244080696875 0.786919303125
3 0.45155696250000005 0.5873180375 0.399542721875 0.662976265625 0.45550158281249997 0.7014493671875 0.5075174046875001 0.6257911390625 0.45155696250000005 0.5873180375
3 0.49716455625 0.6600585437500001 0.44843987343749997 0.748648734375 0.5018465187500001 0.7780221515625 0.550571203125 0.6894319624999999 0.49716455625 0.6600585437500001
3 0.5880015828125 0.7430791140624999 0.5321218359375 0.7523924046875 0.5453006328125001 0.831457278125 0.601178796875 0.8221455703125 0.5880015828125 0.7430791140624999
0 0.741320234375 1 0.8455329624999999 0.87536996875 0.8497571796875001 0.6631331484375 0.6075282515625 0.8426142921875 0.6058552640625 1 0.741320234375 1
1 0.6159535265625 0.8308193234375001 0.8522917718749999 0.6589598734375001 0.8654216859374999 0.428620490625 0.615051634375 0.49296608906249995 0.6159535265625 0.8308193234375001
3 0.830110759375 0.7306613921875 0.830110759375 0.77168354375 0.84769145625 0.77168354375 0.84769145625 0.7306613921875 0.830110759375 0.7306613921875
3 0.7968971515625001 0.808889240625 0.7938496828125 0.8606946203125 0.8268291140624999 0.8626344937500001 0.829875 0.8108291140624999 0.7968971515625001 0.808889240625
3 0.75682753125 0.8147800640625 0.7471060125 0.921726265625 0.7775411390625 0.9244920890625 0.7872626578124999 0.81754746875 0.75682753125 0.8147800640625
3 0.7362041140625 0.749332278125 0.7332768984375 0.796177215625 0.7588876578125 0.7977784812500001 0.7618164562499999 0.7509319624999999 0.7362041140625 0.749332278125
0 0.5985921765625 1 0.596870253125 0.49742088593749995 0 0.4994647796875 0 1 0.5985921765625 1
0 0 0 0 0.6251756328125 0.6003860765625 0.6251756328125 0.6003860765625 0 0 0
1 0.620311709375 0.10360917656249999 0.620311709375 0.46812025312500005 0.8711329109375001 0.46812025312500005 0.8711329109375001 0.10360917656249999 0.620311709375 0.10360917656249999
1 0.8769920890625 0.17158860781250002 0.864457278125 0.408177215625 0.9806075953125 0.414330696875 0.9931424046874999 0.1777436703125 0.8769920890625 0.17158860781250002
1 0.8617594937499999 0.567995253125 0.8465854437500001 0.8628053796874999 0.9555838609375 0.8684161390625 0.9707579109375001 0.5736060125 0.8617594937499999 0.567995253125
3 0.9071218359375001 0.417129746875 0.9033939875 0.4488196203125 0.928351265625 0.451754746875 0.9320791140625 0.4200648734375 0.9071218359375001 0.417129746875
3 0.9251518984375 0.4957310125 0.911553796875 0.585082278125 0.9430316453125 0.5898718359374999 0.9566281640625001 0.5005205703125 0.9251518984375 0.4957310125
3 0.872840190625 0.435773734375 0.871667721875 0.4603876578125 0.8863686703125 0.461087025 0.8875411390625001 0.4364746828125 0.872840190625 0.435773734375
0 0.8663433546875 0.3871930375 0.8504746828125 0.6446218359375 0.965436709375 0.6517088609374999 0.9813053796875 0.3942800640625 0.8663433546875 0.3871930375
1 0.6139932265625 0 0.61321365625 0.081064653125 0.8712876484375001 0.1549062 0.8814085 0 0.6139932265625 0
1 0.8794852046875 0 0.8724651625 0.1524718453125 0.991763484375 0.1971013609375 0.9990675078125 0.07295023125 1 0.055959143749999996 1 0 0.8794852046875 0