3 0.240070565625 0.64569380625 0.253522140625 0.6081641171875 0.1771602671875 0.582790721875 0.1637086734375 0.6203187781249999 0.240070565625 0.64569380625
3 0.2921089609375 0.515633053125 0.31332251875 0.45795334218750006 0.2540736515625 0.4377015484375 0.2328600921875 0.49538126250000003 0.2921089609375 0.515633053125
3 0.33399228281250004 0.5145658484375 0.41978697187499997 0.5057146593749999 0.41496485625 0.440926690625 0.32916853437500004 0.44977794531250004 0.33399228281250004 0.5145658484375
3 0.169017175 0.4765001953125 0.1823723984375 0.3960419046875 0.082386346875 0.382310125 0.0690311234375 0.462768415625 0.169017175 0.4765001953125
3 0.49318916875 0.298871903125 0.50688505 0.1607830140625 0.37874464531249996 0.1517922265625 0.36505039687499996 0.2898810484375 0.49318916875 0.298871903125
3 0.63633829375 0.23471597656249998 0.747098865625 0.2135840234375 0.7300646859375 0.10899906562499999 0.619304115625 0.13013101875 0.63633829375 0.23471597656249998
3 0.867756978125 0.2954920578125 0.9886239453125001 0.168412946875 0.9249295296875 0.10810860156249999 0.8040625671875 0.2351877125 0.867756978125 0.2954920578125
3 0.6407766265625 0.5136874046875 0.7183096984375 0.45685467968750004 0.6778926078125 0.4007516765625 0.6003595171875 0.45758276875000004 0.6407766265625 0.5136874046875
3 0.707037971875 0.5554214156249999 0.7979699015625 0.5014398875 0.76698386875 0.447586971875 0.6760519421875 0.5015685000000001 0.707037971875 0.5554214156249999
3 0.84474539375 0.602043878125 0.8536931187500001 0.5440157515624999 0.771857153125 0.533745228125 0.7629078140625001 0.5917750546875 0.84474539375 0.602043878125
0 1 0.6008563234375 0.8659668249999999 0.6077328765625001 0.6834665078125 0.8651287015625 0.902665853125 0.85185138125 1 0.765789346875 1 0.6008563234375
1 0.50485503125 0.63018849375 0.4413927421875 0.89114259375 0.6791857921875 0.8679184624999999 0.8538833703125001 0.616919046875 0.50485503125 0.63018849375
3 0.7532013703125 0.8601597984374999 0.7955790875 0.85843566875 0.79536775625 0.8403016734375001 0.7529900406250001 0.8420258046875 0.7532013703125 0.8601597984374999
3 0.8358040453125 0.8384132359375001 0.8892847078124999 0.8330941468749999 0.8868843 0.79915831875 0.8334036578124999 0.8044790374999999 0.8358040453125 0.8384132359375001
3 0.8422321828125 0.7941774296874999 0.9525938984375 0.77965515 0.949370834375 0.7483784140624999 0.8390074828125 0.762900759375 0.8422321828125 0.7941774296874999
3 0.773109509375 0.7707301828124999 0.8214688515624999 0.7657402875 0.8195068171875001 0.7393908046875 0.771149090625 0.7443790046875 0.773109509375 0.7707301828124999
0 1 0.008028184375 0.53116853125 0.0025728375000000003 0.5042423171875 0.0036683265625 0.5092384875 0.6112476734375 1 0.5929607234375001 1 0.008028184375
0 0.016926521875 0.5164232578125 0.0183066359375 0.6348493546875 0.641257115625 0.6095047109375 0.634198025 0.00377169375 0.531168521875 0.0025728375000000003 0.037045175 0.02267616875 0.016926521875 0.5164232578125
1 0.1057101765625 0.9106935500000001 0.48226641406250004 0.89537341875 0.479251403125 0.636658365625 0.10269516249999999 0.6519784984375 0.1057101765625 0.9106935500000001
1 0.4273308703125 1 0.42026233125 0.89100705 0.1760063984375 0.9138800015624999 0.181592734375 1 0.4273308703125 1
1 0.59243546875 0.993700328125 0.8968051109375 0.9656580671875 0.8896987218750001 0.8534650656249999 0.58532908125 0.8815073281249999 0.59243546875 0.993700328125
3 0.433355665625 0.9602574531249999 0.46604791093750003 0.9550803796875 0.46271579375 0.9294610046875 0.43002355000000003 0.934638078125 0.433355665625 0.9602574531249999
3 0.5167650921875 0.9821976187500001 0.6089055046875 0.9644178218749999 0.6035792984375 0.932150603125 0.5114389015625 0.94993203125 0.5167650921875 0.9821976187500001
3 0.44977236249999997 0.9136280859375001 0.47518391718749997 0.911384278125 0.4742847265625 0.8962500546875001 0.4488715359375 0.8984939265625 0.44977236249999997 0.9136280859375001
0 0.5257447015625 1 0.6730552390625 0.9849290515625 0.6643521171875 0.8666468015625 0.398607409375 0.8938344328125 0.40641899375 1 0.5257447015625 1
1 0.0793203421875 0.6456045859375 0.0184676421875 0.6486650171874999 0.0216672859375 0.9232232703125 0.158704153125 0.9086971796875 0.0793203421875 0.6456045859375
1 0.191505384375 1 0.1562035109375 0.91001406875 0.021649304687500003 0.9216802875000001 0.0225620265625 1 0.191505384375 1