3 0.2547234375 0.41412187500000003 0.241453125 0.3787328125 0.168775 0.4059875 0.1820453125 0.441375 0.2547234375 0.41412187500000003
3 0.3135328125 0.5555328125 0.292621875 0.5011640625 0.23623750000000002 0.52285 0.2571484375 0.57721875 0.3135328125 0.5555328125
3 0.4147234375 0.505684375 0.3326515625 0.5005546875 0.3287640625 0.5627390625 0.41083749999999997 0.5678687499999999 0.4147234375 0.505684375
3 0.1891046875 0.6198750000000001 0.1754484375 0.543403125 0.08006875 0.5604359375 0.093725 0.6369078125 0.1891046875 0.6198750000000001
3 0.5017828125 0.8323640625 0.48715937499999995 0.7007578125 0.364828125 0.71435 0.37945 0.8459562500000001 0.5017828125 0.8323640625
3 0.730709375 0.7724859375 0.624646875 0.7565765625 0.6095359375 0.8573187499999999 0.7155984375 0.873228125 0.730709375 0.7724859375
3 0.9619796875000001 0.8063078125 0.84508125 0.689409375 0.7848953125 0.7495953125 0.9017937500000001 0.8664937500000001 0.9619796875000001 0.8063078125
3 0.7004937499999999 0.5408171875 0.62578125 0.48945156250000005 0.5877890625 0.5447124999999999 0.6625015624999999 0.5960765625 0.7004937499999999 0.5408171875
3 0.776109375 0.49505156250000004 0.6886265625 0.4469359375 0.6596203125 0.499675 0.747103125 0.547790625 0.776109375 0.49505156250000004
3 0.8288765625 0.452140625 0.81968125 0.3969609375 0.7416031249999999 0.4099734375 0.7508 0.4651546875 0.8288765625 0.452140625
0 0.8398941140625 0.3906908515625 0.9994504484375 0.3923869125 0.9994504484375 0.26203132500000004 0.87224034375 0.1556612 0.662656484375 0.151489784375 0.8398941140625 0.3906908515625
1 0.431075234375 0.136021084375 0.49461651250000005 0.3832615109375 0.82824658125 0.38237089218750003 0.658535375 0.14898687500000002 0.431075234375 0.136021084375
3 0.76985 0.1535296875 0.7293406250000001 0.1535296875 0.7293406250000001 0.17089062500000002 0.76985 0.17089062500000002 0.76985 0.1535296875
3 0.8596640624999999 0.17413125000000002 0.80850625 0.1711234375 0.8065906249999999 0.2036890625 0.8577484375 0.2066984375 0.8596640624999999 0.17413125000000002
3 0.9207484375 0.222803125 0.8151406250000001 0.213203125 0.8124078125 0.2432578125 0.9180171874999999 0.2528578125 0.9207484375 0.222803125
3 0.79561875 0.24122343750000003 0.7493578125 0.23833125000000002 0.747778125 0.2636234375 0.7940375000000001 0.2665140625 0.79561875 0.24122343750000003
0 0.998146875 0.9949718750000001 0.9961078125 0.3995125 0.499015625 0.401215625 0.5010546875 0.996675 0.998146875 0.9949718750000001
0 0 0.9949656250000001 0.6251734375 0.9949656250000001 0.6251734375 0.39774375 0 0.39774375 0 0.9949656250000001
1 0.47008124999999995 0.13038125 0.1101265625 0.13038125 0.1101265625 0.3780671875 0.47008124999999995 0.3780671875 0.47008124999999995 0.13038125
1 0.41696406250000007 0.022275 0.183334375 0.009896875 0.17725625 0.1245953125 0.4108875 0.1369734375 0.41696406250000007 0.022275
1 0.8653734375000001 0.046985937500000005 0.5742484375 0.032001562500000004 0.5687078125 0.1396375 0.8598328125 0.154621875 0.8653734375000001 0.046985937500000005
3 0.45392031250000003 0.07387812499999999 0.42262656249999997 0.070196875 0.41972812499999995 0.0948421875 0.451021875 0.0985234375 0.45392031250000003 0.07387812499999999
3 0.5903109375 0.05938125 0.5020765625 0.0459546875 0.497346875 0.07703750000000001 0.5855812499999999 0.09046562500000001 0.5903109375 0.05938125
3 0.4631359375 0.1153359375 0.43883124999999995 0.11417812499999999 0.4381390625 0.1286953125 0.4624453125 0.12985312499999999 0.4631359375 0.1153359375
0 0.651375 0.037256250000000005 0.3971640625 0.0215859375 0.39016562499999996 0.1351109375 0.6443765625 0.15078125 0.651375 0.037256250000000005
1 0.0045284296875 0.3842751078125 0.0878638453125 0.3850765140625 0.160782371875 0.130228446875 0.0013232328125 0.119810128125 0.0045284296875 0.3842751078125
1 0.006131028125 0 0.0021245328125 0.009655720312500001 0.00010015 0.12177827187500001 0.158378446875 0.1290656515625 0.20245009375 0.011258559375000001 0.079850853125 0.004045835937500001 0.006131028125 0