3 0.7650780125 0.3864630828125 0.750470803125 0.42721697187499996 0.833392975 0.4547702125 0.848000203125 0.414018096875 0.7650780125 0.3864630828125
3 0.7085689640624999 0.527697440625 0.6855329343750001 0.590332453125 0.7498719109375 0.612324090625 0.7729079421875 0.5496890750000001 0.7085689640624999 0.527697440625
3 0.6630874171875 0.5288563296875 0.5699220515625 0.5384679296875 0.5751584375000001 0.6088218765625 0.6683255765625 0.5992102046875 0.6630874171875 0.5288563296875
3 0.8422356437499999 0.570192228125 0.8277330656249999 0.6575627421875 0.936308984375 0.672474228125 0.9508115640625 0.5851037125 0.8422356437499999 0.570192228125
3 0.49021382343750003 0.7630806828125001 0.4753413203125 0.913032878125 0.61449035 0.9227960703125 0.62936108125 0.772843946875 0.49021382343750003 0.7630806828125001
3 0.3347666625 0.8327482875 0.2144905796875 0.8556957000000001 0.23298817500000002 0.9692656203125001 0.353264259375 0.94631820625 0.3347666625 0.8327482875
3 0 0.9499882734374999 0.021382365625 0.9702325843749999 0.1526330890625 0.8322360234374999 0.08346665 0.7667508921875 0 0.8545074406250001 0 0.9499882734374999
3 0.32994703125 0.529810240625 0.2457530421875 0.5915255015625001 0.2896423921875 0.65244835 0.37383639999999996 0.5907348625 0.32994703125 0.529810240625
3 0.25799313125 0.48449083281250005 0.159249178125 0.5431099500000001 0.19289724218749998 0.60158940625 0.291641190625 0.5429702890625 0.25799313125 0.48449083281250005
3 0.1084551734375 0.4338630046875 0.09873874375 0.49687636562500004 0.187605290625 0.5080292375 0.197323475 0.44501402968750003 0.1084551734375 0.4338630046875
0 0 0.432067240625 0.085410596875 0.42768526093750003 0.283589634375 0.14817639375 0.0455587296875 0.1625943765625 0 0.202877021875 0 0.432067240625
1 0.47754573906250003 0.4033004671875 0.546460115625 0.11992763125000001 0.2882381078125 0.1451469625 0.0985321484375 0.4177099 0.47754573906250003 0.4033004671875
3 0.20786380468750001 0.1535721765625 0.161845390625 0.15544442812499998 0.1620748765625 0.1751363265625 0.20809328906250002 0.1732640734375 0.20786380468750001 0.1535721765625
3 0.118164678125 0.1771870015625 0.060089459375 0.18296305625 0.0626960859375 0.219814334375 0.1207712859375 0.2140365078125 0.118164678125 0.1771870015625
3 0 0.2742779578125 0.1146860328125 0.2591868046875 0.1111842953125 0.22522313437500002 0 0.23985365625 0 0.2742779578125
3 0.18624534375 0.2506847484375 0.13373141875 0.2561033296875 0.1358620140625 0.2847165140625 0.188374184375 0.27929977500000003 0.18624534375 0.2506847484375
0 0.47752327031249997 1 0.47278569687500005 0.42386850468750004 0 0.44148563437500005 0 1 0.47752327031249997 1
0 1 0.398478978125 0.3294252625 0.4257612078125 0.33611732656250004 1 0.9881126859375 1 1 0.7082644078125 1 0.398478978125
1 0.9109813890625 0.0986970375 0.502074959375 0.11533333125 0.5053489921875001 0.3962747640625 0.914255425 0.37963846874999996 0.9109813890625 0.0986970375
1 0.5616186203125 0 0.5694058546874999 0.12007481718749999 0.8346459718749999 0.0952368375 0.8284682562500001 0 0.5616186203125 0
1 0.382441209375 0.00855909375 0.051922971875 0.039010484375 0.059639876562500006 0.160842059375 0.39015811093749997 0.13039066875 0.382441209375 0.00855909375
3 0.5551876609375 0.044875068750000004 0.5196868046875001 0.050496907812500005 0.5233051859375 0.078317259375 0.5588060406250001 0.07269542031250001 0.5551876609375 0.044875068750000004
3 0.464612478125 0.0210500078125 0.364556221875 0.0403572796875 0.3703400046875 0.075396596875 0.47039624375000005 0.056087553125 0.464612478125 0.0210500078125
3 0.5373605968749999 0.0955103953125 0.5097659171875 0.09794696875 0.510742359375 0.11438138281250002 0.5383388124999999 0.11194473906249999 0.5373605968749999 0.0955103953125
0 0.4716560484375 0 0.2948953421875 0.018083915625 0.30434615468750004 0.146527871875 0.5929211624999999 0.1170045328125 0.5843120546875 0 0.4716560484375 0
1 1 0.085328796875 0.8534346656249999 0.10086491718749999 0.9396383921875 0.38655996875 1 0.3835242359375 1 0.085328796875
1 0.8171413968750001 0 0.8561501390625 0.09943489531250001 1 0.08696271718750001 1 0 0.8171413968750001 0