3 0.359252365625 0.24019468281249998 0.396312934375 0.2534781140625 0.4213691625 0.1780707640625 0.38431020625 0.16478731562499999 0.359252365625 0.24019468281249998
3 0.487687359375 0.2915825984375 0.544646075 0.3125309875 0.5646447203125 0.25402273124999997 0.507686003125 0.233074340625 0.487687359375 0.2915825984375
3 0.48874122499999995 0.3329423796875 0.4974817734375 0.417664634375 0.56145989375 0.4129027953125 0.5527192796875 0.328178928125 0.48874122499999995 0.3329423796875
3 0.5263310578125 0.1700294609375 0.6057836187500001 0.18321774375 0.6193437515625 0.0844815171875 0.5398911890625 0.071293234375 0.5263310578125 0.1700294609375
3 0.7017389953125 0.4901493046875 0.8381017734375 0.5036739875 0.8469801765625 0.3771353375 0.7106174640625 0.3636122671875 0.7017389953125 0.4901493046875
3 0.7650929734374999 0.631509065625 0.7859607765625001 0.7408851296875001 0.8892384234374999 0.7240638781250001 0.86837061875 0.6146878140625 0.7650929734374999 0.631509065625
3 0.7050765921875 0.8600350156250001 0.8305672156250001 0.9793911453125 0.8901177562499999 0.9164929109375001 0.764627134375 0.797136784375 0.7050765921875 0.8600350156250001
3 0.4896086875 0.63589191875 0.545731003125 0.7124558265625 0.60113271875 0.67254395 0.545012015625 0.5959800234375 0.4896086875 0.63589191875
3 0.44839635156249996 0.701324996875 0.5017031109375 0.791120278125 0.554882865625 0.7605215703125 0.50157610625 0.6707262921875 0.44839635156249996 0.701324996875
3 0.4023566703125 0.8373110765625 0.4596594453125 0.8461469546875 0.4698015875 0.7653339390625 0.41249713281249994 0.756496465625 0.4023566703125 0.8373110765625
0 0.4040103640625 1 0.396738784375 0.8582672390624999 0.14256040781249998 0.6780481765624999 0.1556717609375 0.8945075296875 0.2489473171875 1 0.4040103640625 1
1 0.3745638625 0.5016693437499999 0.1168716890625 0.4390003328125 0.13980551875 0.6738209703125 0.38766744062499997 0.8463348281249999 0.3745638625 0.5016693437499999
3 0.1474671984375 0.746911353125 0.1491697765625 0.7887593484375001 0.167077096875 0.788550659375 0.16537451718750001 0.746702665625 0.1474671984375 0.746911353125
3 0.1689419296875 0.8284814953125 0.1741945296875 0.8812936484374999 0.2077061609375 0.8789232468750001 0.20245195 0.8261111124999999 0.1689419296875 0.8284814953125
3 0.21262478749999997 0.83482928125 0.2269655390625 0.9438114750000001 0.257851315625 0.9406286984375001 0.24351050000000002 0.8316448890625001 0.21262478749999997 0.83482928125
3 0.23577894375000003 0.766570640625 0.24070646562500003 0.814325490625 0.2667265796875 0.81238798125 0.2618007328125 0.7646347265625 0.23577894375000003 0.766570640625
0 0.9888380796874999 1 0.9943343234375 0.527653925 0.993252528125 0.5010642875 0.39326792187500004 0.50599800625 0.4116756203125 1 0.9888380796874999 1
0 0.3949890984375 0.6363664015625 0.993150453125 0.62939555 0.9943343234375 0.527653915625 0.9744822828125 0.0397071109375 0.4869070328125 0.019839940625 0.3699612625 0.021202803125 0.3949890984375 0.6363664015625
1 0.09756511875 0.10751379999999999 0.11269374843749999 0.47936308437499997 0.3681748640625 0.4763857609375 0.3530462328125 0.10453647343750001 0.09756511875 0.10751379999999999
1 0 0.4257222328125 0.1170055375 0.4181340515625 0.0944184984375 0.17693131875 0 0.1830559515625 0 0.4257222328125
1 0.015595926562500001 0.588155025 0.043287659374999995 0.8887200468750001 0.1540782484375 0.8817024874999999 0.1263865140625 0.5811374671875 0.015595926562500001 0.588155025
3 0.048620765625 0.4310637203125 0.05373312500000001 0.4633473125 0.07903225781249999 0.460056846875 0.07391989843749999 0.42777325624999996 0.048620765625 0.4310637203125
3 0.0269548515625 0.513430528125 0.0445124015625 0.6044191859375 0.0763762796875 0.5991595578125 0.058817118749999994 0.5081709156249999 0.0269548515625 0.513430528125
3 0.094667265625 0.44727520781249996 0.096883025 0.47236911875 0.1118280703125 0.4714811671875 0.109612246875 0.4463856421875 0.094667265625 0.44727520781249996
0 0 0.430662228125 0.0242575609375 0.6677670484375 0.14106128281250002 0.659172715625 0.114213496875 0.3967498171875 0 0.40515356249999995 0 0.430662228125
1 0.359340471875 0.0814538375 0.35631829531250003 0.021361796875 0.0851920203125 0.0245214453125 0.099536534375 0.1598453515625 0.359340471875 0.0814538375
1 0 0.1959144203125 0.0982361078125 0.1573759671875 0.086715715625 0.0245036890625 0 0.02551425625 0 0.1959144203125