3 0.6073272421875 0.7499501656249999 0.56970431875 0.7358421921875 0.540730896875 0.8131079734375 0.578352159375 0.8272159468750001 0.6073272421875 0.7499501656249999
3 0.47716777343750005 0.6955514953125 0.419367109375 0.6733205984375 0.3963122921875 0.7332641203125 0.45411295625000003 0.7554950171875 0.47716777343750005 0.6955514953125
3 0.47781561406249995 0.6529950171875 0.4723621265625 0.565742525 0.40625249218750004 0.5698737546875 0.4117059796875 0.6571279062500001 0.47781561406249995 0.6529950171875
3 0.43226245781249995 0.8201212625000001 0.3509634546875 0.805602990625 0.33285548125000003 0.907003321875 0.414154484375 0.9215215953125 0.43226245781249995 0.8201212625000001
3 0.26497508281250004 0.48873421875 0.1250614625 0.47318770781249997 0.1106112953125 0.603242525 0.25052491718750003 0.6187873749999999 0.26497508281250004 0.48873421875
3 0.205632890625 0.34256810625 0.18871926875 0.22981063124999998 0.081617940625 0.24587541562499998 0.0985315609375 0.358632890625 0.205632890625 0.34256810625
3 0.13670431875 0 0.088777409375 0.0479269109375 0.21305481718750002 0.17220431875 0.2770398671875 0.10821926875000001 0.1688205984375 0 0.13670431875 0
3 0.48961960156249995 0.3413621265625 0.435011628125 0.2619335546875 0.3762641203125 0.3023239203125 0.43087043124999996 0.3817524921875 0.48961960156249995 0.3413621265625
3 0.5348189375 0.274549834375 0.4836661125 0.18154485 0.42759800625000005 0.21238205937500002 0.47875083125 0.30538704375000003 0.5348189375 0.274549834375
3 0.5879485046874999 0.135222590625 0.5292857140625 0.12544684374999998 0.515450165625 0.2084518265625 0.5741146171875 0.2182292359375 0.5879485046874999 0.135222590625
0 0.5934054015625 0 0.5946143765625 0.1137338328125 0.848914515625 0.30215921875 0.8444797875000001 0.07934581406249999 0.778132665625 0 0.5934054015625 0
1 0.6025126796875 0.480806365625 0.86535964375 0.5483585546875 0.851575415625 0.30654046562500004 0.6034595171875 0.126116590625 0.6025126796875 0.480806365625
3 0.846745846875 0.23126578125 0.846745846875 0.1881993359375 0.8282890359374999 0.1881993359375 0.8282890359374999 0.23126578125 0.846745846875 0.23126578125
3 0.8280415281250001 0.147102990625 0.8248438531250001 0.092715946875 0.7902209296875 0.09475249218750001 0.793420265625 0.149139534375 0.8280415281250001 0.147102990625
3 0.7833056484375 0.14004983437500002 0.7730996671875 0.027775746875 0.7411478406249999 0.030679401562500003 0.7513538203125 0.14295515 0.7833056484375 0.14004983437500002
3 0.7565913625 0.20998505 0.7535166109375 0.1608039859375 0.7266295687500001 0.16248505 0.7297026578125 0.2116644515625 0.7565913625 0.20998505
0 0 0 0 0.4741317140625 0.5834252484375 0.47612956874999995 0.585056553125 0 0 0
0 0.5871162796875 1 0.5871162796875 0.34200830625 0 0.34200830625 0 1 0.5871162796875 1
1 0.87135548125 0.8895664453125001 0.87135548125 0.506890365625 0.6080348843750001 0.506890365625 0.6080348843750001 0.8895664453125001 0.87135548125 0.8895664453125001
1 0.9994451828124999 0.8117375421874999 0.9862857140625 0.563360465625 0.8643471765624999 0.5698205984375 0.87750664375 0.8181993359374999 0.9994451828124999 0.8117375421874999
1 0.9759451828125 0.39614784062499997 0.96001495 0.0866461796875 0.8455847171875 0.0925365453125 0.8615149499999999 0.40203820625000003 0.9759451828125 0.39614784062499997
3 0.9353388703125001 0.55734053125 0.9314252484375001 0.524071428125 0.905224253125 0.5271528234375 0.9091378734375001 0.5604219265625 0.9353388703125001 0.55734053125
3 0.9611112953125 0.472875415625 0.946837209375 0.379071428125 0.9137906984375 0.3840996671875 0.9280664453125 0.4779036546875 0.9611112953125 0.472875415625
3 0.8885813953125 0.54011295625 0.8873504984375 0.5142740859375 0.87191694375 0.51500830625 0.873147840625 0.5408488375 0.8885813953125 0.54011295625
0 0.987018271875 0.5844102984374999 0.9703588046875 0.3141528234375 0.8496677734375 0.3215930234375 0.8663272421875 0.5918504984374999 0.987018271875 0.5844102984374999
1 0.8822516734375 1 0.8715179296875 0.8357130937499999 0.6005831078125 0.91323445 0.6014174999999999 1 0.8822516734375 1
1 1 0.825452184375 0.9979975453125001 0.7914151828125 0.8727541249999999 0.8382687609374999 0.8802004828125 1 1 1 1 0.825452184375