0 0.612867465625 0.058070706250000007 0.113817428125 0.0335086234375 0.156935584375 0.5897744046875 0.6046155734374999 0.415651359375 0.612867465625 0.058070706250000007
4 0.47315986250000003 0.4019623140625 0.6101046125 0.3029529015625 0.564318696875 0.2415059671875 0.42737394531249995 0.340515378125 0.47315986250000003 0.4019623140625
4 0.1537683328125 0.44187183750000003 0.3770092875 0.4368790734375 0.360149309375 0.21053290468750002 0.1369100328125 0.2155260234375 0.1537683328125 0.44187183750000003
0 0.2056153296875 0.978370903125 0.2710595359375 0.99216603125 0.5990664 0.7186575078125 0.60059461875 0.43009753437500003 0.1601319625 0.6239859703125 0.2056153296875 0.978370903125
4 0.4507886515625 0.848239596875 0.560825746875 0.7058791796875 0.5195171421875 0.6730293734374999 0.40948172656250004 0.81539014375 0.4507886515625 0.848239596875
0 0.8272544406250001 0.08412644999999999 0.7606653640625 0.0700899921875 0.620179275 0.0620742546875 0.6080853312500001 0.40853059687500004 0.8063707718750001 0.3272693515625 0.8272544406250001 0.08412644999999999
4 0.770928725 0.2366476265625 0.8101495546875 0.1021842390625 0.76401749375 0.086512984375 0.7247983421875 0.2209767265625 0.770928725 0.2366476265625
4 0.7101586578125 0.35215445624999997 0.7531300609375 0.3494922921875 0.7417634359374999 0.2494984765625 0.6987903546875 0.2521602859375 0.7101586578125 0.35215445624999997
4 0.6789200203125 0.21575111093750002 0.72674105 0.1644332421875 0.6493307296874999 0.091601425 0.6015111125 0.1429213140625 0.6789200203125 0.21575111093750002
4 0.3260603296875 0.6546601437499999 0.6228296578125 0.47149167031249994 0.5908766140624999 0.42209695468749997 0.29410560625 0.6052650734375 0.3260603296875 0.6546601437499999
0 0.5972179828125 0.7346029546875 0.5898211921875001 0.9889904796875 0.7711035421875 0.7781533921875 0.7880003390625 0.5755783437499999 0.5972179828125 0.7346029546875
4 0.6146674562500001 0.8558462609375 0.7621458953125 0.6836698625000001 0.71496088125 0.642517921875 0.5674841203125001 0.8146946734375 0.6146674562500001 0.8558462609375
0 0.5838289421875 1 0.5844202593750001 0.9993544796875 0.588116759375 0.74013973125 0.285266040625 0.9951606515625 0.3082239484375 1 0.5838289421875 1
4 0.493264471875 1 0.599800325 0.8965827203125001 0.55949270625 0.8550759171875001 0.410197096875 1 0.493264471875 1
0 0.6040291343749999 0.4255270859375 0.5987786328125 0.7180688953125001 0.7916522328125 0.5670123593749999 0.8068880437500001 0.343284875 0.6040291343749999 0.4255270859375
4 0.790726090625 0.5203325078125001 0.693372734375 0.6236417328125 0.7168744874999999 0.6411368640624999 0.79362968125 0.5626449984375 0.790726090625 0.5203325078125001
0 0.7354612609375 1 0.7597621718750001 0.9627348625 0.770370003125 0.7847362953125 0.589915371875 0.998173146875 0.58983730625 1 0.7354612609375 1
4 0.7283408953125 1 0.7476426671875 0.9734186984375001 0.6861501515625 0.888994428125 0.59271343125 1 0.7283408953125 1