0 0.8253644796874999 0 0.3913498890625 0.0391971109375 0.4441893828125 0.4014837703125 0.9218164796874999 0.5594756328125 0.8968977359375 0 0.8253644796874999 0
4 0.615384278125 0.3179271078125 0.4635942359375 0.223206328125 0.42459408437499996 0.2874220609375 0.5763841281250001 0.3821428390625 0.615384278125 0.3179271078125
4 0.89570811875 0.179111709375 0.6677045921875 0.183317959375 0.6786583546875 0.413559996875 0.9066635453125 0.4093533171875 0.89570811875 0.179111709375
0 0.9208302484375 0.9069128281250001 0.922812040625 0.5943029546874999 0.4500801140625 0.41596694687499997 0.4874943390625 0.7085376250000001 0.8056821718749999 0.9365353703125001 0.9208302484375 0.9069128281250001
4 0.6926184875 0.7987636421875 0.5628502578125001 0.6589620375 0.52485693125 0.6939909609375 0.6546268265624999 0.8337921390625 0.6926184875 0.7987636421875
0 0.227706478125 0.32023165625 0.4397703625 0.39440655156250004 0.3843998546875 0.043560804687499996 0.174064121875 0.0642283640625 0.227706478125 0.32023165625
4 0.29758470625 0.20905104843750003 0.24092855468750002 0.07431737031249999 0.19588756093749998 0.092125490625 0.252545378125 0.2268587390625 0.29758470625 0.20905104843750003
4 0.3279504546875 0.23959492343750002 0.2838489359375 0.23867995937500003 0.28469696093749997 0.340557575 0.3287968140625 0.3414729671875 0.3279504546875 0.23959492343750002
4 0.41346092187499994 0.1247741546875 0.358376453125 0.0747153609375 0.2885796140625 0.1517899 0.34366526875000003 0.2018465875 0.41346092187499994 0.1247741546875
4 0.78402523125 0.580880909375 0.45898432031249997 0.4074498703125 0.43257614999999994 0.45886881874999996 0.75761539375 0.6323002859375 0.78402523125 0.580880909375
0 0.27727379218750003 0.5712836875 0.31965703125 0.7760172578125 0.5305038328125 0.9823035093750001 0.4913585125 0.7246314468749999 0.27727379218750003 0.5712836875
4 0.5315968203125 0.8046193 0.3599872 0.6361354703125001 0.317040040625 0.6798277578125 0.488651328125 0.8483111609374999 0.5315968203125 0.8046193
0 0.501316696875 0.7298684734374999 0.5367638921875 0.9887264859375 0.60937558125 0.98703643125 0.7919284906249999 0.9400735875 0.501316696875 0.7298684734374999
4 0.6907718843749999 0.9660967390625 0.5447545109374999 0.845238846875 0.5088565015625 0.8890054265625 0.623045375 0.98351979375 0.6907718843749999 0.9660967390625
0 0.229169759375 0.33649478125 0.2724896671875 0.56274840625 0.487714303125 0.7079287515625 0.44601390468749996 0.4114745828125 0.229169759375 0.33649478125
4 0.2699328078125 0.55840149375 0.35786645625 0.6348143734375 0.379630434375 0.6160963359375 0.267632371875 0.515371025 0.2699328078125 0.55840149375
0 0.3541457640625 0.9627338812499999 0.37786384375000004 0.9924249265625 0.5288228046875 0.9889113171874999 0.321222203125 0.7826626437499999 0.3541457640625 0.9627338812499999
4 0.36781785 0.9730653046875 0.3846756375 0.9922663796875 0.524341590625 0.9890156187500001 0.4199608890625 0.8848956203125 0.36781785 0.9730653046875