0 0.41291027500000005 0.1596613890625 0.5848567828125 0.6017453781250001 0.9379676781249999 0.609894121875 0.9622227343749999 0.1170822109375 0.41291027500000005 0.1596613890625
4 0.7568253578124999 0.5619522124999999 0.6590535640625 0.42671927031249995 0.598374715625 0.4719328640625 0.696146509375 0.6071658046875 0.7568253578124999 0.5619522124999999
4 0.78741125625 0.36033494374999997 0.7824805515625 0.1398861578125 0.5589640609375001 0.156533728125 0.563894415625 0.376984171875 0.78741125625 0.36033494374999997
0 0.01554854375 0.27235879218750003 0.2856382109375 0.5962655703124999 0.570591184375 0.5977746859375 0.3791263546875 0.1628178125 0.029171232812499996 0.2077326375 0.01554854375 0.27235879218750003
4 0.33069599375 0.517710678125 0.1901147328125 0.40905070468750004 0.15767589843750002 0.44984129375000004 0.298256809375 0.558502925 0.33069599375 0.517710678125
0 0.9260986328125 0.7558445468749999 0.9340141734375 0.617114534375 0.5918885359375 0.6051717640625001 0.672134015625 0.8009786374999999 0.91223763125 0.821601259375 0.9260986328125 0.7558445468749999
4 0.909880928125 0.7591547750000001 0.7770979828125 0.7204258625 0.76162296875 0.7659796156249999 0.8944055640625 0.8047101859374999 0.909880928125 0.7591547750000001
4 0.7489327546875 0.73717889375 0.7463042171875001 0.694742975 0.647559975 0.705969175 0.6501888609375001 0.7484034359375 0.7489327546875 0.73717889375
4 0.9048560921875 0.6459015953125 0.854177703125 0.5986797234375001 0.782258278125 0.6751210203125 0.8329346734374999 0.7223442875 0.9048560921875 0.6459015953125
4 0.5784917578125001 0.5881781562499999 0.39761324062500003 0.2951167859375 0.3488356078125 0.326672075 0.529714475 0.6197317875 0.5784917578125001 0.5881781562499999
0 0.226886025 0.7661522484375001 0.4269288859375 0.782837834375 0.2698920828125 0.5944402578125 0.0186844015625 0.5871359265625 0.226886025 0.7661522484375001
4 0.3608260515625 0.7107113703125 0.190801509375 0.56507806875 0.1501643171875 0.6116716125 0.3201885109375 0.757306571875 0.3608260515625 0.7107113703125
0 0 0.5740620703125 0.008449951562499999 0.5818025062500001 0.26442451562499997 0.5854528 0.01259135625 0.286387715625 0 0.3461212109375 0 0.5740620703125
4 0 0.483738078125 0.10993706406249999 0.5969903203125 0.15092503125 0.557186546875 0 0.401708975 0 0.483738078125
0 0.4353877953125 0.7864440796875 0.6563186859375 0.8014894437500001 0.575104503125 0.6011662703125 0.286219465625 0.5959814 0.4353877953125 0.7864440796875
4 0.362189846875 0.71260105625 0.4397005640625 0.7883968109375 0.4814841484375 0.7855295140624999 0.3794662890625 0.689393075 0.362189846875 0.71260105625
0 0 0.7258608984375 0.044611823437499996 0.7549526453125 0.2203854078125 0.765427878125 0.0096165171875 0.5872289296875 0 0.5868179984374999 0 0.7258608984375
4 0 0.7182511578125 0.0340615359375 0.7429846343750001 0.11743050156249998 0.682260775 0.0044955171875 0.5872000093749999 0 0.5872174734375 0 0.7182511578125