0 0 0.9738300578124999 0.6071830281249999 0.9267651234375001 0.41613135312500005 0.435560690625 0.0237859125 0.42650653125 0 0.9097864390625 0 0.9738300578124999
4 0.22505515781250002 0.47977531874999996 0.33369048437500004 0.63003414375 0.40111142656250004 0.5797968171875 0.2924761 0.4295379953125 0.22505515781250002 0.47977531874999996
4 0.19107082656250002 0.7037945062500001 0.1965493875 0.9487376031249999 0.44490104375 0.9302403015625 0.439422871875 0.6852953640624999 0.19107082656250002 0.7037945062500001
0 1 0.74314671875 0.7485964328125 0.441649365625 0.43198201718749996 0.439972571875 0.6447207171875 0.9232579859375001 1 0.8776598328125 1 0.74314671875
4 0.6985322296875001 0.5289325796875 0.8547336296875001 0.649665884375 0.8907767796874999 0.6043430062499999 0.7345757671875 0.48360786093749997 0.6985322296875001 0.5289325796875
0 0.028178696875 0.41848385 0.40831829375 0.43175359531249996 0.31915665 0.214190403125 0.05237485468750001 0.191276378125 0.036973740625 0.2643393921875 0.028178696875 0.41848385
4 0.054993412500000005 0.26066136093750003 0.20253001875 0.3036934859375 0.21972447968750003 0.25307820468750003 0.0721882625 0.2100442375 0.054993412500000005 0.26066136093750003
4 0.2338247171875 0.28507900625000004 0.2367453140625 0.332230028125 0.3464611390625 0.319756471875 0.3435401546875 0.27260729375000003 0.2338247171875 0.28507900625000004
4 0.060576564062500005 0.386498228125 0.1168858859375 0.4389669734375 0.1967963578125 0.3540322 0.1404892515625 0.301561903125 0.060576564062500005 0.386498228125
4 0.423203603125 0.45063538124999997 0.6241797328125 0.7762591265625 0.678377103125 0.74119769375 0.47740058281250003 0.41557579218749996 0.423203603125 0.45063538124999997
0 1 0.4129193390625 0.8138766390625 0.25288639062499996 0.59160679375 0.23434685000000002 0.7660921296875001 0.443677490625 1 0.45047879843749994 1 0.4129193390625
4 0.6650543875 0.314487365625 0.8539705453125 0.4763021453125 0.89912298125 0.42453154218750005 0.710207209375 0.2627149203125 0.6650543875 0.314487365625
0 1 0.4569125359375 0.7721672046875 0.45366355625 1 0.7242269484375 1 0.4569125359375
4 1 0.4987182828125 0.943819928125 0.4408440890625 0.8982777437499999 0.48507050312500005 1 0.5898611359375 1 0.4987182828125
0 0.5822080046875 0.2303399109375 0.3367292375 0.21362284062499998 0.42696721875000004 0.43620414375000005 0.74795059375 0.44196511093749996 0.5822080046875 0.2303399109375
4 0.663539059375 0.312387715625 0.577416040625 0.228170209375 0.5309898343749999 0.2313560953125 0.6443430125 0.3381743609375 0.663539059375 0.312387715625
0 1 0.264352825 0.821099546875 0.253691246875 1 0.40494636093749997 1 0.264352825
4 1 0.29911450624999997 0.9354938875000001 0.3460991390625 1 0.4003958703125 1 0.29911450624999997