0 0.6604009953125 1 0.724863375 0.9928707812500001 0.9707745718749999 0.9260244421875001 0.7968726484374999 0.3909962546875 0.40359669218749994 0.706418678125 0.46112096406249997 1 0.6604009953125 1
4 0.48209690624999996 0.8678742765624999 0.5935314265625 0.7268511609375 0.5346392828125001 0.6812354859374999 0.4232047625 0.8222586 0.48209690624999996 0.8678742765624999
4 0.689098046875 0.83283910625 0.9065416453124999 0.7564058328125001 0.8382412296874999 0.53973393125 0.6207959078124999 0.6161673999999999 0.689098046875 0.83283910625
0 0.4009406484375 0.6930305578125 0.78775253125 0.353763428125 0.670484846875 0.0014140921875 0.613164990625 0.0027482265625 0.34116008125 0.4037705546875 0.4009406484375 0.6930305578125
4 0.4272214296875 0.4301389734375 0.5023876484375001 0.25520545625 0.45442494843750003 0.23621229531250001 0.3792570078125 0.41114600156250003 0.4272214296875 0.4301389734375
0 0.459872884375 1 0.402359959375 0.71580539375 0.22626508437499998 0.8576374437500001 0.24592706562500002 1 0.459872884375 1
4 0.32646066875 1 0.32965984375 0.9394398781250001 0.28090510156250004 0.9388466718749999 0.277673865625 1 0.32646066875 1
4 0.30652188593749996 0.9168926890625 0.3479901640625 0.9005108953125 0.313977684375 0.8060467765625001 0.2725111328125 0.8224283765625 0.30652188593749996 0.9168926890625
4 0.4556946 1 0.46823831875 0.9765161953125 0.375777640625 0.9298657 0.3406961703125 0.9955387218749999 0.34953825312500003 1 0.4556946 1
4 0.41476888125 0.6992017921875 0.6634407015625 0.4243938765625 0.6208492234375 0.3861705609375 0.372179128125 0.660978290625 0.41476888125 0.6992017921875
0 0.1539674328125 0.411801809375 0.1860130640625 0.6105837546874999 0.33876110625 0.396108265625 0.28502351875 0.1495751140625 0.1539674328125 0.411801809375
4 0.24283323750000002 0.5227022156250001 0.34783775 0.30651780156249997 0.2922213921875 0.2812622234375 0.18721515312499998 0.497446828125 0.24283323750000002 0.5227022156250001
0 0.28438786562499996 0.14201953125 0.33742877187500003 0.39383653125 0.603756496875 0.0029672125 0.4747286359375 0.00597036875 0.3430269078125 0.020535925 0.28438786562499996 0.14201953125
4 0.49546948906250005 0.013737340625 0.48151516718750004 0.005812409375 0.474728628125 0.00597036875 0.431757278125 0.0107227859375 0.29745712812499997 0.236530596875 0.34642236875 0.2643379265625 0.49546948906250005 0.013737340625
0 0.189138684375 0.618855925 0.2216592328125 0.847189478125 0.4012011234375 0.702236846875 0.33922976562499996 0.4068509171875 0.189138684375 0.618855925
4 0.246024834375 0.5203403421874999 0.18551103124999999 0.6375193984374999 0.1976131625 0.6663134125 0.26879049843749997 0.5551830296875 0.246024834375 0.5203403421874999
0 0.18820896250000002 0.0376580203125 0.1217414359375 0.2173534046875 0.1546086 0.40300904531250004 0.2852126203125 0.13852071562499998 0.2600682484375 0.0297107421875 0.18820896250000002 0.0376580203125
4 0.1373005359375 0.20562697812500003 0.2022062359375 0.27085328125 0.2765417109375 0.126586315625 0.25738128125 0.03000790625 0.24108356562500002 0.031810353125 0.19902010781249999 0.04484978125 0.1373005359375 0.20562697812500003
0 0.187606690625 0.037724628125 0.095384946875 0.0479238953125 0.1251035546875 0.21174018593750002 0.187606690625 0.037724628125
4 0.11640625 0.05703125 0.0234375 0.0234375
4 0.146875 0.071875 0.046875 0.065625
0 0.2443985390625 1 0.2235182921875 0.8646101249999999 0.12396234218749999 0.9419495953125001 0.1306355078125 1 0.2443985390625 1
4 0.2349161578125 1 0.22779752343749998 0.9533674015625 0.14000769062500001 1 0.2349161578125 1