0 0.534043425 1 0.5920732671875 0.7038384453125001 0.203713259375 0.3923588015625 0.0319851109375 0.9206991359375 0.2748224171875 0.986709896875 0.3949915046875 1 0.534043425 1
4 0.404512715625 0.724015521875 0.5145543046875 0.8632758484374999 0.572710296875 0.8182303671875 0.4626687078125 0.6789700421875 0.404512715625 0.724015521875
4 0.095415125 0.7532007593750001 0.310140678125 0.8286786171875 0.377589040625 0.6147153078125001 0.1628617859375 0.5392372578125 0.095415125 0.7532007593750001
0 0.6537294203124999 0.40497342343750004 0.385124571875 0.0089638734375 0.3285212140625 0.007646415625 0.212719375 0.3555913859375 0.594696109375 0.6906176765625001 0.6537294203124999 0.40497342343750004
4 0.49451719687500006 0.2582653875 0.5687438375 0.4310122359375 0.6161087046875 0.4122566765625 0.5418803640625 0.23950964218749998 0.49451719687500006 0.2582653875
0 0.7469088234375 1 0.7671882296875 0.853166975 0.593294540625 0.7131078265624999 0.535235703125 1 0.7469088234375 1
4 0.716752296875 1 0.7132312125 0.9333610890624999 0.6650859046875001 0.9339468796875 0.6685752546875 1 0.716752296875 1
4 0.6469847125 0.895504509375 0.6879346375 0.9116815296875 0.72152025625 0.818398021875 0.6805720359375 0.8022211921875 0.6469847125 0.895504509375
4 0.6330687140625 1 0.6541875312500001 0.9893444875 0.6195445796875 0.924492378125 0.5282396609375 0.9705597421875 0.5439649796875 1 0.6330687140625 1
4 0.3354773078125 0.425338953125 0.5810407296875 0.6967117703125 0.6230981109375 0.6589660625 0.3775363921875 0.3875934296875 0.3354773078125 0.425338953125
0 0.8069371000000001 0.6092014578125 0.838582159375 0.41290428749999997 0.709164275 0.15395542499999998 0.6560984078125001 0.39740691250000004 0.8069371000000001 0.6092014578125
4 0.6471352218749999 0.3089363296875 0.750827178125 0.5224184375 0.8057500359375 0.4974787421875 0.702056375 0.2839964453125 0.6471352218749999 0.3089363296875
0 0.651885928125 0.0265292265625 0.521830471875 0.012145739062499999 0.394415459375 0.009180121874999999 0.6574140875000001 0.395163575 0.7097919828125 0.1464942875 0.651885928125 0.0265292265625
4 0.515128771875 0.0119897546875 0.5013488796875001 0.0198156234375 0.6485329109375 0.267283703125 0.6968860859375 0.2398239640625 0.5642646874999999 0.0168387515625 0.5218304796875 0.012145739062499999 0.515128771875 0.0119897546875
0 0.7717365078125 0.8428496093750001 0.8038505484374999 0.6173702265625 0.65563560625 0.40801528125 0.594438890625 0.6997088859375 0.7717365078125 0.8428496093750001
4 0.8074328562499999 0.63580040625 0.7476754765625 0.5200860875 0.7251943828125 0.5544932421875 0.7954820015624999 0.6642344953125 0.8074328562499999 0.63580040625
0 0.7338076046875 0.0355893578125 0.7089775375 0.14303920625 0.8379490078125 0.40422143281249995 0.87040533125 0.2208864875 0.80476865 0.0434372953125 0.7338076046875 0.0355893578125
4 0.7909463421875 0.27371761562499997 0.8550407203124999 0.209306640625 0.79409264375 0.050539159374999996 0.7525549796875 0.037662723437500004 0.7364609843750001 0.0358828078125 0.7175400609375 0.13125398593749998 0.7909463421875 0.27371761562499997
0 0.8964323656250001 0.053574846875000005 0.8053633937500001 0.043503070312499996 0.8670852390625001 0.21534343437499998 0.8964323656250001 0.053574846875000005
4 0.87578125 0.0625 0.0234375 0.0234375
4 0.8453125 0.07734375 0.0453125 0.0640625
0 0.86090396875 1 0.8682121875 0.936425225 0.7699006859375 0.8600524984375 0.7483175484375 1 0.86090396875 1
4 0.85828861875 1 0.8589683812500001 0.9972563359375 0.7656749453125 0.9477003093749999 0.757691209375 1 0.85828861875 1