0 0 0.5989954281250001 0.2614395015625 0.6502218375 0.60994819375 0.2156931578125 0.0187981703125 0.023549775000000002 0 0.092703603125 0 0.5989954281250001
4 0.133448540625 0.628556975 0.2892642890625 0.5054335187500001 0.2388637515625 0.440363878125 0.0830480015625 0.563487334375 0.133448540625 0.628556975
4 0.361157696875 0.4102394859375 0.44560866250000003 0.169985215625 0.206208940625 0.09452042031249999 0.121758190625 0.3347727859375 0.361157696875 0.4102394859375
0 1 0.341894090625 0.6510865609375001 0.22576992968749998 0.2762319703125 0.6531564859375 0.59583393125 0.71920774375 1 0.4450705015625 1 0.341894090625
4 0.5876848375 0.677114634375 0.7809682328124999 0.5940619453125 0.7599827828125 0.5410681921875 0.566699596875 0.6241189796875 0.5876848375 0.677114634375
0 0 0.8331226015625001 0.0943586296875 0.8461546625 0.251068165625 0.651588296875 0 0.600779221875 0 0.8331226015625001
4 0.13326095468750002 0.7950576296875 0.151360903125 0.7492414390625 0.0469879609375 0.7116612171875001 0.0288877984375 0.7574793140625 0.13326095468750002 0.7950576296875
4 0.3116463640625 0.6849349499999999 0.615280078125 0.41018057812500003 0.573047325 0.3631214640625 0.269413403125 0.6378777390625 0.3116463640625 0.6849349499999999
0 0.87669323125 0.7812327546875 0.6042999578125 0.7218583578125 0.367327040625 0.8906289234375 0.5869602375 0.9260359828125001 0.87669323125 0.7812327546875
4 0.49233147656250004 0.8893007390625 0.7311927890625001 0.773279859375 0.7032880234375 0.7118296187500001 0.46442692343749997 0.8278485906249999 0.49233147656250004 0.8893007390625
0 1 0.455421465625 0.6068099859375 0.723330446875 0.88504135625 0.7819350859374999 1 0.7264455843750001 1 0.455421465625
4 1 0.56463953125 0.749892359375 0.7133934671875 0.78061654375 0.767494921875 1 0.6370156812500001 1 0.56463953125
0 0.5924304546875 0.7213405390625 0.2660599875 0.6528686890625 0.105902534375 0.8512436453125 0.358187159375 0.8871754390625 0.5924304546875 0.7213405390625
4 0.42853902968749996 0.799168540625 0.3057516140625 0.8778120296875 0.3375659796875 0.891183615625 0.4670365453125 0.8243222109375001 0.42853902968749996 0.799168540625
0 1 0.8066957218749999 0.8889071812499999 0.78102381875 0.5966753203125 0.9253275609375 0.8018053281249999 0.9616423281250001 1 0.8883321015625001 1 0.8066957218749999
4 1 0.8100281875 0.9020934421875 0.7906042640625001 0.7426935765625 0.872737165625 0.8147618 0.9444511562500001 0.9924037374999999 0.876257503125 1 0.8517529749999999 1 0.8100281875
0 1 0.88896736875 0.808007346875 0.957927540625 0.9890071640625001 0.9907634859375 1 0.8913663 1 0.88896736875
4 0.97890625 0.96796875 0.0265625 0.0265625
4 0.9625 0.93359375 0.071875 0.05
0 0 0.9590502234375 0.0012025453125 0.9591884609375001 0.086654546875 0.849189578125 0 0.8358254453124999 0 0.9590502234375