0 0.9066942593749999 1 0.9310861421875 0.452353434375 0.4299691890625 0.6181153890625 0.37453103125 0.9982194249999999 0.3942466609375 1 0.9066942593749999 1
4 0.45032837812500004 0.8051605734375 0.6095835046875 0.7057813953125 0.5686653140625 0.6384075124999999 0.40941018749999997 0.737786690625 0.45032837812500004 0.8051605734375
4 0.6644769484374999 0.8470106656249999 0.9036937640625 0.8514237796874999 0.9151879812500001 0.6098588140625 0.675969421875 0.6054452484375 0.6644769484374999 0.8470106656249999
0 0.8092403109375 0.056749775 0.47540389687499995 0.29596052500000003 0.436149628125 0.6029199249999999 0.932130665625 0.41581329375 0.9300514078125 0.08782916406249999 0.8092403109375 0.056749775
4 0.55446584375 0.34797425625 0.6906161187500001 0.20129716250000002 0.6507560140625 0.164545953125 0.51460399375 0.3112225984375 0.55446584375 0.34797425625
0 0.42533283906249997 0.6255406671875 0.202839584375 0.7033635078125 0.146559078125 0.9719571265625 0.3672391921875 0.9936411234375001 0.42533283906249997 0.6255406671875
4 0.2167119265625 0.9613719390625001 0.2761544453125 0.8200120140625 0.22890006875000002 0.8013285359375001 0.1694558015625 0.9426880093750001 0.2167119265625 0.9613719390625001
4 0.2617431453125 0.78892594375 0.3080135921875 0.78796598125 0.30890157500000004 0.6810775421875 0.2626328765625 0.6820379546875001 0.2617431453125 0.78892594375
4 0.3399359515625 0.960954375 0.3977294921875 0.9084336734375 0.32450126562500003 0.82757079375 0.2667064796875 0.8800892859375 0.3399359515625 0.960954375
4 0.44549174531249996 0.6118558734375 0.7865182749999999 0.4298954390625 0.75880959375 0.375947240625 0.4177848125 0.557908125 0.44549174531249996 0.6118558734375
0 0.2993122953125 0.225162221875 0.254844634375 0.43996465625000003 0.47945811093749996 0.279075203125 0.5205286109375 0.00873074375 0.2993122953125 0.225162221875
4 0.3416259140625 0.371923440625 0.521675353125 0.19515352187499999 0.47661778750000006 0.1493128796875 0.2965666 0.326082353125 0.3416259140625 0.371923440625
0 0.5270965421875 0.001991884375 0.4899060421875 0.27358061875 0.7948102203125 0.053037546874999994 0.6032792984375 0.00376505625 0.5270965421875 0.001991884375
4 0.5354801421875 0.1525362921875 0.6886786984375 0.02573456875 0.6176213765624999 0.007454642187500001 0.4978166578125 0.1066172578125 0.5354801421875 0.1525362921875
0 0.249825225 0.4489197046875 0.2043748296875 0.6863005578125 0.43188344062499995 0.607633225 0.47563467812500004 0.2965993421875 0.249825225 0.4489197046875
4 0.339400871875 0.37330950937499996 0.24714261875000001 0.4534804 0.2447290453125 0.49862712187499997 0.362235209375 0.39294810625 0.339400871875 0.37330950937499996
0 0.358873190625 0 0.3354971953125 0.029262812500000002 0.3009544421875 0.21819001249999997 0.518764909375 0.0017979625 0.44151713125000003 0 0.358873190625 0
4 0.3660165984375 0 0.349841678125 0.0184232875 0.4045491296875 0.11092918593750001 0.5140633078125 0.00168853125 0.44151712187500003 0 0.3660165984375 0