0 0.0521682078125 0 0.025837548437500003 0.591175953125 0.551063221875 0.41743919687500003 0.60916850625 0.01904836875 0.3982532109375 0 0.0521682078125 0
4 0.5297245515625 0.22139527499999997 0.3628076671875 0.32555558281249997 0.40569442968749997 0.3961708203125 0.572611315625 0.2920105140625 0.5297245515625 0.22139527499999997
4 0.30527329999999997 0.17753177656250002 0.0545477734375 0.172906346875 0.04250056875 0.4260929953125 0.2932279265625 0.43071889687500003 0.30527329999999997 0.17753177656250002
0 0.161656584375 1 0.5034426515625 0.7550929203125001 0.5445854421874999 0.4333657140625 0.0247427734375 0.6294740390625 0.0269220640625 0.973237475 0.1309527484375 1 0.161656584375 1
4 0.4205770359375 0.7005768109375 0.27787657656250003 0.8543105343749999 0.31965434843749996 0.8928298437500001 0.4623566390625 0.7390965890625 0.4205770359375 0.7005768109375
0 0.555922625 0.40965668906249997 0.7891200234375 0.32808979374999997 0.8481081828124999 0.046574145312499995 0.61681115625 0.0238469328125 0.555922625 0.40965668906249997
4 0.7745802828125 0.0576685859375 0.7122779859375 0.20582933125 0.7618057703125001 0.22541167187500002 0.8241098984375 0.0772513984375 0.7745802828125 0.0576685859375
4 0.7273826140625 0.2384109515625 0.6788860984375 0.2394170984375 0.67795539375 0.3514479359375 0.7264500765624999 0.35044132031249997 0.7273826140625 0.2384109515625
4 0.6454279546875 0.058106239062499995 0.58485396875 0.113153709375 0.6616052031249999 0.1979069 0.72218049375 0.1428617453125 0.6454279546875 0.058106239062499995
4 0.534793875 0.42399985781250005 0.17736057031250002 0.6147144015625 0.20640231562500003 0.671258046875 0.5638337875 0.48054303125000003 0.534793875 0.42399985781250005
0 0.51352946875 1 0.6880060140625 0.8292973281249999 0.7346130125 0.60416075625 0.4991933890625 0.77279059375 0.46467592968749993 1 0.51352946875 1
4 0.6436566874999999 0.67547543125 0.4549450765625 0.8607497453124999 0.5021703609375 0.9087957781249999 0.6908838046875 0.7235219328125 0.6436566874999999 0.67547543125
0 0.45791808281249996 1 0.48824280781249996 0.7785495234375001 0.18208412812500002 1 0.45791808281249996 1
4 0.4238269328125 1 0.47995161406250003 0.9535454859374999 0.44047613906249994 0.9054172890625001 0.3262037578125 1 0.4238269328125 1
0 0.7398739062499999 0.5947748796875 0.7875109171875 0.34597364218750004 0.549056875 0.4284256578125 0.503200765625 0.75442336875 0.7398739062499999 0.5947748796875
4 0.6459887765625 0.6740226781249999 0.742685571875 0.5899947703125 0.7452152609375 0.542676040625 0.6220558796875 0.6534392703125 0.6459887765625 0.6740226781249999
0 0.6564103171875 1 0.6862848625 0.83660496875 0.5218188031250001 1 0.6564103171875 1