0 0.4327340875 0 0.46055370625 0.26498324375000004 1 0.6394630640625001 1 0 0.4327340875 0
2 0.3955804203125 0.027491259375 0.43038111875 0.245959790625 0.4662132859375 0.24025174843750002 0.4314125875 0.021783217187500002 0.3955804203125 0.027491259375
2 0.9490419578125 0 0.9490419578125 0.19463811250000002 1 0.19463811250000002 1 0 0.9490419578125 0
0 1 0.63384026875 0.467605709375 0.2791555625 0.49410835937500003 0.536575671875 0.9386766812499999 1 0.9776108265625 1 1 0.9221334421874999 1 0.63384026875
2 1 0.40314362968750006 0.9197657343750001 0.4028828671875 0.9187377624999999 0.7199335671875 1 0.720196696875 1 0.40314362968750006
2 0.4637727265625 0.4522045453125 0.47459265781250004 0.5135227265625 0.49173251718750005 0.510496503125 0.48091258750000004 0.44918007031249996 0.4637727265625 0.4522045453125
2 0.2003513984375 0.16390384687499998 0.2557727265625 0.272615384375 0.29051923125 0.2549020984375 0.23509790156250002 0.146190559375 0.2003513984375 0.16390384687499998
2 0.270909090625 0.34451048906250004 0.287246503125 0.42619405625000006 0.3064230765625 0.42236014062500005 0.29008566406249997 0.340674825 0.270909090625 0.34451048906250004
2 0.484940559375 0.6498986015625 0.497265734375 0.6807115390625 0.518475525 0.672225525 0.5061520984375 0.6414143359375 0.484940559375 0.6498986015625
2 0.4793041953125 0.7273321671875 0.5096870625000001 0.879246503125 0.5530209796875 0.8705804203125 0.5226381124999999 0.718666084375 0.4793041953125 0.7273321671875
2 0.07156765781249999 0 0.0977517484375 0.0730979015625 0.122659090625 0.064174825 0.0996716734375 0 0.07156765781249999 0
0 0.20635545624999999 0 0.281702796875 0.29929370624999996 0.49177272656250004 0.246409090625 0.42973838593749997 0 0.20635545624999999 0
0 0.178447553125 0.2281993 0.48802097968749997 0.5274545453124999 0.5959842656250001 0.41576923125 0.2864108390625 0.1165139859375 0.178447553125 0.2281993
0 0.24893706249999997 0.40015559375 0.5100367140625 0.716524475 0.5825349656250001 0.656690559375 0.32143531406250003 0.34032167812499997 0.24893706249999997 0.40015559375
0 0.2963164328125 0.5425419578125 0.533346153125 0.8758094406250001 0.5867709796875 0.8378129375000001 0.349741259375 0.50454370625 0.2963164328125 0.5425419578125
0 0.038101296875 0 0.05926923125 0.083496503125 0.11635664375000002 0.0690227265625 0.0988573578125 0 0.038101296875 0
0 0.098589265625 0 0.144302446875 0.16081468593749998 0.239833915625 0.1336573421875 0.20183961562500002 0 0.098589265625 0
0 0.125421328125 0.0884493 0.2128479015625 0.357821678125 0.29845629375 0.3300367140625 0.2110297203125 0.0606643359375 0.125421328125 0.0884493
2 0.57114703125 1 0.5460856640625 0.9143741265625 0.4929615390625 0.929921328125 0.5134725718750001 1 0.57114703125 1
2 0.333809440625 0.638475525 0.3745052453125 0.7455699296875 0.40560139843750004 0.733753496875 0.36490559375 0.626659090625 0.333809440625 0.638475525
2 0.14801398593749998 0.24424300625 0.19871853125 0.360139859375 0.225959790625 0.348222028125 0.1752552453125 0.232325175 0.14801398593749998 0.24424300625
2 0.3712272734375 0.754277971875 0.38545629375 0.8183111890625 0.4102762234375 0.8127954546874999 0.39604545468749996 0.7487622375 0.3712272734375 0.754277971875
0 0.1377867140625 0.2881923078125 0.3183758734375 0.483424825 0.37204370625 0.43378146875 0.1914545453125 0.2385507 0.1377867140625 0.2881923078125
0 0.1857517484375 0.41553496562500003 0.3585209796875 0.6142185312499999 0.396610140625 0.5810979015625 0.223840909375 0.38241433593749996 0.1857517484375 0.41553496562500003
0 0.653719425 1 0.6457290203125 0.882666084375 0.53723076875 0.8900541953125 0.5447188109375001 1 0.653719425 1
0 0.3318426578125 0.6499230765624999 0.539821678125 0.9742290203125 0.57635664375 0.9507989515625 0.368377621875 0.62649300625 0.3318426578125 0.6499230765624999
2 0.1917010484375 0.395758740625 0.23420104843749998 0.448459790625 0.257639859375 0.42955594374999995 0.21513985937500002 0.37685664375 0.1917010484375 0.395758740625
0 0.05290035 0.0483041953125 0.117678321875 0.24933566406250002 0.16730419531250001 0.233346153125 0.1025262234375 0.0323129375 0.05290035 0.0483041953125
0 0.0995209796875 0.1790979015625 0.1727552453125 0.377540209375 0.2189702796875 0.360484265625 0.1457360140625 0.16204370625 0.0995209796875 0.1790979015625
0 0.12674300624999998 0.32778671406250004 0.24585664375 0.4782447546875 0.2811486015625 0.4503041953125 0.1620367140625 0.29984615312499996 0.12674300624999998 0.32778671406250004
0 0.23643356718750003 0.528909090625 0.3805367140625 0.7255891609375 0.41284964999999996 0.7019143359375 0.268746503125 0.505234265625 0.23643356718750003 0.528909090625
2 0.38830594375 0.8214195796875 0.4187954546875 0.9303129374999999 0.44271678281250004 0.9236153843749999 0.4122272734375 0.814722028125 0.38830594375 0.8214195796875
0 0.2872954546875 0.616809440625 0.40031468593749997 0.9443321671874999 0.454475525 0.9256416078124999 0.34145629375 0.5981206296875 0.2872954546875 0.616809440625