2 0.3143870109375 0.7561947171875001 0.23667629531249998 0.971764115625 0.274609165625 0.9758102281250001 0.3502000078125 0.7661213515624999 0.3143870109375 0.7561947171875001
2 0.9123385671875001 0.9649603984375 0.9297615515625001 0.8767391953124999 0.8392472281250001 0.86708448125 0.8189509421875 0.9698546359375 0.9123385671875001 0.9649603984375
2 0.9117585171875 0.773067115625 0.948882584375 0.7799199265625 0.97415536875 0.651951296875 0.9461934624999999 0.6467462921875 0.9117585171875 0.773067115625
2 1 0.32197430625 0.9166566421875 0.31336395 0.8521125046875 0.64567004375 0.9729310640625 0.658150540625 1 0.52108710625 1 0.32197430625
2 0.408608290625 0.5488334578125 0.432466940625 0.48578011718749997 0.41539746875 0.48072185312500004 0.39153845781249996 0.5437770296875 0.408608290625 0.5488334578125
2 0.09212651093749999 0.8392235187500001 0.17184007968749998 0.7314231859375 0.1396321265625 0.709037496875 0.059918559375 0.81683783125 0.09212651093749999 0.8392235187500001
2 0.1891409 0.641506246875 0.222910765625 0.5577188203125 0.203905665625 0.55159 0.1701361640625 0.63537559375 0.1891409 0.641506246875
2 0.4744441765625 0.35019765468749997 0.4935428046875 0.3192720421875 0.4734011859375 0.30804503437499997 0.4543003921875 0.338972284375 0.4744441765625 0.35019765468749997
2 0.5074500484375 0.271071903125 0.5702529125 0.11524809375 0.5273069890625 0.10139602031249999 0.4645041265625 0.25721983125 0.5074500484375 0.271071903125
2 0.5439046265624999 0 0.5205249375000001 0.0464591078125 0.5721546765625 0.068599078125 0.6065444484375 0 0.5439046265624999 0
2 0.4126356875 0 0.4080391109375 0.009609675 0.2984052640625 0.217464740625 0.23170567968750003 0.362812378125 0.26326787500000004 0.35418263906249997 0.433296140625 0 0.4126356875 0
2 0.32556413281249996 0.3501029765625 0.38974003281249997 0.2423753765625 0.360080603125 0.22657016406250002 0.2959047 0.334297765625 0.32556413281249996 0.3501029765625
2 0.0481666171875 0.7423850421875 0.124497259375 0.6265367984375 0.09883871093749999 0.611049859375 0.02250806875 0.7268981046875 0.0481666171875 0.7423850421875
2 0.3829798828125 0.22559748906250002 0.41092214218749995 0.160073225 0.38643869375 0.151560790625 0.3584982375 0.21708524687500003 0.3829798828125 0.22559748906250002
2 0.11925165625 0.5953430734375 0.1740345984375 0.5448071484375 0.153747378125 0.5224192875 0.0989640734375 0.5729570453124999 0.11925165625 0.5953430734375
2 0.4133351125 0.1582694953125 0.46734600000000004 0.047533070312499995 0.4440348390625 0.037881334375 0.390023953125 0.148617759375 0.4133351125 0.1582694953125
2 0.2051698265625 0.41880767968750005 0.1808046953125 0.46511800625 0.190565528125 0.48098902656250003 0.2072029703125 0.4497129859375 0.2238446375 0.4125364921875 0.2051698265625 0.41880767968750005