2 0.764382896875 0.3575318828125 0.9616214953125001 0.286429246875 0.9578156218749999 0.250748640625 0.75504565625 0.32384528281249997 0.764382896875 0.3575318828125
2 0.9560195171875 0.7984507296875 0.8593513406250001 0.8175419234374999 0.8684328062500001 0.902681959375 0.951415875 0.8862934640625 0.9560195171875 0.7984507296875
2 0.65209573125 0.9181382250000001 0.6569916890624999 0.94443989375 0.77736218125 0.92066768125 0.77091625625 0.8857478546875001 0.65209573125 0.9181382250000001
2 0.48694306875000004 0.9780231374999999 0.6628228515625 0.9432882828125001 0.651083384375 0.8296433249999999 0.33850796562499996 0.8903551546875 0.3481493765625 0.983678546875 0.48694306875000004 0.9780231374999999
2 0.55524026875 0.3964158625 0.49592899375000005 0.41885824375 0.5006869234375 0.434914215625 0.559996471875 0.4124721734375 0.55524026875 0.3964158625
2 0.8120880843749999 0.0844858953125 0.7106883953125 0.15946646874999998 0.731744934375 0.189762075 0.8331446218749999 0.11478150000000001 0.8120880843749999 0.0844858953125
2 0.6414001671875 0.1881593296875 0.56258934375 0.2199237671875 0.568354265625 0.2378004390625 0.6471668140625 0.20603565937499999 0.6414001671875 0.1881593296875
2 0.3625958046875 0.45545130624999997 0.3335048609375 0.47341799062499995 0.34406526406250004 0.4923637 0.37315466875 0.47439905312499997 0.3625958046875 0.45545130624999997
2 0.285697403125 0.46504919375 0.13912563125 0.5241231359375 0.15215523749999998 0.5645191453125 0.29872700937499996 0.5054452015625001 0.285697403125 0.46504919375
2 0 0.6205884203124999 0.10827600781249999 0.5663079921875 0.0874505984375 0.51774376875 0 0.5617516703125001 0 0.6205884203124999
2 0 0.456696728125 0.3769030453125 0.27576134531249996 0.38502039374999997 0.2460731546875 0.248302771875 0.30881245156250003 0.0527891 0.4119367890625 0 0.4371872953125 0 0.456696728125
2 0.3581988359375 0.3064603578125 0.2568675609375 0.36682581718749996 0.2717343390625 0.39472421875 0.3730656125 0.3343587625 0.3581988359375 0.3064603578125
2 0.7274885296875 0.0492966515625 0.6185187734375 0.1210951625 0.6330861765625 0.145230234375 0.7420559296875 0.073431725 0.7274885296875 0.0492966515625
2 0.24794581093749998 0.3653374046875 0.18631186875 0.391618896875 0.1943188765625 0.414648640625 0.25595263749999997 0.3883654515625 0.24794581093749998 0.3653374046875
2 0.5826877203125 0.12121308125000001 0.5351506421875001 0.172743628125 0.5562092234375 0.19182629375 0.6037445781249999 0.1402960890625 0.5826877203125 0.12121308125000001
2 0.18354357968749999 0.39499128125 0.0793821296875 0.4457952703125 0.08846079375 0.46772233124999996 0.19262224375 0.416918340625 0.18354357968749999 0.39499128125
2 0.49618030312499994 0.2073757 0.48125162499999996 0.1981944171875 0.4376909734375 0.22111286875 0.4317921375 0.23867886249999998 0.466761278125 0.22302529375 0.49618030312499994 0.2073757