2 0.6560321234375001 0.7741066453125 0.7306316093749999 0.9810455031249999 0.768067 0.97705245625 0.691375440625 0.764310196875 0.6560321234375001 0.7741066453125
2 0.1934287421875 0.97516801875 0.1733986375 0.87374566875 0.08407138750000001 0.8832737640625 0.1012658734375 0.9703379671875 0.1934287421875 0.97516801875
2 0.0678549765625 0.6562971609375 0.040259784375 0.6614339031250001 0.065201121875 0.78772425625 0.10183831562500001 0.78096131875 0.0678549765625 0.6562971609375
2 0 0.3597022328125 0.0050249046875 0.4830222359375 0.041468031249999995 0.66755184375 0.1607020859375 0.6552350265625 0.097004428125 0.32728704531249997 0 0.3373087515625 0 0.3597022328125
2 0.615235815625 0.5546783140625 0.5916897109375 0.4924500921875 0.5748441015625 0.49744201875 0.5983898515625 0.5596684296875 0.615235815625 0.5546783140625
2 0.9425066015624999 0.824157990625 0.863838459375 0.71777143125 0.8320529046875 0.7398635375 0.9107210484375001 0.8462500953125 0.9425066015624999 0.824157990625
2 0.8337344734375 0.6450755859374999 0.8004078515625 0.5623888203125 0.7816519984375 0.5684372625 0.8149789796875 0.6511258375 0.8337344734375 0.6450755859374999
2 0.553296990625 0.3525595328125 0.5344466984375 0.3220378875 0.5145692328125 0.3331176546875 0.5334173875 0.3636376859375 0.553296990625 0.3525595328125
2 0.543227075 0.2718792421875 0.4812478578125 0.1180990234375 0.438865159375 0.1317694296875 0.5008443781249999 0.2855496484375 0.543227075 0.2718792421875
2 0.3940094625 0 0.43698833593749997 0.08573220468750001 0.4879409640625 0.0638825953125 0.45579322656250004 0 0.3940094625 0
2 0.5653689890625 0 0.7418241625 0.3675704078125 0.772972428125 0.3760869703125 0.7071475921875 0.23264553124999998 0.598951565625 0.0275164328125 0.5857896859375 0 0.5653689890625 0
2 0.7096153625 0.3479463203125 0.646281109375 0.24163153906249998 0.61701065625 0.2572294703125 0.6803449046875001 0.3635442484375 0.7096153625 0.3479463203125
2 0.9794264640625 0.7353978015625 0.904096878125 0.6210688765625 0.8787748359374999 0.636352709375 0.9541044203125001 0.75068163125 0.9794264640625 0.7353978015625
2 0.6478427234375 0.2322710140625 0.6202686984375 0.1676058953125 0.59610634375 0.17600669062500002 0.6236821484374999 0.24067162031249997 0.6478427234375 0.2322710140625
2 0.9039731609375 0.583475640625 0.849908325 0.5336006734375001 0.8298871671875 0.5556949234374999 0.88395164375 0.6055680812500001 0.9039731609375 0.583475640625
2 0.616730459375 0.1647014609375 0.5634279125 0.055417315625 0.540422471875 0.06494247187499999 0.5937250203125 0.174226615625 0.616730459375 0.1647014609375
2 0.8232058578125001 0.4770508859375 0.79916026875 0.43134790624999997 0.7807303734375 0.42515896406250003 0.797153790625 0.46184789843749996 0.8135730359375 0.4927137609375 0.8232058578125001 0.4770508859375