0 1 0.42305123437500003 0.7317319890625 0.451215709375 0.3507697953125 1 0.9905657703124999 1 1 0.944752890625 1 0.42305123437500003
2 0.955899340625 0.3898877890625 0.74968811875 0.42273597343749997 0.7550759078125 0.45655775624999995 0.961287128125 0.4237095703125 0.955899340625 0.3898877890625
2 0.9924818484375001 1 0.9924818484375001 0.9122970296874999 0.7981303625 0.9122970296874999 0.7981303625 1 0.9924818484375001 1
0 0.35718548125 1 0.7183548156249999 0.45787205625 0.47537741875000006 0.48288775937499995 0.00847960625 0.930788234375 0.249188890625 1 0.35718548125 1
2 0.711275615625 1 0.7083564359375 0.9605973593750001 0.5936650171875 0.9690924093750001 0.5959539921875 1 0.711275615625 1
2 0.6011944625 1 0.6015693062499999 0.884663365625 0.30230693125 0.8836930687500001 0.301930321875 1 0.6011944625 1
2 0.5550148515625 0.454254125 0.4971369640625 0.464466996875 0.4999934 0.4806452140625 0.5578696375 0.47043234375000004 0.5550148515625 0.454254125
2 0.8271402640625001 0.20561221093749998 0.724528053125 0.2579240921875 0.741247525 0.290721121875 0.8438597359375001 0.23840924062500002 0.8271402640625001 0.20561221093749998
2 0.6566666671875 0.272211221875 0.57956600625 0.2876320125 0.5831848187500001 0.3057326734375 0.660287128125 0.29031188124999996 0.6566666671875 0.272211221875
2 0.368412540625 0.47423432343750005 0.3393283828125 0.4858679875 0.34733828437500003 0.5058877890625 0.3764207921875 0.49425577499999995 0.368412540625 0.47423432343750005
2 0.2953234328125 0.46891419218749997 0.15193234375 0.497592409375 0.1601122109375 0.5384950500000001 0.3035033 0.50981683125 0.2953234328125 0.46891419218749997
2 1 0.077551875 0.9128514843750001 0.1087689765625 0.921273928125 0.132278878125 1 0.10407920468750001 1 0.077551875
0 1 0.2067096796875 0.6993465343749999 0.282399340625 0.7492640265625 0.48068316875 1 0.4175595203125 1 0.2067096796875
0 0.7664521453125 0.18493729375 0.48398679843750003 0.47714191406250006 0.5894059406250001 0.5790478546875 0.8718712875 0.286843234375 0.7664521453125 0.18493729375
0 0.6041435640625 0.251471946875 0.305524753125 0.49792244218750004 0.36200165 0.5663531359375 0.6606204625000001 0.31990264062499996 0.6041435640625 0.251471946875
0 0.469745875 0.29619306875 0.1551765671875 0.5199240921875 0.1910412546875 0.5703514843749999 0.5056122109375 0.3466204625 0.469745875 0.29619306875
0 1 0.047863423437500004 0.9030363031249999 0.0724455453125 0.9166980203125 0.1263300328125 1 0.1052105375 1 0.047863423437500004
0 1 0.1043996703125 0.83005610625 0.1527079203125 0.8556897687499999 0.2428795375 1 0.201856978125 1 0.1043996703125
0 0.8983613859374999 0.1348861390625 0.6441023109375 0.217407590625 0.6703283828125 0.298212871875 0.9245874593750001 0.21569141875 0.8983613859374999 0.1348861390625
2 0 0.5667126171875 0.11877557812499999 0.5319488453125001 0.10410065937499999 0.48180528125000005 0 0.512274065625 0 0.5667126171875
2 0.37919471875 0.3315825078125 0.2781089109375 0.36999505 0.2892623765625 0.399346534375 0.39034818437499996 0.36093399375 0.37919471875 0.3315825078125
2 0.75130858125 0.156211221875 0.6419141921875 0.2040709578125 0.653163365625 0.22978382812499998 0.76255775625 0.1819240921875 0.75130858125 0.156211221875
2 0.2698894390625 0.366900990625 0.2094488453125 0.38033168281249996 0.214655115625 0.4037590765625 0.275095709375 0.3903267328125 0.2698894390625 0.366900990625
0 0.7098250828125 0.14655775625 0.5255462046875 0.31701485156250003 0.572404290625 0.36767161718749997 0.75668151875 0.197214521875 0.7098250828125 0.14655775625
0 0.5896270625 0.19183168281250002 0.40209075937499994 0.354907590625 0.43335313593749997 0.3908597359375 0.6208894390624999 0.22778382812500003 0.5896270625 0.19183168281250002
0 0 0.6361283890625 0.1487046203125 0.62600165 0.1417310234375 0.523590759375 0 0.5332435859375 0 0.6361283890625
0 0.3683894390625 0.329726071875 0.062278878125000006 0.5260363031249999 0.08439438906249999 0.5605214515625 0.39050495 0.364211221875 0.3683894390625 0.329726071875
2 0.6082937296875001 0.1974471953125 0.5585495046875 0.23756270625 0.5763927390625 0.25968646875 0.6261353140625 0.21957095781249997 0.6082937296875001 0.1974471953125
0 0.9362541249999999 0.06643399375 0.74650165 0.1275775578125 0.761594059375 0.17441914218750001 0.951348184375 0.113275578125 0.9362541249999999 0.06643399375
0 0.8127986796875 0.11043894375 0.6254900984375 0.17956435625 0.641589109375 0.22318646874999998 0.8288960390625 0.15406105625 0.8127986796875 0.11043894375
0 0.6724521453125 0.1361336640625 0.53043564375 0.24856435625 0.55680858125 0.2818762375 0.6988250828125 0.16944719531250002 0.6724521453125 0.1361336640625
0 0.48261386093749997 0.2396699671875 0.296968646875 0.37568811874999997 0.31931518125 0.40618811875 0.5049603953124999 0.2701699671875 0.48261386093749997 0.2396699671875
2 0.2065148515625 0.3830214515625 0.1037310234375 0.4118003296875 0.1100528046875 0.4343795375 0.21283663437499997 0.405600659375 0.2065148515625 0.3830214515625
0 0.39964521406250003 0.2876782171875 0.09049835 0.39435643593749997 0.10814026406249999 0.4454785484375 0.417285478125 0.3388003296875 0.39964521406250003 0.2876782171875