0 1 0.37309022812500003 0.43302881718749997 0.707275259375 0.379312753125 0.9847302250000001 0.47816952500000004 0.9916535203124999 0.9581655874999999 0.9832751578125001 1 0.5043754109374999 1 0.37309022812500003
2 0.3863899171875 0.9307001953125 0.436262615625 0.7305544171875 0.4035784546875 0.7229448578125 0.35370575625 0.9230906359375 0.3863899171875 0.9307001953125
2 0.8792059265625 0.8040926421875 0.8634089062499999 0.9849291421874999 0.9581655874999999 0.9832751578125001 0.9732428234375 0.810678384375 0.8792059265625 0.8040926421875
0 1 0.208887334375 0.9650330734375 0.030304303124999998 0.486048209375 0.45783209375 0.4406991578125 0.6946021609375 1 0.3789886609375 1 0.208887334375
2 0.9905252109375 0.6128381234375 0.952397725 0.6073040765625 0.9342386406250001 0.719292865625 0.9806374140624999 0.726028746875 0.9905252109375 0.6128381234375
2 1 0.3225679265625 0.8936857312500001 0.3154691453125 0.868977625 0.6092675453124999 0.9901305796875001 0.617355671875 1 0.5043754078125 1 0.3225679265625
2 0.4667686640625 0.537944928125 0.4817398703125 0.48183923906250004 0.46612976249999993 0.47792520625 0.451158415625 0.5340325171875 0.4667686640625 0.537944928125
2 0.2148597140625 0.802724940625 0.27492460625000004 0.705599475 0.24421631562499999 0.6869379828125 0.1841514234375 0.7840634484375 0.2148597140625 0.802724940625
2 0.28146515625 0.62610719375 0.303188703125 0.5514881859375 0.28575992499999997 0.546693921875 0.2640365203125 0.6213113109374999 0.28146515625 0.62610719375
2 0.505673753125 0.3614844921875 0.5195669484375001 0.33373780468750003 0.500633865625 0.32450188281250003 0.4867389078125 0.35225007656249996 0.505673753125 0.3614844921875
2 0.52717595 0.2909825890625 0.5675757328125 0.15220978125 0.528191565625 0.14137375000000002 0.48779178281249996 0.28014655781250003 0.52717595 0.2909825890625
2 0.062617953125 0.9625509484375 0.1042119875 0.8714242593750001 0.0818938984375 0.8615438781250001 0.036620471875 0.9607302499999999 0.062617953125 0.9625509484375
0 0.37155723125 0.9841870765625 0.46040438281249996 0.7265057796875001 0.2703616984375 0.66390168125 0.1649196484375 0.969715503125 0.37155723125 0.9841870765625
0 0.25992439218749996 0.8335430640625001 0.5705103828125 0.5763531937499999 0.4796789765625 0.465888003125 0.16909298749999999 0.723077875 0.25992439218749996 0.8335430640625001
0 0.31043619218749996 0.6284653125 0.5775671109375 0.3522801921875 0.5153458578125 0.29215031874999997 0.2482149375 0.5683354406250001 0.31043619218749996 0.6284653125
0 0.34991080625 0.4781554859375 0.5961438796875 0.1847536859375 0.549798959375 0.14609074375 0.303566028125 0.43949092500000003 0.34991080625 0.4781554859375
0 0.0654194171875 0.96274714375 0.0987743265625 0.8665246218749999 0.0471376734375 0.8494170484374999 0.009218114062500001 0.9588111640625 0.0654194171875 0.96274714375
0 0.15963804374999999 0.9693456140625001 0.21822638906249997 0.8146431640625 0.1320540109375 0.78329434375 0.06412777187499999 0.9626566859375 0.15963804374999999 0.9693456140625001
0 0.18567406718749999 0.880401534375 0.288347359375 0.636505159375 0.21140499687499997 0.60521773125 0.108731703125 0.8491141062500001 0.18567406718749999 0.880401534375
2 0.552993603125 0 0.5168209515625 0.0933424859375 0.56470454375 0.11118778124999999 0.6077925625 0 0.552993603125 0
2 0.37382123125 0.3660040203125 0.4201335796875 0.269422771875 0.392324765625 0.25646090625 0.3460124171875 0.353042153125 0.37382123125 0.3660040203125
2 0.1664738890625 0.7190486468749999 0.2227570875 0.6149607703125 0.1985224046875 0.602154696875 0.14223920625 0.7062425718750001 0.1664738890625 0.7190486468749999
2 0.41250863125 0.2548988453125 0.43085486250000005 0.1964971578125 0.40834187499999997 0.1897791734375 0.3899972625 0.248180975 0.41250863125 0.2548988453125
0 0.18196269062499998 0.71433045625 0.3648146046875 0.5451580375 0.31918747812500003 0.4956891203125 0.136335421875 0.6648631578125 0.18196269062499998 0.71433045625
0 0.22356423749999998 0.58314601875 0.39946185624999997 0.41026814843750004 0.36690840156250004 0.37711596406250003 0.1910107828125 0.5499938328125 0.22356423749999998 0.58314601875
0 0.5753293968750001 0 0.554545209375 0.13314534218750002 0.654312284375 0.1470189828125 0.6769867828125 0.0017575703125000002 0.6518906859375 0 0.5753293968750001 0
0 0.37701954843749996 0.3663828203125 0.5956542203125 0.0794030484375 0.56375419375 0.0553293765625 0.345119521875 0.3423091453125 0.37701954843749996 0.3663828203125
2 0.21506565156250002 0.587731259375 0.25864473593750004 0.54166126875 0.23849284062499998 0.5226293359375 0.19491361406250002 0.5687009453125 0.21506565156250002 0.587731259375
0 0.0830097296875 0.8996384421875 0.1592014953125 0.7175876609375 0.114589715625 0.699559221875 0.038398090625 0.8816083828125001 0.0830097296875 0.8996384421875
0 0.133479578125 0.7822485859375 0.21728391249999998 0.6031476062500001 0.1759135953125 0.584352134375 0.0921091203125 0.7634547375 0.133479578125 0.7822485859375
0 0.159710740625 0.6556374500000001 0.282070375 0.523962025 0.2516852140625 0.49579013125 0.1293239625 0.6274654453124999 0.159710740625 0.6556374500000001
0 0.2750434734375 0.472268575 0.42426173437500003 0.29938975156250003 0.396287053125 0.27536284218749996 0.24706879218750002 0.448241665625 0.2750434734375 0.472268575
2 0.43281557499999995 0.1948386796875 0.46983230468750004 0.095929590625 0.44824620312499996 0.088174925 0.41122947343750005 0.1870840140625 0.43281557499999995 0.1948386796875
0 0.3498201125 0.3909243609375 0.48087356875 0.09481416875000001 0.43228537187500005 0.073989546875 0.30123177343749996 0.370101359375 0.3498201125 0.3909243609375