0 1 0.376924365625 0.44448925156249997 0.7043543703124999 0.3881314125 0.9954546625 0.45303365937500006 1 0.647589746875 1 0.9954524203125 0.9939280343749999 1 0.9418695749999999 1 0.376924365625
2 0.395556634375 0.93876741875 0.44788208906250004 0.7287784046875 0.41359050937499997 0.7207946046875 0.36126505625 0.9307836187499999 0.395556634375 0.93876741875
2 1 0.8120535359375 0.9126094968749999 0.8059332640625 0.8960355734375 0.9956633625 0.9954524203125 0.9939280343749999 1 0.9418695734375 1 0.8120535359375
0 0.9960360578125 0 0.5001161546875 0.44264350781250006 0.452536821875 0.6910580046875 1 0.38212449843749996 1 0 0.9960360578125 0
2 1 0.6010049890625 0.9894008921875 0.5994665718750001 0.9703487375 0.71696300625 1 0.721267590625 1 0.6010049890625
2 1 0.2980999234375 0.9278014234375 0.293279103125 0.9018781640625001 0.6015266046875001 1 0.60807718125 1 0.2980999234375
2 0.479888434375 0.52669631875 0.4955959296875 0.4678313328125 0.4792181109375 0.46372480625 0.46351046875 0.52259149375 0.479888434375 0.52669631875
2 0.2155905203125 0.8044982984375 0.2786094234375 0.7025961703125 0.2463908890625 0.6830168999999999 0.18337198593749998 0.784919028125 0.2155905203125 0.8044982984375
2 0.2854716390625 0.6191944328125001 0.30826355781250003 0.5409056375 0.2899776265625 0.535875590625 0.26718585781250004 0.6141626875 0.2854716390625 0.6191944328125001
2 0.5207068890625 0.3415575 0.53528335625 0.31244622187500004 0.5154191375 0.3027560734375 0.500840821875 0.3318689328125 0.5207068890625 0.3415575
2 0.5432665703125 0.267588290625 0.585653228125 0.12199059062499999 0.544332134375 0.1106216390625 0.5019454765625 0.2562193390625 0.5432665703125 0.267588290625
2 0.055861459375 0.9721846015625 0.0995011015625 0.8765762718750001 0.0760854015625 0.8662099703124999 0.0285854125 0.9702743609375 0.055861459375 0.9721846015625
0 0.379994471875 0.9948848015625 0.47321115625 0.7245306546875 0.273822109375 0.658847665625 0.1631943859375 0.9797015109375 0.379994471875 0.9948848015625
0 0.26287149374999996 0.8368320671875 0.5887322046875 0.5669935140625 0.49343367968749996 0.451095609375 0.1675729703125 0.7209341640625 0.26287149374999996 0.8368320671875
0 0.3158674796875 0.621668525 0.5961359859375001 0.3319005296875 0.5308546703125 0.2688134484375 0.2505861640625 0.5585814453125 0.3158674796875 0.621668525
0 0.35728346875 0.4639664109375 0.6156263656250001 0.15613501406250002 0.5670021875 0.115570615625 0.30865943906250004 0.4234003140625 0.35728346875 0.4639664109375
0 0 0.968272421875 0.0588007 0.9723904453125 0.0937960140625 0.87143566875 0.0396198546875 0.8534867390624999 0 0.967786034375 0 0.968272421875
0 0.1576530296875 0.9793134312499999 0.21912276875 0.8170026640625 0.1287124046875 0.7841120984375001 0.05744553125 0.9722955390625 0.1576530296875 0.9793134312499999
0 0.1849695125 0.885995053125 0.29269231093750003 0.6301037734375 0.2119658984375 0.5972776203125 0.10424309843749999 0.8531688984375 0.1849695125 0.885995053125
2 0.555742303125 0 0.532402309375 0.06022818125 0.5826408328125 0.07895111406250001 0.6132363437499999 0 0.555742303125 0
2 0.382369815625 0.3462993 0.430959821875 0.2449681546875 0.4017833609375 0.2313688203125 0.35319335625 0.3326999640625 0.382369815625 0.3462993
2 0.1648250640625 0.7167067765625 0.22387628906249998 0.607499825 0.19844973593749998 0.5940639437499999 0.1393985109375 0.7032708953125 0.1648250640625 0.7167067765625
2 0.422959875 0.22972993593750002 0.44220837968750004 0.168456034375 0.41858819687500004 0.1614076578125 0.39934139062499996 0.222681678125 0.422959875 0.22972993593750002
0 0.181075609375 0.71175654375 0.372920240625 0.5342641703125001 0.3250491578125 0.48236235625 0.1332043765625 0.659856428125 0.181075609375 0.71175654375
0 0.22472313437500002 0.5741204125 0.40927145625000005 0.392740353125 0.3751170109375 0.3579577328125 0.19056869062499998 0.5393377921875 0.22472313437500002 0.5741204125
0 0.5879024265624999 0 0.571981859375 0.10198855625 0.6766555109375 0.11654450624999999 0.6948474609375 0 0.5879024265624999 0
0 0.385725428125 0.3466967296875 0.615112625 0.0456031984375 0.58164374375 0.020345574999999998 0.35225654687499997 0.321439103125 0.385725428125 0.3466967296875
2 0.21580658593750002 0.5789311578125 0.261528903125 0.5305954296875 0.24038593125 0.5106275 0.19466346406249999 0.5589649265625 0.21580658593750002 0.5789311578125
0 0.077256109375 0.9061780374999999 0.1571950109375 0.7151739390625 0.110389209375 0.69625885625 0.03045045625 0.8872612546875001 0.077256109375 0.9061780374999999
0 0.13020808125 0.7830149093750001 0.21813394062499997 0.5951056859375 0.17472901875 0.5753858453125 0.08680301093750001 0.7632967734375 0.13020808125 0.7830149093750001
0 0.1577293015625 0.650176996875 0.2861066234375 0.51202573125 0.25422710937500004 0.48246833437500003 0.12584809218749998 0.6206194843749999 0.1577293015625 0.650176996875
0 0.2787341359375 0.4577899796875 0.435291 0.27640892031250003 0.4059405140625 0.25120035937499996 0.2493836515625 0.43258142031249996 0.2787341359375 0.4577899796875
2 0.44426552187499996 0.1667159921875 0.4831027453125 0.062942521875 0.4604550328125 0.054806478125 0.4216178078125 0.1585799484375 0.44426552187499996 0.1667159921875
0 0.35718831406249996 0.37244523125 0.4946870234375 0.06177224218750001 0.44370924218749996 0.039923459375 0.3062103859375 0.350598146875 0.35718831406249996 0.37244523125