0 0.3681850625 0 0.7058034375 0.572796121875 0.9876624515625 0.627364821875 0.9946956390624999 0.5269388953125 0.9861842875000001 0.039323846875 0.5360242515625 0 0.3681850625 0
2 0.9327748015624999 0.620175321875 0.72945210625 0.56951099375 0.7217217609375 0.6027139515625 0.92504445625 0.6533782796875001 0.9327748015624999 0.620175321875
2 0.8041576046875001 0.1195368359375 0.987864525 0.135584603125 0.9861842875000001 0.039323846875 0.8108478828125 0.024007290625 0.8041576046875001 0.1195368359375
0 0.183291265625 0 0.0180869109375 0.0323473546875 0.45240085781249995 0.5189351531249999 0.6929291796875 0.5650040296875 0.3740973703125 0 0.183291265625 0
2 0.6098673 0.006450579687499999 0.6042454109375 0.0451832640625 0.7180118 0.0636305875 0.7248546 0.016495324999999998 0.6098673 0.006450579687499999
2 0.3147776671875 0 0.3077781796875 0.10482719375 0.6062400453125 0.1299274921875 0.6144565562500001 0.006851475 0.536024246875 0 0.3147776671875 0
2 0.5337853234375001 0.538520721875 0.47678906874999993 0.523311878125 0.47281290781249996 0.539169765625 0.5298108109374999 0.554378753125 0.5337853234375001 0.538520721875
2 0.8027681937500001 0.7944282265625 0.7041010546875001 0.7334099234375 0.685143346875 0.764605646875 0.7838104875 0.8256239515624999 0.8027681937500001 0.7944282265625
2 0.623346990625 0.7267655562499999 0.5475435546874999 0.7046971906249999 0.542673190625 0.722402615625 0.6184749828125 0.7444708359375001 0.623346990625 0.7267655562499999
2 0.354523928125 0.4989980921875 0.32633681718749996 0.4848843703125 0.31695429375 0.504117978125 0.345142934375 0.518233490625 0.354523928125 0.4989980921875
2 0.282902946875 0.477154590625 0.141927396875 0.43611354062499996 0.130919365625 0.47612285468750004 0.271894915625 0.5171639031249999 0.282902946875 0.477154590625
2 0.9651311218749999 0.9490865234375001 0.8725579781249999 0.9068322671875 0.862520765625 0.9295046109375 0.9632815234375001 0.9754966640625 0.9651311218749999 0.9490865234375001
0 0.9871106812500001 0.635243446875 0.7253392046875 0.5449860234374999 0.661741390625 0.738045259375 0.9724093999999999 0.8451609921875001 0.9871106812500001 0.635243446875
0 0.83407549375 0.7486482359375 0.5728032437499999 0.433132309375 0.46058463749999995 0.525405484375 0.7218568890625 0.840921409375 0.83407549375 0.7486482359375
0 0.6257425390625 0.6973346625 0.345173528125 0.42596357031250004 0.28408921249999997 0.4891724625 0.564658225 0.76054355625 0.6257425390625 0.6973346625
0 0.4730468421875 0.6572334671875 0.174987871875 0.40709193125 0.13571123125 0.4541724859375 0.433768559375 0.7043138765625 0.4730468421875 0.6572334671875
0 0.9615654671874999 1 0.96533043125 0.9462405921875 0.86758056875 0.9123562390625001 0.8502014453125 0.964812521875 0.95171378125 1 0.9615654671874999 1
0 0.9720336390625001 0.8505264312499999 0.8148755953125001 0.7910081124999999 0.783029175 0.8785483062500001 0.9652385375 0.9475527390625 0.9720336390625001 0.8505264312499999
0 0.8816777484375 0.8240771375 0.633910003125 0.7197741109375 0.6021259484375 0.79793778125 0.8498936953125 0.9022408093750001 0.8816777484375 0.8240771375
2 0 0.4558481 0.0821257 0.4876739546875 0.1002542546875 0.43903030468750004 0 0.4001792984375 0 0.4558481
2 0.35911519531249997 0.6329435109375 0.2610009109375 0.5858960453125001 0.2478333015625 0.6141462703125 0.345947584375 0.6611937343750001 0.35911519531249997 0.6329435109375
2 0.7177637046875 0.8435820812499999 0.6120236390625 0.7864054984375 0.5990142953125 0.811024859375 0.7047543593750001 0.8682014406249999 0.7177637046875 0.8435820812499999
2 0.2462464453125 0.5936420250000001 0.186917746875 0.575004584375 0.180093128125 0.5978749203125 0.2394219421875 0.6165107171875001 0.2462464453125 0.5936420250000001
0 0.712970621875 0.8278474250000001 0.5411129265625 0.6420931000000001 0.4908587890625 0.6884444671875001 0.6627181281250001 0.8741989359375 0.712970621875 0.8278474250000001
0 0.5797038921875 0.7855855359375 0.404081928125 0.6068958921875 0.37040351875 0.63996606875 0.5460254812499999 0.8186557125 0.5797038921875 0.7855855359375
0 0 0.43021904375000003 0.12256034687499999 0.4493508984375 0.1366542046875 0.34800021875 0 0.3266692578125 0 0.43021904375000003
0 0.3595000078125 0.6296944265625 0.0679650015625 0.4075893640625 0.0435092078125 0.43999573906249995 0.3350442109375 0.662100803125 0.3595000078125 0.6296944265625
2 0.5843619140625 0.7942190203124999 0.5375606546875 0.7499482046875 0.5182266265625 0.770419971875 0.56502953125 0.81469093125 0.5843619140625 0.7942190203124999
0 0.9012200046875 0.92837106875 0.7162795281250001 0.8509699093749999 0.6979649234374999 0.8962898125000001 0.8829037546875 0.9736908281250001 0.9012200046875 0.92837106875
0 0.7819668171874999 0.8771001109375 0.600022965625 0.7919655484375 0.580929153125 0.8339925375 0.7628746546875 0.9191272421875001 0.7819668171874999 0.8771001109375
0 0.65334598125 0.8504525812500001 0.5195804703125 0.7261507296875 0.49096140312500003 0.7570181953125 0.6247268015625 0.8813216890625 0.65334598125 0.8504525812500001
0 0.4670664890625 0.7332891703125 0.2914435578125 0.581702365625 0.26703526875 0.6101210890625001 0.4426582 0.7617078937499999 0.4670664890625 0.7332891703125
2 0.18523294375 0.5730127484375 0.08475387031250001 0.535408453125 0.0768761140625 0.557337190625 0.1773551890625 0.5949414875000001 0.18523294375 0.5730127484375
0 0.384431096875 0.6573256 0.0836207421875 0.5241919296875001 0.062465571875 0.57355136875 0.363277571875 0.7066851828125 0.384431096875 0.6573256