0 0.341334375 0.0618484375 0.0803125 0.958196875 0.6988531250000001 0.8433453125 0.9769249999999999 0.1763640625 0.341334375 0.0618484375
3 0.5984375 0.646875 0.0859375 0.0890625
3 0.4140625 0.4234375 0.078125 0.0765625
3 0.24453125 0.6421875 0.1359375 0.146875
3 0.80078125 0.4109375 0.1359375 0.1453125
3 0.4140625 0.8171875 0.084375 0.06875
3 0.6484375 0.73984375 0.075 0.0703125
3 0.32421875 0.540625 0.0953125 0.1203125
3 0.2453125 0.7296875 0.1296875 0.134375
3 0.65625 0.56796875 0.06875 0.0734375
3 0.278125 0.3578125 0.0765625 0.0875
3 0.50390625 0.390625 0.1015625 0.065625
3 0.4609375 0.57890625 0.0734375 0.0703125
3 0.1421875 0.89375 0.071875 0.065625
3 0.73984375 0.6375 0.0671875 0.09375
3 0.6625 0.384375 0.090625 0.10625