0 0.0328386078125 0.925 0.9405332281250001 0.66067405 0.8245680375 0.017037975 0.1491439875 0.298629746875 0.0328386078125 0.925
3 0.3484375 0.4 0.090625 0.0875
3 0.57421875 0.58671875 0.078125 0.078125
3 0.353125 0.75859375 0.1484375 0.1375
3 0.58671875 0.1953125 0.146875 0.1375
3 0.17578125 0.58671875 0.06875 0.084375
3 0.25390625 0.35 0.071875 0.075
3 0.45546875 0.678125 0.121875 0.096875
3 0.2640625 0.7578125 0.1359375 0.13125
3 0.428125 0.34140625 0.075 0.06875
3 0.640625 0.725 0.0875 0.078125
3 0.6078125 0.49609375 0.065625 0.103125
3 0.4171875 0.53984375 0.071875 0.075
3 0.0984375 0.8625 0.065625 0.071875
3 0.3578125 0.25703125 0.0953125 0.06875
3 0.6140625 0.33515625 0.1078125 0.090625