0 1 0.0859377046875 0.047958053125 0.363177853125 0.16269556406250002 1 0.2805226234375 1 0.887149328125 0.7470906046875 1 0.1393259109375 1 0.0859377046875
3 0.6765625 0.6390625 0.0953125 0.0921875
3 0.4359375 0.44140625 0.08125 0.084375
3 0.67109375 0.259375 0.1578125 0.146875
3 0.42265625 0.85625 0.15625 0.146875
3 0.859375 0.44140625 0.0734375 0.090625
3 0.77578125 0.69296875 0.075 0.08125
3 0.56171875 0.34453125 0.128125 0.103125
3 0.76484375 0.26015625 0.14375 0.1390625
3 0.59140625 0.7015625 0.078125 0.0734375
3 0.365625 0.2953125 0.09375 0.08125
3 0.40078125 0.5375 0.0703125 0.109375
3 0.603125 0.49140625 0.075 0.078125
3 0.94140625 0.14921875 0.0703125 0.078125
3 0.66640625 0.79140625 0.1 0.071875
3 0.39453125 0.7078125 0.1140625 0.096875