3 0.055913734375 0.612009365625 0.5254145890624999 0.581243646875 0.521930025 0.552964034375 0.052429170312499995 0.583729753125 0.055913734375 0.612009365625
3 0.4266490125 0.6038235125 0.4984256734375 0.5869441671875 0.496260734375 0.5794594609375 0.42448422968750005 0.596337134375 0.4266490125 0.6038235125
3 0.3998061421875 0.6469207765625 0.45755931875 0.6382006062500001 0.45644297343750007 0.6328129640625 0.39868979531250004 0.6415331375 0.3998061421875 0.6469207765625
3 0.163390528125 0.6590415609375 0.348398753125 0.6550323312499999 0.3470477328125 0.6380924703125 0.162039665625 0.6421000296875 0.163390528125 0.6590415609375
3 0.2515962125 0.690293509375 0.28656405 0.678140234375 0.28414460468749997 0.6720555390625 0.24917676718749998 0.684208815625 0.2515962125 0.690293509375
3 0.34699733125 0.705402575 0.4551710328125 0.6781942187500001 0.45142540468750003 0.665922571875 0.34325338437499997 0.693131184375 0.34699733125 0.705402575
3 0.959437025 0.7764423453125 0.9948992015625 0.7089373109375 0.791948065625 0.5940321328125 0.7564858906249999 0.6615371671875 0.959437025 0.7764423453125
3 0.8485058484374999 0.6329464625 0.950576221875 0.6473281203125001 0.9515493156250001 0.6356536953124999 0.8494804671875 0.621273965625 0.8485058484374999 0.6329464625
3 0.37527688124999997 0.7676505687499999 0.834886065625 0.6427289515625 0.799233940625 0.5329679671875 0.33962475625 0.6578895859375 0.37527688124999997 0.7676505687499999
3 0.7849850703125 0.5939814203125 0.7916538937500001 0.5781214343750001 0.745375078125 0.55649844375 0.7387062531249999 0.572358428125 0.7849850703125 0.5939814203125
3 0.545408865625 0.60439714375 0.6967126453125 0.5375391828125 0.6649344171875 0.47235397968750004 0.5136306359375 0.5392119421875 0.545408865625 0.60439714375
3 0.90215985 0.46897168125000005 0.9565957765625 0.4267802203125 0.9498623453124999 0.41833470625 0.89542641875 0.4605261703125 0.90215985 0.46897168125000005
3 0.8070326921875 0.5133124421875 0.8779975484375001 0.45108891875 0.8693930765625 0.4414164734375 0.7984265390624999 0.5036397390625 0.8070326921875 0.5133124421875
3 0.822889625 0.5180149078125 0.873675984375 0.492169171875 0.8689908546874999 0.4836642765625 0.8182044953125001 0.5095100109375 0.822889625 0.5180149078125
3 0.5831075203125 0.5270812421875 0.6249626234375001 0.4905918625 0.52369495 0.3761785546875 0.48184152812500003 0.4126681921875 0.5831075203125 0.5270812421875
3 0.5918638328125 0.44594940781250003 0.6096326015625 0.371639128125 0.5967270078125 0.367854359375 0.5789597640624999 0.4421665640625 0.5918638328125 0.44594940781250003
3 0.6801355265625 0.5073543765624999 0.6998838171874999 0.4950089578125 0.627361925 0.38501383906250003 0.6076137921875 0.39735758906249996 0.6801355265625 0.5073543765624999
3 0.6515774203125 0.42371164375000003 0.716822 0.40715348437500004 0.708788040625 0.38101328125 0.6435434609375 0.39757144218749996 0.6515774203125 0.42371164375000003
3 0.7571580265625 0.5546540156249999 0.7612531640625 0.5110995859374999 0.6876399328125 0.49995889531250004 0.6835447953125 0.5435133234375 0.7571580265625 0.5546540156249999
3 0.685321834375 0.4714881359375 0.7043229140625 0.46173555781250003 0.7022288328124999 0.457962103125 0.6832277578125 0.467714678125 0.685321834375 0.4714881359375
3 0.4205730515625 0.7012424187499999 0.46341032968749996 0.6816591046875 0.4597838828125 0.674436109375 0.4169482890625 0.69401968125 0.4205730515625 0.7012424187499999
3 0.5517798578125 0.731133496875 0.6345926546875 0.7108056453125 0.6249737484375 0.6786714609375 0.542160953125 0.6989993109375 0.5517798578125 0.731133496875
3 0.5865344703125001 0.6734589203125 0.593565728125 0.6706056296875 0.5784448125 0.6372388921875001 0.571411871875 0.640091928125 0.5865344703125001 0.6734589203125
3 0.5752808796875 0.6091247156249999 0.5807269421875 0.601387221875 0.52753775625 0.562455746875 0.52209169375 0.5701932390625 0.5752808796875 0.6091247156249999
0 1 0.2616628140625 0.0893456015625 0.12499719218750001 0.0262548640625 0.80530070625 0.9789017718749999 0.9482683125 1 0.7238750390625001 1 0.2616628140625