3 0.5735759765624999 0.037218925 0.541084128125 0.5330614125 0.5709503859375 0.5367414796875 0.603442234375 0.04089899375 0.5735759765624999 0.037218925
3 0.586890703125 0.43014836093750003 0.569066096875 0.50595193125 0.5769707375 0.508238334375 0.594797109375 0.4324346 0.586890703125 0.43014836093750003
3 0.6346224546875 0.4029067140625 0.62541303125 0.4639001703125 0.63110295 0.4650791484375 0.640312371875 0.4040856953125 0.6346224546875 0.4029067140625
3 0.635221153125 0.152979184375 0.6309887468750001 0.34836724218750004 0.6488790296875 0.3497940625 0.6531132000000001 0.1544058390625 0.635221153125 0.152979184375
3 0.679692478125 0.24500516718749998 0.666857334375 0.2819348953125 0.673283415625 0.2844900859375 0.6861185578125 0.24756035625 0.679692478125 0.24500516718749998
3 0.6891154421875 0.344360009375 0.6603802734374999 0.45860108750000006 0.6733404296875001 0.462556865625 0.7020753265625 0.3483140125 0.6891154421875 0.344360009375
3 0.7678018640625 1 0.7771008265625 0.995115009375 0.6557488234375 0.7807771781249999 0.584456378125 0.8182289796875001 0.687369975 1 0.7678018640625 1
3 0.6132266296875 0.878989271875 0.62841314375 0.98678475625 0.64074256875 0.9857570656249999 0.6255540203125001 0.877959971875 0.6132266296875 0.878989271875
3 0.6518965921875 0.3405277953125 0.5199661703125 0.825923634375 0.6358853609375 0.8635760421875001 0.7678157828125001 0.3781802046875 0.6518965921875 0.3405277953125
3 0.56156665625 0.762000003125 0.5448168390625 0.7690429875 0.567653 0.817918303125 0.5844028203125 0.810875321875 0.56156665625 0.762000003125
3 0.5265604671874999 0.52429638125 0.4559513984375 0.684089153125 0.52479385625 0.71765031875 0.5954029234375 0.5578575484375 0.5265604671874999 0.52429638125
3 0.44345998125 0.92751305 0.398901340625 0.9850031375 0.4078206953125 0.9921143515624999 0.4523793328125 0.9346242640625 0.44345998125 0.92751305
3 0.48899246406249997 0.8250709328125 0.42327812343750004 0.900019090625 0.433493246875 0.909106321875 0.49920785937499995 0.8341599390625 0.48899246406249997 0.8250709328125
3 0.49519209062499997 0.8459585421875 0.46789626562500003 0.8995943015625001 0.4768783328125 0.90454229375 0.504174159375 0.8509065343750001 0.49519209062499997 0.8459585421875
3 0.392916903125 0.49072372656249996 0.3543799921875 0.5349253593750001 0.475212528125 0.6418747171875 0.5137491671875 0.5976713078125 0.392916903125 0.49072372656249996
3 0.4240702984375 0.593290840625 0.3455887625 0.612054925 0.34958587812499997 0.6256845953125 0.42806538125 0.6069188999999999 0.4240702984375 0.593290840625
3 0.3767472890625 0.6235525203125001 0.363710984375 0.644408634375 0.47987744687499995 0.7209994109375 0.49291551250000004 0.7001431296875 0.3767472890625 0.6235525203125001
3 0.376973140625 0.6614980453125 0.3594859734375 0.7304032109375 0.3870927890625 0.7388879203125 0.404579953125 0.6699827546875 0.376973140625 0.6614980453125
3 0.5311031796875 0.703743678125 0.4851051046875 0.7080685765625 0.49687085 0.7858119218749999 0.542868928125 0.781487025 0.5311031796875 0.703743678125
3 0.4510518046875 0.703408853125 0.44075205625 0.7234759953125 0.4447372234375 0.725687565625 0.45503697499999995 0.7056204187499999 0.4510518046875 0.703408853125
3 0.6900537890625 0.4221896125 0.66937146875 0.46742852343749997 0.6769997140624999 0.471258434375 0.6976817625 0.42601774375 0.6900537890625 0.4221896125
3 0.695312803125 0.554427409375 0.673844446875 0.6418864671875 0.7077815390625 0.6520450484375 0.7292498984375 0.5645859890625 0.695312803125 0.554427409375
3 0.6331003859375001 0.5853194687500001 0.630087278125 0.592746996875 0.665326078125 0.60871628125 0.668339453125 0.6012905296875 0.6331003859375001 0.5853194687500001
3 0.5592799890625 0.5332321515625 0.5511083796875 0.53898376875 0.592224128125 0.5951571671875 0.6003957390625 0.5894055500000001 0.5592799890625 0.5332321515625
0 0.9562152578124999 1 0.8075783031249999 0.00957609375 0.0891059453125 0.07620657656249999 0.22774339375000002 1 0.9562152578124999 1