3 0.604643409375 0 0.508703125 0.43653125 0.5371388890625 0.44278125 0.6344527921875 0 0.604643409375 0
3 0.5682552078125 0.3415451390625 0.539831596875 0.41295138906249995 0.54716493125 0.41586979218750003 0.575590278125 0.3444635421875 0.5682552078125 0.3415451390625
3 0.6185642359375 0.3196267359375 0.6006736109374999 0.377546875 0.6060208328125001 0.3791979171875 0.6239114578125 0.32127777812499997 0.6185642359375 0.3196267359375
3 0.6558420140625 0.07892881874999999 0.623046875 0.2667604171875 0.64019444375 0.2697552078125 0.6729913187500001 0.0819236109375 0.6558420140625 0.07892881874999999
3 0.6854756937500001 0.1716041671875 0.6676006937500001 0.20601562499999998 0.6734600687500001 0.209059028125 0.6913350687500001 0.17464756875 0.6854756937500001 0.1716041671875
3 0.6800295140625 0.26816493124999996 0.6353767359375 0.37560937499999997 0.6473697921875 0.38059375 0.69202256875 0.27314756875 0.6800295140625 0.26816493124999996
3 0.5835781250000001 0.68553819375 0.5089114578125 0.7151579859375 0.595175346875 0.9326180562499999 0.6698420140625 0.9029982640625001 0.5835781250000001 0.68553819375
3 0.527902778125 0.7762934031250001 0.526809028125 0.88150694375 0.538921875 0.88163368125 0.5400138890624999 0.776418403125 0.527902778125 0.7762934031250001
3 0.6444826390625 0.26110243125 0.4452135421875 0.7167291671875 0.55214930625 0.7634982640625 0.751418403125 0.307871528125 0.6444826390625 0.26110243125
3 0.49496006875000004 0.6589201390625 0.477675346875 0.6641874999999999 0.49265451406249994 0.71333680625 0.5099392359375 0.70806944375 0.49496006875000004 0.6589201390625
3 0.49589930625 0.42677256874999997 0.4039322921875 0.57430381875 0.4657951390625 0.61286805625 0.557762153125 0.46533680625 0.49589930625 0.42677256874999997
3 0.35607118125000004 0.8076597218750001 0.30439930625 0.8590034718749999 0.31200868125 0.8666614578124999 0.36368055625 0.8153177078124999 0.35607118125000004 0.8076597218750001
3 0.41528819375000003 0.7131024312500001 0.340527778125 0.7793472218749999 0.34910416718750004 0.7890260421875 0.42386458281249995 0.7227829859375 0.41528819375000003 0.7131024312500001
3 0.4182361109375 0.733784721875 0.383878471875 0.7829791671875 0.39186631875 0.788559028125 0.42622395781250005 0.7393645828125 0.4182361109375 0.733784721875
3 0.371168403125 0.382328125 0.32728993125 0.4214166671875 0.4288177078125 0.53538368125 0.47269618125 0.496293403125 0.371168403125 0.382328125
3 0.3863333328125 0.48395138906249996 0.3074357640625 0.49491840312499996 0.3093125 0.508409721875 0.3882083328125 0.49744097187499997 0.3863333328125 0.48395138906249996
3 0.33597743125 0.508815971875 0.3202673609375 0.52772569375 0.42172569375 0.6120260421875 0.4374375 0.59311631875 0.33597743125 0.508815971875
3 0.330625 0.5453888890624999 0.30354166718750003 0.61018055625 0.32907986093749997 0.6208541671875001 0.35616319375 0.5560625 0.330625 0.5453888890624999
3 0.4739583328125 0.600043403125 0.42869618125000003 0.600043403125 0.42869618125000003 0.6759982640625 0.4739583328125 0.6759982640625 0.4739583328125 0.600043403125
3 0.39634201406249997 0.5924704859375 0.383402778125 0.61086805625 0.38694444375 0.613359375 0.39988368125 0.59496180625 0.39634201406249997 0.5924704859375
3 0.669512153125 0.343222221875 0.64280381875 0.3849270828125 0.6496423609375 0.3893072921875 0.67635069375 0.34760069374999997 0.669512153125 0.343222221875
3 0.6551979171875 0.47108159687500006 0.621527778125 0.5533854171875 0.65296180625 0.5662447921875 0.6866319437499999 0.48394097187499996 0.6551979171875 0.47108159687500006
3 0.59030381875 0.4952048609375 0.58628993125 0.50208680625 0.61813368125 0.5206614578125001 0.62214756875 0.51378125 0.59030381875 0.4952048609375
3 0.526331596875 0.43834375000000003 0.517559028125 0.44314409687499995 0.5492013890624999 0.5009791671875 0.5579739578125 0.49617881875 0.526331596875 0.43834375000000003
0 0.13722006874999998 0 0.1360364578125 0.9407552078125001 0.842878471875 0.9416440968750001 0.8440632015625 0 0.13722006874999998 0