3 0.5929156984375 0.018630121875 0.5014069109375 0.5057325046875001 0.5303384515625 0.5098659624999999 0.621847240625 0.0227635796875 0.5929156984375 0.018630121875
3 0.5588181171875 0.40530589062500005 0.532183215625 0.47955196874999995 0.5396828390625 0.48193671875 0.5663194984375 0.4076905109375 0.5588181171875 0.40530589062500005
3 0.6090342515625 0.3793353390625 0.5926511671875 0.43916394687500004 0.5981056140625001 0.4404214203125 0.6144886984375 0.3805928125 0.6090342515625 0.3793353390625
3 0.6396405296875 0.133541615625 0.6120109375 0.3256331515625 0.6294347015625 0.327344390625 0.6570660484374999 0.1352527203125 0.6396405296875 0.133541615625
3 0.67232543125 0.2248147953125 0.6552666078125 0.260914290625 0.6612797828125 0.2635379375 0.6783386078125 0.22743844218749998 0.67232543125 0.2248147953125
3 0.6696599609375 0.3226926109375 0.6276779734375 0.43455421093749996 0.6399492078125 0.43866781406250005 0.6819311453125 0.3268044625 0.6696599609375 0.3226926109375
3 0.584428090625 0.7513350578125 0.5098136703125 0.7869417484375 0.60342068125 0.9998321812500001 0.678035096875 0.9642254890625 0.584428090625 0.7513350578125
3 0.5308116875 0.8471948109375 0.532800921875 0.9534732140625 0.5450503703125 0.9526747171875 0.5430593296875 0.8463946921875 0.5308116875 0.8471948109375
3 0.633515403125 0.31828294687500003 0.4454632421875 0.793399334375 0.5549478031249999 0.8324259187499999 0.7429999640625 0.35730953125 0.633515403125 0.31828294687500003
3 0.494054940625 0.7312464656250001 0.4767355578125 0.7378849234375 0.493324825 0.7863469484375 0.5106442046875 0.7797084937500001 0.494054940625 0.7312464656250001
3 0.488175578125 0.49686207812500005 0.3995395421875 0.6528030234375 0.46321540624999996 0.686995503125 0.5518514406249999 0.5310545578125 0.488175578125 0.49686207812500005
3 0.35801786875 0.8919956984375 0.30728951718749997 0.947770246875 0.3152076328125 0.9549176718749999 0.3659359828125 0.89914311875 0.35801786875 0.8919956984375
3 0.41510294375 0.79202753125 0.341471115625 0.8646079500000001 0.350426296875 0.8737210937500001 0.424058178125 0.8011424265624999 0.41510294375 0.79202753125
3 0.4186915921875 0.8126772421874999 0.3854041828125 0.8649582140625001 0.393643790625 0.8699791843750001 0.4269312 0.8176982109375001 0.4186915921875 0.8126772421874999
3 0.3607690546875 0.46154283749999997 0.3175590953125 0.504351834375 0.4235530578125 0.6116166296875 0.4667629671875 0.56880588125 0.3607690546875 0.46154283749999997
3 0.379089709375 0.5629539828125 0.29964928281250003 0.5800575265625 0.30194346875 0.593531128125 0.38138208906250004 0.5764259625 0.379089709375 0.5629539828125
3 0.32891285 0.5919017765625 0.3135867015625 0.6121893890625 0.4186377765625 0.6895161609375 0.43396567812500003 0.66922841875 0.32891285 0.5919017765625
3 0.3245775421875 0.6292251328125 0.29910304375 0.69669243125 0.32523535625 0.70551236875 0.350709853125 0.63804506875 0.3245775421875 0.6292251328125
3 0.47109089531250004 0.6734269109375 0.42533224062499997 0.6768886562499999 0.4275665453125 0.7535518640625 0.47332519843750004 0.7500901171875001 0.47109089531250004 0.6734269109375
3 0.392400396875 0.6717196296875 0.3798604125 0.69127839375 0.3835142171875 0.6935220734375 0.396054203125 0.6739633109375001 0.392400396875 0.6717196296875
3 0.6612351296875 0.3992542671875 0.63546061875 0.443390775 0.6425030265625 0.4472888046875 0.668277484375 0.4031505453125 0.6612351296875 0.3992542671875
3 0.6505250124999999 0.529400828125 0.6189065953124999 0.6150473703125 0.6510637140625 0.625622525 0.682682128125 0.5399759859375 0.6505250124999999 0.529400828125
3 0.585628678125 0.5587123015625 0.5817731984375001 0.5659654187500001 0.614512653125 0.5822778171875 0.6183681828125 0.57502645625 0.585628678125 0.5587123015625
3 0.519282075 0.5062136453125 0.510554484375 0.511729703125 0.5442452328125 0.5676840609375 0.552972825 0.562168003125 0.519282075 0.5062136453125
0 0.7655044421875 0 0.111755715625 0.048635015625 0.1382812453125 1 0.7196539421875 1 0.8541064875 0.98999753125 0.8265038171875 0 0.7655044421875 0