3 0.616947646875 0.97285804375 0.527870984375 0.498701903125 0.49970838906250004 0.5027255015625001 0.5887850484375 0.9768816421875 0.616947646875 0.97285804375
3 0.562895725 0.5981617296875 0.5369670171875 0.5258888421875 0.5296667171875 0.528210209375 0.5555937156249999 0.6004829703125 0.562895725 0.5981617296875
3 0.6097846796875 0.624539221875 0.5938370265625 0.5663007437500001 0.5885275484375 0.5675247953125 0.6044752015625 0.6257632734375 0.6097846796875 0.624539221875
3 0.6512304046875 0.8633586484375 0.6243334468749999 0.676372403125 0.6073727718749999 0.6780381609374999 0.6342680234375 0.8650242734375 0.6512304046875 0.8633586484375
3 0.67193758125 0.7736230453124999 0.6553321484375 0.7384830046874999 0.649478790625 0.7410369203125 0.666084225 0.7761769593750001 0.67193758125 0.7736230453124999
3 0.6754346359375 0.67689798125 0.6345684984375 0.5680077421874999 0.6226234093749999 0.5720120140625 0.6634895968750001 0.6809005484374999 0.6754346359375 0.67689798125
3 0.6716421375 0.056418376562500004 0.5990108281250001 0.02175804375 0.5078917125 0.2289902578125 0.580523025 0.263650590625 0.6716421375 0.056418376562500004
3 0.5402537656249999 0.1711174578125 0.5421918890625 0.067662153125 0.53026800625 0.066884878125 0.5283316421875 0.17033860625 0.5402537656249999 0.1711174578125
3 0.7348803640625 0.6472036796875 0.5518262671875 0.1847149703125 0.4452515953125 0.2227043015625 0.628305690625 0.6851930109375 0.7348803640625 0.6472036796875
3 0.5087001734375 0.2360312671875 0.49184110781249996 0.22956924843749998 0.475692753125 0.276743246875 0.49255181875 0.2832052671875 0.5087001734375 0.2360312671875
3 0.5488122 0.478076459375 0.462531940625 0.326280125 0.40054845781250004 0.359563834375 0.48682871875 0.51136016875 0.5488122 0.478076459375
3 0.36783801718750003 0.11977098281250001 0.318457928125 0.06547881093749999 0.3107502609375 0.0724362703125 0.36013035000000004 0.126728440625 0.36783801718750003 0.11977098281250001
3 0.4244154359375 0.21516700625000001 0.3527405484375 0.144517340625 0.344023378125 0.1533882734375 0.41569821406249996 0.22403964687500003 0.4244154359375 0.21516700625000001
3 0.4272120984375 0.1990512421875 0.394809403125 0.148159796875 0.3867887890625 0.15304732031249998 0.4191914828125 0.20393876406250003 0.4272120984375 0.1990512421875
3 0.46598521406250004 0.4413284953125 0.423923740625 0.39965557343749997 0.32074689375 0.5040694765625 0.362808415625 0.5457406921875 0.46598521406250004 0.4413284953125
3 0.3828735953125 0.433910940625 0.3055463 0.417260396875 0.3033130890625 0.4303758953125 0.38064214218750003 0.4470248609375 0.3828735953125 0.433910940625
3 0.4340596125 0.3435749953125 0.4191390984375 0.32382646249999997 0.31688007812499996 0.3990980359375 0.33179888750000003 0.41884644375 0.4340596125 0.3435749953125
3 0.35301656875 0.37392955156249996 0.328219134375 0.3082554015625 0.30278136875 0.316840921875 0.3275788046875 0.3825150703125 0.35301656875 0.37392955156249996
3 0.4723730328125 0.26486244375 0.4278305578125 0.2614927046875 0.4256556359375 0.33611835 0.47019811406249995 0.3394880890625 0.4723730328125 0.26486244375
3 0.397155753125 0.33896594687500003 0.38494905468749996 0.31992701874999996 0.3813923625 0.3221110640625 0.39359905781250004 0.3411499953125 0.397155753125 0.33896594687500003
3 0.6621438640624999 0.6025810296875 0.6370544421875 0.5596158796874999 0.6301992078125 0.563410309375 0.65528868125 0.606373753125 0.6621438640624999 0.6025810296875
3 0.676165659375 0.469392146875 0.6453876015625 0.3860219265625 0.6140851578125 0.39631601562499996 0.6448632171875001 0.4796862375 0.676165659375 0.469392146875
3 0.6135610546875 0.4352732515625 0.6098079984375 0.42821461562499996 0.57793869375 0.44409346406249994 0.581691703125 0.45115380624999996 0.6135610546875 0.4352732515625
3 0.5499037796875 0.44778995000000005 0.54140815 0.4424204984375 0.5086128375000001 0.4968876984375 0.517108465625 0.5022571499999999 0.5499037796875 0.44778995000000005
0 0.14683599687499999 0 0.12041337031249999 0.9476742203124999 0.8160419375 0.999424846875 0.843033890625 0.0313313078125 0.4218804828125 0 0.14683599687499999 0