3 0.4827921875 0.477253125 0.38889687500000003 0.0500265625 0.3633046875 0.055651562499999994 0.4572 0.48287812499999994 0.4827921875 0.477253125
3 0.45477656250000004 0.45603125 0.4291953125 0.391765625 0.42259375 0.3943921875 0.44817656250000004 0.4586578125 0.45477656250000004 0.45603125
3 0.40001875 0.4241671875 0.3839171875 0.37203906249999996 0.37910468750000004 0.373525 0.39520625 0.425653125 0.40001875 0.4241671875
3 0.3798828125 0.324459375 0.3503671875 0.15541093749999998 0.3349328125 0.15810625 0.36445 0.3271546875 0.3798828125 0.324459375
3 0.33978437499999997 0.2697890625 0.323696875 0.23881875 0.3184234375 0.24155781250000002 0.3345109375 0.272528125 0.33978437499999997 0.2697890625
3 0.3687859375 0.4224234375 0.3285984375 0.3257234375 0.3178046875 0.3302078125 0.3579921875 0.426909375 0.3687859375 0.4224234375
3 0.4826046875 0.7280171875 0.4154046875 0.701359375 0.3377671875 0.8970734374999999 0.40496718749999994 0.92373125 0.4826046875 0.7280171875
3 0.466496875 0.8777312500000001 0.4655125 0.7830390625 0.4546125 0.7831515625 0.4555953125 0.8778453125000001 0.466496875 0.8777312500000001
3 0.5399328125 0.72943125 0.360590625 0.31936718750000004 0.2643484375 0.361459375 0.443690625 0.7715234375 0.5399328125 0.72943125
3 0.5107171875 0.68214375 0.4951609375 0.677403125 0.48167968749999995 0.7216375 0.4972359375 0.726378125 0.5107171875 0.68214375
3 0.5770859374999999 0.6012484375 0.49431562500000004 0.46847031250000004 0.43863906249999995 0.503178125 0.521409375 0.63595625 0.5770859374999999 0.6012484375
3 0.666665625 0.8574781249999999 0.6201609375 0.81126875 0.6133124999999999 0.8181609375000001 0.6598171875000001 0.8643703125 0.666665625 0.8574781249999999
3 0.63415 0.7857875 0.5668656249999999 0.7261671875 0.5591468749999999 0.7348796875 0.62643125 0.7944984374999999 0.63415 0.7857875
3 0.595134375 0.78905625 0.5642125 0.7447812500000001 0.5570234375 0.749803125 0.5879453125 0.794078125 0.595134375 0.78905625
3 0.6460640625 0.46365 0.6065734375 0.4284703125 0.5151984374999999 0.5310390625 0.5546890624999999 0.5662203124999999 0.6460640625 0.46365
3 0.6639328124999999 0.5298015625 0.5929249999999999 0.51993125 0.5912375 0.532071875 0.66224375 0.54194375 0.6639328124999999 0.5298015625
3 0.652384375 0.5593281250000001 0.6382453124999999 0.542309375 0.54693125 0.6181796875 0.561071875 0.6351984374999999 0.652384375 0.5593281250000001
3 0.6674375 0.6335375 0.6430625 0.575225 0.620078125 0.5848312499999999 0.644453125 0.64314375 0.6674375 0.6335375
3 0.5547984375 0.6244140625 0.5140625 0.6244140625 0.5140625 0.6927734375 0.5547984375 0.6927734375 0.5547984375 0.6244140625
3 0.5955625 0.63415625 0.5839171875 0.6175984375 0.5807296875 0.6198406249999999 0.592375 0.6363984375 0.5955625 0.63415625
3 0.36210156250000003 0.43080937500000005 0.3380640625 0.393275 0.331909375 0.39721562499999996 0.355946875 0.43475156249999997 0.36210156250000003 0.43080937500000005
3 0.38125 0.582421875 0.350946875 0.5083484375 0.32265625 0.519921875 0.352959375 0.5939953124999999 0.38125 0.582421875
3 0.41296406250000006 0.536253125 0.40935156250000004 0.530059375 0.3806921875 0.546778125 0.3843046875 0.5529703125000001 0.41296406250000006 0.536253125
3 0.47482187500000006 0.48320468749999995 0.46692656250000003 0.478884375 0.43844843750000007 0.5309359375 0.44634375000000004 0.53525625 0.47482187500000006 0.48320468749999995
0 0.8181921875 0.9310546875 0.8170765624999999 0.0443359375 0.18091875 0.0451359375 0.182034375 0.9318546874999999 0.8181921875 0.9310546875