3 0.490899296875 0.48962382499999996 0.4071115640625 0.0436207046875 0.3806211203125 0.047405403125 0.46440885468750004 0.493408521875 0.490899296875 0.48962382499999996
3 0.46271974374999997 0.46565227187499997 0.4383321609375 0.39767070625 0.431463709375 0.39985412343750004 0.4558529 0.4678358078125 0.46271974374999997 0.46565227187499997
3 0.407353775 0.42867198906250004 0.3923530140625 0.3738914203125 0.3873587859375 0.37504279375 0.402359546875 0.4298233625 0.407353775 0.42867198906250004
3 0.3896274859375 0.3247203546875 0.364329140625 0.1488365421875 0.3483739 0.150403271875 0.3736738515625 0.3262872078125 0.3896274859375 0.3247203546875
3 0.3500215125 0.26546214687499997 0.3344020265625 0.23240854687499998 0.3288962125 0.2348108234375 0.3445156984375 0.2678644234375 0.3500215125 0.26546214687499997
3 0.37528235625 0.42445120000000003 0.3368425984375 0.322027921875 0.32560679531250003 0.3257928359375 0.36404650625 0.4282177171875 0.37528235625 0.42445120000000003
3 0.4832018578125 0.7471060390625001 0.4148830296875 0.7145036625000001 0.3291741140625 0.9094314640625001 0.3974929390625 0.942033840625 0.4832018578125 0.7471060390625001
3 0.46215415625 0.8995864109375 0.4639755484375 0.8022752484375 0.45276130156249994 0.801542640625 0.4509382546875 0.8988552875 0.46215415625 0.8995864109375
3 0.5421227187500001 0.753018765625 0.369937459375 0.3179903234375 0.2696906578125 0.3537240390625 0.4418759171875 0.78875248125 0.5421227187500001 0.753018765625
3 0.5134890046875 0.7021883828125 0.4976309453125 0.6961100453125 0.4824414 0.7404830890625 0.4982994578125 0.746561425 0.5134890046875 0.7021883828125
3 0.58417160625 0.62428526875 0.5030142359374999 0.481501840625 0.444711025 0.5128093296875 0.5258683937499999 0.6555927578125 0.58417160625 0.62428526875
3 0.6686380359374999 0.8943646328125 0.6221898890625 0.8432960609375 0.614939865625 0.84984041875 0.6613880109375 0.9009089937500001 0.6686380359374999 0.8943646328125
3 0.637340509375 0.8182191546875 0.5699213671875001 0.7517627078125 0.56172173125 0.760108534375 0.629140921875 0.8265633765624999 0.637340509375 0.8182191546875
3 0.5971142953124999 0.8185398640624999 0.5666355109375 0.7706701 0.5590911203125 0.775267425 0.5895699046875 0.823137190625 0.5971142953124999 0.8185398640624999
3 0.659234953125 0.4883596484375 0.619670834375 0.4491626609375 0.5226201578125 0.547375384375 0.56218423125 0.5865739765625 0.659234953125 0.4883596484375
3 0.675633625 0.5576776734375 0.602895984375 0.542017240625 0.600797025 0.5543525218750001 0.6735330109375 0.5700144390624999 0.675633625 0.5576776734375
3 0.6628721765625001 0.587098409375 0.648839171875 0.5685225640625 0.5526501765625 0.6393247703125 0.5666847859375 0.657900734375 0.6628721765625001 0.587098409375
3 0.676133775 0.6644715078125001 0.6528086875 0.6026967625 0.628881290625 0.610772515625 0.6522063765625 0.6725472625 0.676133775 0.6644715078125001
3 0.5605551671875 0.6463386765625 0.5186573984375 0.6431690156250001 0.516611615625 0.7133637640625 0.55850938125 0.716533425 0.5605551671875 0.6463386765625
3 0.602190309375 0.6595142796875 0.5907083859375 0.6416057859375 0.5873628703125 0.64366015625 0.5988447953125 0.6615686484375 0.602190309375 0.6595142796875
3 0.36815637031250004 0.432542178125 0.344556584375 0.3921296890625 0.338108428125 0.39569721874999997 0.36170816562499997 0.4361113125 0.36815637031250004 0.432542178125
3 0.38331364843750004 0.5897152484375 0.35436303593749996 0.5112951328124999 0.3249191765625 0.5209780125 0.3538697875 0.599398125 0.38331364843750004 0.5897152484375
3 0.41731391562500003 0.5447745859374999 0.4137837421875 0.5381334515625 0.3838066328125 0.5530710984375 0.38733685156250003 0.5597106265625 0.41731391562500003 0.5447745859374999
3 0.48252354999999997 0.49511500937499997 0.47453234999999994 0.49006436875 0.4436842578125 0.541297578125 0.451675459375 0.5463482187500001 0.48252354999999997 0.49511500937499997
0 0.8222843718749999 0.981706921875 0.8476736734375001 0.07109393593749999 0.193348053125 0.022416003125 0.167958746875 0.9330289890625 0.8222843718749999 0.981706921875