3 0.36272222187500003 0.0565349203125 0.4581079359375 0.4905428578125 0.4841063484375 0.48482857187499995 0.388720634375 0.05082063437499999 0.36272222187500003 0.0565349203125
3 0.42295238125 0.40065238125 0.4489412703125 0.46593809531249997 0.45564603124999997 0.46326984062500004 0.42965872968749996 0.39798412656250004 0.42295238125 0.40065238125
3 0.378773015625 0.37945396875 0.39513015937499996 0.4324095234375 0.40001904687499995 0.4309 0.3836619046875 0.37794444375 0.378773015625 0.37945396875
3 0.3339 0.1606158734375 0.3638857140625 0.33234761874999996 0.3795634921875 0.3296095234375 0.349579365625 0.15787777812499998 0.3339 0.1606158734375
3 0.317128571875 0.24539206406249997 0.333471428125 0.27685396875 0.33882857187500004 0.27407142812499996 0.32248571406250004 0.2426095234375 0.317128571875 0.24539206406249997
3 0.3165 0.33544920624999996 0.357325396875 0.4336857140625 0.3682904765625 0.42912857187500003 0.3274650796875 0.3308936515625 0.3165 0.33544920624999996
3 0.336779365625 0.9113126984375001 0.40504603125000005 0.9383936515625001 0.48391587343750003 0.739573015625 0.41564920625 0.7124920640625 0.336779365625 0.9113126984375001
3 0.455479365625 0.7955825390625 0.456477778125 0.8917793656249999 0.46755238125 0.8916634921875 0.46655238125 0.7954682546875 0.455479365625 0.7955825390625
3 0.26219523749999996 0.367196825 0.44438412656250004 0.783769840625 0.54215396875 0.7410095234375 0.35996507968749997 0.3244365078125 0.26219523749999996 0.367196825
3 0.48297619062499997 0.7330920640625 0.498779365625 0.7379079359375 0.512474603125 0.692971428125 0.496671428125 0.68815555625 0.48297619062499997 0.7330920640625
3 0.43925238125000005 0.5111650796875 0.5233365078125 0.64605079375 0.579896825 0.6107920640625 0.49581269843750003 0.4759063484375 0.43925238125000005 0.5111650796875
3 0.6166984125 0.83114761875 0.6639412703125 0.8780904765624999 0.6708984124999999 0.8710888890625 0.62365555625 0.82414603125 0.6166984125 0.83114761875
3 0.561673015625 0.7465444437500001 0.630025396875 0.8071095234375001 0.6378666671875 0.7982603171875 0.5695142859375 0.7376936515625 0.561673015625 0.7465444437500001
3 0.5595158734375001 0.7617047625 0.5909285718749999 0.8066825390625001 0.5982317453125 0.801580953125 0.566819046875 0.756603175 0.5595158734375001 0.7617047625
3 0.5170269843749999 0.5394682546875 0.55714444375 0.5752079359375 0.6499698406250001 0.4710095234375 0.60985238125 0.43527142812499997 0.5170269843749999 0.5394682546875
3 0.594273015625 0.5405174609375 0.6664063484375 0.55054603125 0.668122221875 0.5382111109375 0.5959873015625 0.5281841265625 0.594273015625 0.5405174609375
3 0.5492634921875 0.6279920640625 0.563628571875 0.645280953125 0.6563904765624999 0.5682063484375 0.6420269843749999 0.5509174609375 0.5492634921875 0.6279920640625
3 0.623571428125 0.5941142859374999 0.6483333328125 0.6533523812500001 0.6716825390625 0.6435936515625 0.646920634375 0.58435555625 0.623571428125 0.5941142859374999
3 0.515873015625 0.7037698406249999 0.55725555625 0.7037698406249999 0.55725555625 0.634325396875 0.515873015625 0.634325396875 0.515873015625 0.7037698406249999
3 0.5835984125 0.629679365625 0.595428571875 0.6465 0.5986666671875 0.644222221875 0.5868365078125 0.6274015875 0.5835984125 0.629679365625
3 0.33082857187500003 0.40352063437499996 0.35524761875 0.44165238125000006 0.36150000000000004 0.43764761874999997 0.33708095312499997 0.39951746093749996 0.33082857187500003 0.40352063437499996
3 0.32142857187499996 0.528174603125 0.35221269843749997 0.603423809375 0.38095238125 0.5916666671875 0.3501682546875 0.5164174609375001 0.32142857187499996 0.528174603125
3 0.3803857140625 0.5554571421875 0.38405555625 0.56174761875 0.413169840625 0.5447650796875 0.4095 0.5384730156249999 0.3803857140625 0.5554571421875
3 0.43905872968750004 0.5393634921875 0.44707936562499995 0.54375238125 0.4760095234375 0.490874603125 0.46798888906249997 0.4864857140625 0.43905872968750004 0.5393634921875
0 0.1774412703125 0.045852381250000004 0.178574603125 0.94664603125 0.824830159375 0.9458333328125 0.8236968250000001 0.045039682812499995 0.1774412703125 0.045852381250000004