3 0.47790099062499997 0.523033003125 0.3787376234375 0.9742293734375 0.40576567656250007 0.9801699671874999 0.5049290421875 0.528973596875 0.47790099062499997 0.523033003125
3 0.4683712875 0.5486122109375 0.4413531359375 0.6164834984375 0.44832508281249994 0.619257425 0.475341584375 0.5513861390625 0.4683712875 0.5486122109375
3 0.4124290421875 0.583468646875 0.39542409218749996 0.6385214515625 0.40050660000000005 0.640090759375 0.4175115515625 0.585037953125 0.4124290421875 0.583468646875
3 0.3799471953125 0.6874933999999999 0.348773928125 0.866026403125 0.3650742578125 0.8688729374999999 0.396245875 0.6903399343750001 0.3799471953125 0.6874933999999999
3 0.3483283828125 0.7451848187500001 0.331338284375 0.7778927390625 0.336907590625 0.780785478125 0.35389768906249996 0.7480775578125 0.3483283828125 0.7451848187500001
3 0.3731270625 0.5821419140625 0.33068481875 0.6842689765625 0.3420841578125 0.68900495 0.384526403125 0.5868795375 0.3731270625 0.5821419140625
3 0.4227376234375 0.0574455453125 0.3517673265625 0.08559900937500001 0.43376072656250003 0.2922937296875 0.5047310234375 0.2641402640625 0.4227376234375 0.0574455453125
3 0.4762062703125 0.105905940625 0.4751683171875 0.20591254062500003 0.48667986875 0.20603135312499998 0.48771947187500003 0.106026403125 0.4762062703125 0.105905940625
3 0.4636336640625 0.21819306875 0.2742293734375 0.6512640265625 0.3758712875 0.695717821875 0.565275578125 0.26264686406250004 0.4636336640625 0.21819306875
3 0.52018316875 0.2658712875 0.503754125 0.2708778875 0.5179917484375001 0.317594059375 0.5344207921875 0.312587459375 0.52018316875 0.2658712875
3 0.545712871875 0.3613663359375 0.4582986796875 0.501594059375 0.5170990093750001 0.538249175 0.6045132015625 0.3980214515625 0.545712871875 0.3613663359375
3 0.6918861390625 0.1201369640625 0.6427722765625 0.16893894375000001 0.65000495 0.17621782187499999 0.6991188125 0.1274158421875 0.6918861390625 0.1201369640625
3 0.6566270624999999 0.1939290421875 0.5855676562500001 0.2568927390625 0.593719471875 0.26609405937499997 0.664778878125 0.2031287125 0.6566270624999999 0.1939290421875
3 0.6159818484375 0.1943729375 0.5833250828125001 0.2411320125 0.5909174921875 0.24643564375000002 0.6235742578125001 0.1996765671875 0.6159818484375 0.1943729375
3 0.5808597359375 0.4350148515625 0.539153465625 0.47216996718750004 0.635655115625 0.5804934 0.6773613859375 0.5433399343749999 0.5808597359375 0.4350148515625
3 0.6944488453125001 0.460653465625 0.6194587453125 0.4710792078125 0.6212409234375 0.483900990625 0.6962326734375 0.4734768984375 0.6944488453125001 0.460653465625
3 0.587600659375 0.3621666671875 0.5726666671875 0.3801402640625 0.6691039609375 0.46026732656249997 0.684036303125 0.4422937296875 0.587600659375 0.3621666671875
3 0.675660065625 0.353775578125 0.6499174921875001 0.41535973593750003 0.67419141875 0.42550495 0.69993399375 0.3639207921875 0.675660065625 0.353775578125
3 0.580975246875 0.3013613859375 0.5379537953125 0.3013613859375 0.5379537953125 0.37355610625 0.580975246875 0.37355610625 0.580975246875 0.3013613859375
3 0.620660065625 0.360899340625 0.6083613859375 0.37838613906249996 0.6117277234375 0.380754125 0.624026403125 0.3632673265625 0.620660065625 0.360899340625
3 0.370966996875 0.5738597359375001 0.34558085781250003 0.61350165 0.3520808578125 0.617663365625 0.377466996875 0.5780231015624999 0.370966996875 0.5738597359375001
3 0.36781188125000003 0.40568151874999997 0.33580858125 0.483910890625 0.36568646875 0.49613366406250003 0.39768976875 0.417904290625 0.36781188125000003 0.40568151874999997
3 0.4009158421875 0.44900825156249996 0.397100659375 0.45554785468750003 0.4273679875 0.4732046203125 0.43118316874999996 0.466663365625 0.4009158421875 0.44900825156249996
3 0.46643564375 0.467716171875 0.45809735937499996 0.472278878125 0.4881732671875 0.527250825 0.49651155156250004 0.52268811875 0.46643564375 0.467716171875
0 0.1872970296875 0.0488663359375 0.1861188125 0.9853349828125 0.857968646875 0.9861798687500001 0.8591468640625 0.049711221875 0.1872970296875 0.0488663359375