3 0.0227548703125 0.3699577921875 0.46662662343749994 0.4675113640625 0.4724707796875 0.440922078125 0.0285990265625 0.34336850625 0.0227548703125 0.3699577921875
3 0.3778084421875 0.41182629843749996 0.444577921875 0.43840422031250004 0.44730681875 0.43154707812500004 0.38053733749999996 0.4049675328125 0.3778084421875 0.41182629843749996
3 0.3573133109375 0.364784090625 0.411472403125 0.38151298749999996 0.413016234375 0.3765129875 0.3588571421875 0.359784090625 0.3573133109375 0.364784090625
3 0.1322451296875 0.3299269484375 0.30787987031249997 0.36059253281250003 0.3106801953125 0.3445584421875 0.1350454546875 0.313891234375 0.1322451296875 0.3299269484375
3 0.21890259687500002 0.30221753281249997 0.2510795453125 0.31893181875 0.253925325 0.313452921875 0.2217483765625 0.2967386359375 0.21890259687500002 0.30221753281249997
3 0.30919318125 0.30731006562499996 0.40966071406250004 0.3490633109375 0.41432142812499995 0.3378490265625 0.3138522734375 0.2960957796875 0.30919318125 0.30731006562499996
3 0.6994642859375 0.39749837656250003 0.7271607140625 0.46731655781250003 0.9305 0.38665422031249996 0.902803571875 0.3168360390625 0.6994642859375 0.39749837656250003
3 0.7843262984375 0.44955844218749996 0.8827077921875001 0.45058116875 0.8828262984374999 0.4392548703125 0.78444318125 0.438233765625 0.7843262984375 0.44955844218749996
3 0.3025892859375 0.3405487015625 0.7286298703125 0.526878246875 0.7723620125 0.42688636406249997 0.346321428125 0.24055681875 0.3025892859375 0.3405487015625
3 0.674574675 0.4803620125 0.6795 0.49652434999999995 0.7254577921875 0.48251785781249995 0.7205324671875 0.46635551875000003 0.674574675 0.4803620125
3 0.4575016234375 0.47948376562500006 0.595452921875 0.565478896875 0.6315129875000001 0.5076331171875 0.4935616890625 0.42163798750000003 0.4575016234375 0.47948376562500006
3 0.81365584375 0.6102321421875 0.861665584375 0.6585487015625 0.8688262984374999 0.6514334421875 0.8208165578125 0.6031168828125 0.81365584375 0.6102321421875
3 0.7252386359375 0.5548603890625 0.7871818187499999 0.624766234375 0.7962321421875 0.6167467531249999 0.7342905843749999 0.546840909375 0.7252386359375 0.5548603890625
3 0.744577921875 0.552103896875 0.790577921875 0.58423051875 0.7957954546875 0.5767613640625 0.7497954546875001 0.5446347406250001 0.744577921875 0.552103896875
3 0.41594318125 0.596115259375 0.45249350625 0.63714448125 0.559060065625 0.542209415625 0.5225081171875 0.5011801953125 0.41594318125 0.596115259375
3 0.5109675328125001 0.581935065625 0.521222403125 0.655709415625 0.5338376625000001 0.6539545453125 0.52358116875 0.5801818187500001 0.5109675328125001 0.581935065625
3 0.5342175328125001 0.629021103125 0.55189935 0.6437110390624999 0.63072565 0.548840909375 0.61304383125 0.5341493500000001 0.5342175328125001 0.629021103125
3 0.5684155843750001 0.6340259734375 0.629 0.65935065 0.6389805187500001 0.6354707796875 0.578396103125 0.6101461031250001 0.5684155843750001 0.6340259734375
3 0.6195211031250001 0.5 0.6195211031250001 0.5423230515624999 0.6905438312500001 0.5423230515624999 0.6905438312500001 0.5 0.6195211031250001 0.5
3 0.612439934375 0.5725762984375 0.6296428578125 0.584675325 0.631972403125 0.5813636359375 0.61476948125 0.5692646109374999 0.612439934375 0.5725762984375
3 0.3793766234375 0.31714448125 0.4183733765625 0.34211850625 0.42246915625000003 0.3357240265625 0.3834707796875 0.31074999999999997 0.3793766234375 0.31714448125
3 0.4989334421875 0.3305292203125 0.5758928578125 0.3620129875 0.5879172078125 0.3326201296875 0.5109577921875 0.3011363640625 0.4989334421875 0.3305292203125
3 0.5214902593749999 0.391209415625 0.527925325 0.3949626625 0.54529383125 0.3651866890625 0.5388603890625 0.3614334421875 0.5214902593749999 0.391209415625
3 0.468321428125 0.45102759687500005 0.47281006562499994 0.45923051875 0.5268896109375001 0.4296428578125 0.5224009734374999 0.42143993437500005 0.468321428125 0.45102759687500005
0 0.016842532812499998 0.8148198046875 0.9381087656249999 0.815978896875 0.938939934375 0.1550357140625 0.017673701562499998 0.1538766234375 0.016842532812499998 0.8148198046875