3 0.6468757375 0 0.5328416671875 0.4245105515625 0.5598536843749999 0.43162468125000003 0.6757987859375 0 0.6468757375 0
3 0.5706792171874999 0.4061754046875 0.6011525765625 0.3387201875 0.59424315625 0.3356308109375 0.5637714640625 0.4030860984375 0.5706792171874999 0.4061754046875
3 0.6288058171875 0.3732643140625 0.648565565625 0.31834686093750003 0.6435073375 0.3165522375 0.6237475921875 0.371469690625 0.6288058171875 0.3732643140625
3 0.666496390625 0.26950973125 0.7063697203125 0.09042883125 0.690044440625 0.08688210156250001 0.6501727765624999 0.26596306875 0.666496390625 0.26950973125
3 0.70113648125 0.212528178125 0.7198303609375001 0.18018418125 0.714342834375 0.1770325109375 0.6956489546875 0.20937650937500002 0.70113648125 0.212528178125
3 0.668428340625 0.3762225125 0.7160871109375 0.2747951015625 0.70479943125 0.269541303125 0.6571407390624999 0.3709670453125 0.668428340625 0.3762225125
3 0.5936581609375 0.904258265625 0.6666440015624999 0.8787375203125001 0.5935724625 0.6665475765625 0.5205866218749999 0.6920683234375 0.5936581609375 0.904258265625
3 0.5419476140625 0.85309980625 0.547698946875 0.7521102046875 0.5360808203125 0.7515163046875 0.5303278984375 0.85250416875 0.5419476140625 0.85309980625
3 0.5599235375 0.74017854375 0.7715404203125 0.3104625484375 0.6709988015625 0.2613687390625 0.45938191875 0.6910847328124999 0.5599235375 0.74017854375
3 0.5050653265625 0.6896834609375 0.5218899046875001 0.6853018078125 0.509710596875 0.6375204 0.49288602187499997 0.6419020515625 0.5050653265625 0.6896834609375
3 0.48377796718750005 0.5921580343749999 0.5786387234375 0.4540904421875 0.5209893484375 0.4146388640625 0.426128590625 0.5527064578124999 0.48377796718750005 0.5921580343749999
3 0.3248355515625 0.8298444015625 0.3767230890625 0.7825636406250001 0.3697622671875 0.7749123765625 0.3178747296875 0.8221931359375001 0.3248355515625 0.8298444015625
3 0.3639085828125 0.7567469 0.438621509375 0.6960625578124999 0.4308230015625 0.6864312953125 0.3561099953125 0.7471173062500001 0.3639085828125 0.7567469
3 0.40497069999999996 0.75797160625 0.44014471562499996 0.71207725 0.43272775625 0.7064066828125 0.397553740625 0.7523010375 0.40497069999999996 0.75797160625
3 0.45175230624999996 0.5163073234375 0.4956123296875 0.48048795312500003 0.40326482031250005 0.3670810203125 0.35940487499999996 0.4028987234375 0.45175230624999996 0.5163073234375
3 0.3382622171875 0.485729871875 0.41447329843749997 0.4782841484375 0.41327675781249995 0.4652574953125 0.3370640875 0.4727014828125 0.3382622171875 0.485729871875
3 0.44151968437500005 0.589625190625 0.45744447812500005 0.5720820015625 0.3638358875 0.48716328750000004 0.3479127609375 0.5047065453124999 0.44151968437500005 0.589625190625
3 0.35220764375 0.594477396875 0.38109731406249997 0.5333212828125 0.3570640015625 0.5220727828125 0.32817432812499997 0.583228896875 0.35220764375 0.594477396875
3 0.44535000625 0.6513268609375 0.4887906375 0.6530978296875001 0.4921859234375 0.5801626390625 0.44874529062499996 0.5783916687499999 0.44535000625 0.6513268609375
3 0.40807856249999996 0.58954463125 0.42131947031249994 0.5723847531249999 0.41803169999999995 0.5698539031250001 0.404790790625 0.5870137843750001 0.40807856249999996 0.58954463125
3 0.6702199453125 0.3846785546875 0.697717775 0.3456750671875 0.6913501656250001 0.3412030953125 0.6638524140625 0.3802049171875 0.6702199453125 0.3846785546875
3 0.66549645625 0.5547115875 0.701490671875 0.4769972578125 0.6718965015625 0.46341920625000005 0.635902284375 0.541133534375 0.66549645625 0.5547115875
3 0.6341075843749999 0.5095777515625 0.63826749375 0.5031281265625 0.6085356484375 0.48404431406250004 0.6043756609375001 0.49049560937500003 0.6341075843749999 0.5095777515625
3 0.5688292171875 0.48798084375000006 0.5774633265625 0.4837145828125 0.54967968125 0.4269407421875 0.5410455703125 0.43120700312500004 0.5688292171875 0.48798084375000006
0 0.19538213437500002 0 0.1526330328125 0.894107215625 0.8309892890624999 0.9226173328125 0.8751015234375 0 0.19538213437500002 0