3 0.9509526140625001 0.63252614375 0.5041797390625 0.5343349671875 0.4982973859375 0.5610980390625 0.9450702609375 0.659289215625 0.9509526140625001 0.63252614375
3 0.59357843125 0.5903839875 0.5263725484374999 0.563632353125 0.5236258171875 0.5705343140625 0.5908317000000001 0.59728758125 0.59357843125 0.5903839875
3 0.614207515625 0.637733659375 0.55969444375 0.620895425 0.5581405234375 0.6259281046875 0.6126535953125 0.6427663406249999 0.614207515625 0.637733659375
3 0.84074673125 0.672818628125 0.6639640515624999 0.6419526140625 0.6611454250000001 0.658091503125 0.8379281046875 0.68895915 0.84074673125 0.672818628125
3 0.7535228765624999 0.70070915 0.7211356203125 0.6838856203125 0.7182712421875 0.6894003265624999 0.7506584968750001 0.7062238562500001 0.7535228765624999 0.70070915
3 0.66264215625 0.6955833328125001 0.5615179734375 0.6535571890625 0.556826796875 0.664844771875 0.6579526140625 0.7068709156249999 0.66264215625 0.6955833328125001
3 0.2698202609375 0.60480555625 0.2419428109375 0.5345310453125001 0.037274509375 0.6157205875 0.0651519609375 0.6859950984375 0.2698202609375 0.60480555625
3 0.1844035953125 0.552405228125 0.085379084375 0.5513758171875 0.0852598046875 0.5627761437500001 0.18428594843749999 0.5638039218750001 0.1844035953125 0.552405228125
3 0.669289215625 0.6621274515625 0.2404640515625 0.474580065625 0.19644607812499998 0.5752254906250001 0.6252712421875 0.7627728765625 0.669289215625 0.6621274515625
3 0.2948725484375 0.5214003265625 0.28991503281250003 0.505132353125 0.24365686250000002 0.5192303921875 0.2486143796875 0.535498365625 0.2948725484375 0.5214003265625
3 0.5133643796875 0.5222843140625 0.3745114375 0.43572712343750003 0.3382156859375 0.4939509796875 0.47706862812499995 0.5805081703125 0.5133643796875 0.5222843140625
3 0.154882353125 0.390681371875 0.1065588234375 0.3420490203125 0.0993513078125 0.34921078437499997 0.1476748359375 0.3978431375 0.154882353125 0.390681371875
3 0.24387745156250001 0.4464150328125 0.18152941250000001 0.37605228749999997 0.172419934375 0.3841241828125 0.23476634062500001 0.45448692812499997 0.24387745156250001 0.4464150328125
3 0.2244117640625 0.4491895421875 0.1781111109375 0.416852940625 0.1728594765625 0.42437091562499996 0.21916013125 0.45670751562499995 0.2244117640625 0.4491895421875
3 0.55519444375 0.4048905234375 0.518405228125 0.3635931375 0.41114215625000006 0.4591486921875 0.44793300625 0.500446078125 0.55519444375 0.4048905234375
3 0.4595490203125 0.41916339843749995 0.4492271234375 0.3449068625 0.4365294125 0.346673203125 0.44685294062500003 0.42092810468749997 0.4595490203125 0.41916339843749995
3 0.436147059375 0.3717696078125 0.41834967343749996 0.356983659375 0.33900817031249997 0.45247385625 0.35680555625 0.46726143750000004 0.436147059375 0.3717696078125
3 0.40172549062499996 0.3667320265625 0.3407450984375 0.3412418296875 0.330699346875 0.365277778125 0.39167973906250003 0.39076797343749997 0.40172549062499996 0.3667320265625
3 0.3502859484375 0.5016339875 0.3502859484375 0.45903431406250006 0.27879902031250003 0.45903431406250006 0.27879902031250003 0.5016339875 0.3502859484375 0.5016339875
3 0.3574133984375 0.42858333281250005 0.3400980390625 0.416405228125 0.33775326875 0.41973856249999997 0.355068628125 0.4319166671875 0.3574133984375 0.42858333281250005
3 0.592 0.685684640625 0.5527483656250001 0.6605473859375001 0.5486258171875 0.666983659375 0.587879084375 0.692120915625 0.592 0.685684640625
3 0.47166176406250004 0.67221241875 0.39419934687499997 0.6405228765625 0.3820964046875 0.67010784375 0.4595588234375 0.7017973859375 0.47166176406250004 0.67221241875
3 0.44895751562499997 0.6111356203125 0.4424803921875 0.60735784375 0.42499836562500004 0.63732843125 0.43147385624999995 0.641106209375 0.44895751562499997 0.6111356203125
3 0.50247385625 0.5509264703125 0.4979558828125 0.542669934375 0.4435228765625 0.5724509796875 0.44804085000000005 0.580707515625 0.50247385625 0.5509264703125
0 0.9569035953125 0.18475653593750002 0.0296160125 0.18358986875 0.0287794125 0.848852940625 0.95606699375 0.8500196078125001 0.9569035953125 0.18475653593750002