3 0 0.6824983703124999 0.43530126406249997 0.565565646875 0.4280742109375 0.53812486875 0 0.653116225 0 0.6824983703124999
3 0.3409220953125 0.6075200781250001 0.4094480296875 0.5765630140625 0.4063096875 0.5695456140624999 0.33778368125 0.600500984375 0.3409220953125 0.6075200781250001
3 0.3202253828125 0.6556856546875001 0.376014540625 0.635612259375 0.37419143125 0.63047374375 0.3184022734375 0.6505471359375 0.3202253828125 0.6556856546875001
3 0.08868960625 0.7144073343749999 0.27061306093750004 0.6739010953125 0.2670101015625 0.6573183765625 0.0850865796875 0.6978229234375 0.08868960625 0.7144073343749999
3 0.17986964375 0.7280816359375 0.21272703750000002 0.709091028125 0.2095253421875 0.7035163984375 0.176667946875 0.7225070062500001 0.17986964375 0.7280816359375
3 0.27598232500000003 0.7242789703125 0.3790196953125 0.6758637109375 0.3736808078125 0.664396940625 0.2706451328125 0.7128121203125 0.27598232500000003 0.7242789703125
3 0.8895111312499999 0.6740510484375 0.9154369687499999 0.599906703125 0.69987893125 0.5256752984374999 0.67395309375 0.59981964375 0.8895111312499999 0.6740510484375
3 0.760873859375 0.553217978125 0.8634664703125001 0.5473753546875 0.862861378125 0.5355711984375 0.76027053125 0.5414154359375 0.760873859375 0.553217978125
3 0.31221592187499997 0.780612490625 0.74875280625 0.565636609375 0.698879728125 0.46349909218749996 0.26234284531249996 0.6784749734375 0.31221592187499997 0.780612490625
3 0.6930050109375 0.52699926875 0.6974562140625 0.5099076328125001 0.6489163703124999 0.49753500624999997 0.64446516875 0.5146266374999999 0.6930050109375 0.52699926875
3 0.4581236234375 0.5846488625 0.598382765625 0.4882823796875 0.5583049734375 0.4297179328125 0.4180458296875 0.5260844171875 0.4581236234375 0.5846488625
3 0.7918106828125 0.37952821718749996 0.83984193125 0.32681706875 0.8320692171875 0.3197457578125 0.7840379703125 0.37245690625 0.7918106828125 0.37952821718749996
3 0.7039365671875 0.442409153125 0.765584153125 0.36651030625000003 0.7558017078125 0.35858793125 0.6941524265625 0.43448685937500003 0.7039365671875 0.442409153125
3 0.7202054609374999 0.4439565359375 0.7668282984375 0.40822420312499996 0.7610677203125 0.4006895140625 0.714444884375 0.43642184687499996 0.7202054609374999 0.4439565359375
3 0.48494014218750003 0.5003045890625 0.521328075 0.45574837500000004 0.4061193375 0.3619351109375 0.36973310000000004 0.4064912453125 0.48494014218750003 0.5003045890625
3 0.4827013578125 0.4178776359375 0.49026526718749996 0.34045685625 0.477030078125 0.3392397078125 0.46946793124999997 0.416662103125 0.4827013578125 0.4178776359375
3 0.5779880656249999 0.4615308984375 0.5958097171875 0.4453533296875 0.5095431578125 0.3502605828125 0.49172143437500004 0.3664364578125 0.5779880656249999 0.4615308984375
3 0.538612096875 0.38397187499999996 0.6007389421875 0.3546236375 0.5893118953125 0.330208840625 0.5271850484375 0.35955708125 0.538612096875 0.38397187499999996
3 0.660289859375 0.49337461562499996 0.6584907796875 0.44924445156250004 0.5843978859375001 0.452693628125 0.5861969671875 0.4968237953125 0.660289859375 0.49337461562499996
3 0.5782956218749999 0.424832478125 0.5957278796875001 0.41138139687499997 0.5931568609375 0.4080414375 0.5757246 0.42149252031250006 0.5782956218749999 0.424832478125
3 0.3479873703125 0.7056180578125 0.3876099609375 0.6776837546875 0.3830653125 0.6712151515625 0.34344441406250004 0.699149375 0.3479873703125 0.7056180578125
3 0.48139403906249995 0.709450840625 0.5603419296875 0.6728852890625 0.546548353125 0.6428213687500001 0.4676004640625 0.679386921875 0.48139403906249995 0.709450840625
3 0.5079396843749999 0.6452241203125 0.514491684375 0.64099818125 0.49510665156250006 0.610794321875 0.48855295468750004 0.615020340625 0.5079396843749999 0.6452241203125
3 0.4882179890625 0.5834548078124999 0.49255196874999996 0.5746836484375 0.43487695625 0.5464589921874999 0.4305429765625 0.555230153125 0.4882179890625 0.5834548078124999
0 0 0.8856656359375 0.9340874484375 0.8410049921875 0.905124790625 0.1518811765625 0 0.19515705156250002 0 0.8856656359375