3 0.552964034375 0.47806997500000004 0.583729753125 0.9475708296875001 0.612009365625 0.944086265625 0.581243646875 0.4745854109375 0.552964034375 0.47806997500000004
3 0.5794594609375 0.5037392656249999 0.596337134375 0.5755157703125 0.6038235125 0.5733509875 0.5869441671875 0.5015743265625 0.5794594609375 0.5037392656249999
3 0.6328129640625 0.5435570265624999 0.6415331375 0.6013102046875 0.6469207765625 0.6001938578125 0.6382006062500001 0.54244068125 0.6328129640625 0.5435570265624999
3 0.6380924703125 0.6529522671875 0.6421000296875 0.8379603343750001 0.6590415609375 0.836609471875 0.6550323312499999 0.651601246875 0.6380924703125 0.6529522671875
3 0.6720555390625 0.7158553953125 0.684208815625 0.7508232328125 0.690293509375 0.7484037875 0.678140234375 0.71343595 0.6720555390625 0.7158553953125
3 0.665922571875 0.5485745953125 0.693131184375 0.656746615625 0.705402575 0.65300266875 0.6781942187500001 0.5448289671875 0.665922571875 0.5485745953125
3 0.5940321328125 0.20805193437499997 0.6615371671875 0.243514109375 0.7764423453125 0.040562975 0.7089373109375 0.0051007984375 0.5940321328125 0.20805193437499997
3 0.6356536953124999 0.048450684375000004 0.621273965625 0.1505195328125 0.6329464625 0.15149415156249998 0.6473281203125001 0.049423778125 0.6356536953124999 0.048450684375000004
3 0.5329679671875 0.20076605937499997 0.6578895859375 0.66037524375 0.7676505687499999 0.62472311875 0.6427289515625 0.165113934375 0.5329679671875 0.20076605937499997
3 0.55649844375 0.25462492187499997 0.572358428125 0.261293746875 0.5939814203125 0.2150149296875 0.5781214343750001 0.20834610625 0.55649844375 0.25462492187499997
3 0.47235397968750004 0.3350655828125 0.5392119421875 0.4863693640625 0.60439714375 0.45459113437500004 0.5375391828125 0.3032873546875 0.47235397968750004 0.3350655828125
3 0.41833470625 0.0501376546875 0.4605261703125 0.10457358125 0.46897168125000005 0.09784015 0.4267802203125 0.0434042234375 0.41833470625 0.0501376546875
3 0.4414164734375 0.1306069234375 0.5036397390625 0.2015734609375 0.5133124421875 0.1929673078125 0.45108891875 0.1220024515625 0.4414164734375 0.1306069234375
3 0.4836642765625 0.13100914531250002 0.5095100109375 0.1817955046875 0.5180149078125 0.177110375 0.492169171875 0.126324015625 0.4836642765625 0.13100914531250002
3 0.3761785546875 0.47630505 0.4126681921875 0.518158471875 0.5270812421875 0.41689247968750004 0.4905918625 0.3750373765625 0.3761785546875 0.47630505
3 0.367854359375 0.4032729921875 0.4421665640625 0.4210402359375 0.44594940781250003 0.4081361671875 0.371639128125 0.3903673984375 0.367854359375 0.4032729921875
3 0.38501383906250003 0.372638075 0.39735758906249996 0.3923862078125 0.5073543765624999 0.3198644734375 0.4950089578125 0.30011618281249997 0.38501383906250003 0.372638075
3 0.38101328125 0.291211959375 0.39757144218749996 0.35645653906249997 0.42371164375000003 0.3484225796875 0.40715348437500004 0.28317800000000004 0.38101328125 0.291211959375
3 0.49995889531250004 0.3123600671875 0.5435133234375 0.3164552046875 0.5546540156249999 0.24284197343749997 0.5110995859374999 0.2387468359375 0.49995889531250004 0.3123600671875
3 0.457962103125 0.29777116718749996 0.467714678125 0.3167722421875 0.4714881359375 0.314678165625 0.46173555781250003 0.29567708593750003 0.457962103125 0.29777116718749996
3 0.674436109375 0.5402161171875 0.69401968125 0.5830517109375 0.7012424187499999 0.5794269484375 0.6816591046875 0.5365896703125 0.674436109375 0.5402161171875
3 0.6786714609375 0.37502625156249997 0.6989993109375 0.45783904687500004 0.731133496875 0.44822014218749995 0.7108056453125 0.3654073453125 0.6786714609375 0.37502625156249997
3 0.6372388921875001 0.4215551875 0.640091928125 0.428588128125 0.6734589203125 0.41346552968749994 0.6706056296875 0.406434271875 0.6372388921875001 0.4215551875
3 0.562455746875 0.47246224375 0.5701932390625 0.47790830624999997 0.6091247156249999 0.42471912031250003 0.601387221875 0.4192730578125 0.562455746875 0.47246224375
0 0.2616628140625 0 0.12499719218750001 0.9106543984375 0.80530070625 0.9737451359374999 0.9482683125 0.021098228125 0.7238750390625001 0 0.2616628140625 0