3 0 0.705629965625 0.40373299375 0.5971772640624999 0.3961445890625 0.5683644453125 0 0.6747787140625 0 0.705629965625
3 0.3046348671875 0.641229415625 0.3765870984375 0.6087244984375 0.3732918390625 0.601356228125 0.30133953125 0.6338593671874999 0.3046348671875 0.641229415625
3 0.28290331874999997 0.6918032703125 0.341481934375 0.6707262046875 0.3395676703125 0.665330765625 0.280989053125 0.6864078265625 0.28290331874999997 0.6918032703125
3 0.039790753125 0.753461034375 0.23081037968749998 0.7109294828125 0.2270272734375 0.6935176281250001 0.036007575 0.7360474031249999 0.039790753125 0.753461034375
3 0.13552979375000002 0.7678190515625001 0.17003005625 0.7478789140625001 0.1666682765625 0.7420255515624999 0.1321680109375 0.7619656906250001 0.13552979375000002 0.7678190515625001
3 0.23644810781249997 0.7638262515625 0.34463734687500003 0.7129902296874999 0.339031515625 0.7009501218749999 0.23084405624999998 0.751786059375 0.23644810781249997 0.7638262515625
3 0.8806533546875001 0.711086934375 0.9078754828125 0.633235371875 0.6815395453125 0.555292396875 0.654317415625 0.633143959375 0.8806533546875001 0.711086934375
3 0.74558421875 0.584212209375 0.8533064593749999 0.5780774546874999 0.8526711140625001 0.5656830921875 0.744950725 0.5718195421875001 0.74558421875 0.584212209375
3 0.27449338437500004 0.8229764484375 0.7328571140625 0.5972517734375 0.68049038125 0.49000737968749997 0.22212665468749998 0.7157320546875 0.27449338437500004 0.8229764484375
3 0.674321928125 0.556682565625 0.6789956921875 0.5387363484375001 0.6280288546875 0.525745090625 0.6233550937500001 0.5436913031249999 0.674321928125 0.556682565625
3 0.42769647187500004 0.6172146390625 0.5749685703125 0.51602983125 0.5328868890625 0.45453716406250005 0.3856147890625 0.5557219718749999 0.42769647187500004 0.6172146390625
3 0.7780678828125 0.40183796093749996 0.8285006953125 0.34649125468749997 0.8203393453125001 0.33906637812499996 0.769906534375 0.394413084375 0.7780678828125 0.40183796093749996
3 0.6858000609375 0.46786294375 0.7505300265625 0.3881691546875 0.740258459375 0.3798506609375 0.675526715625 0.459544534375 0.6858000609375 0.46786294375
3 0.7028824 0.469487696875 0.7518363796875 0.431968746875 0.7457877734375 0.42405732343749997 0.6968337953125 0.4615762734375 0.7028824 0.469487696875
3 0.4558538171875 0.5286531515624999 0.4940611453125 0.48186912656249997 0.373091971875 0.38336519999999996 0.334886421875 0.4301491421875 0.4558538171875 0.5286531515624999
3 0.4535030921875 0.4421048515625 0.461445196875 0.36081303125 0.4475482484375 0.3595350265625 0.43960799531249994 0.4408285421875 0.4535030921875 0.4421048515625
3 0.553554134375 0.4879407765625 0.5722668703125 0.4709543296875 0.48168698125000003 0.3711069453125 0.4629741734375 0.38809161406250003 0.553554134375 0.4879407765625
3 0.51220936875 0.40650380156250004 0.5774425562500001 0.375688153125 0.56544415625 0.35005261718749997 0.50021096875 0.38086826875 0.51220936875 0.40650380156250004
3 0.6399710187500001 0.5213766796875 0.6380819843750001 0.47504000625 0.560284446875 0.47866164375000003 0.56217348125 0.52499831875 0.6399710187500001 0.5213766796875
3 0.5538770703125 0.449407434375 0.572180940625 0.4352838 0.5694813703125 0.43177684375 0.5511774968750001 0.4459004796875 0.5538770703125 0.449407434375
3 0.3120534046875 0.74423229375 0.353657125 0.714901275 0.3488852453125 0.7081092421874999 0.3072833015625 0.7374401765624999 0.3120534046875 0.74423229375
3 0.45213040781249997 0.7482567171875 0.53502569375 0.7098628859375 0.5205424359374999 0.6782957703125 0.437647153125 0.7166896015625001 0.45213040781249997 0.7482567171875
3 0.480003334375 0.6808186593750001 0.48688293437499996 0.6763814234375001 0.46652865 0.644667371875 0.45964726875000006 0.6491046921875 0.480003334375 0.6808186593750001
3 0.45929555468750005 0.61596088125 0.4638462328125 0.606751165625 0.40328747031249995 0.5771152749999999 0.3987367921875 0.58632499375 0.45929555468750005 0.61596088125
0 0 0.9307322750000001 0.9274584890625001 0.886388575 0.8970476968750001 0.16280856875 0 0.205698259375 0 0.9307322750000001