3 0.0477693546875 0.6378790328124999 0.48877741874999997 0.5409548390625 0.48297096718750004 0.514537096875 0.041962903125 0.611461290625 0.0477693546875 0.6378790328124999
3 0.397437096875 0.57667741875 0.46377580625 0.5502693546875 0.46106451562500006 0.5434564515625 0.39472580625 0.569862903125 0.397437096875 0.57667741875
3 0.3758967734375 0.6215693546875001 0.42970645156250004 0.6049483875 0.42817258125 0.5999806453125001 0.374362903125 0.6166016125 0.3758967734375 0.6215693546875001
3 0.15352903281250002 0.6671661296875 0.32803064531250004 0.6366967734375 0.32524838749999996 0.6207661296875 0.1507467734375 0.6512338703125 0.15352903281250002 0.6671661296875
3 0.23967258125000002 0.6842080640625 0.2716419359375 0.6676016125 0.26881451562500003 0.6621580640625 0.23684516093750002 0.678764515625 0.23967258125000002 0.6842080640625
3 0.3311822578125 0.6848467734375 0.4310032265625 0.643362903125 0.42637258125 0.6322209671875 0.3265532265625 0.6737048390625 0.3311822578125 0.6848467734375
3 0.9163338703124999 0.664240321875 0.9438516124999999 0.59487258125 0.7418241937500001 0.5147306453125 0.7143064515625 0.5840983875 0.9163338703124999 0.664240321875
3 0.7987370968749999 0.54362580625 0.8964854843750001 0.542611290625 0.8963677421874999 0.5313580640625 0.7986209671875 0.5323741937500001 0.7987370968749999 0.54362580625
3 0.36344193593749996 0.74002741875 0.7867338703125 0.5549000000000001 0.7432838703125 0.45555322656249997 0.31999193593749997 0.6406806453125 0.36344193593749996 0.74002741875
3 0.735238709375 0.515685484375 0.7401322578125 0.49962741875 0.6944709671875 0.485711290625 0.68957741875 0.5017693546875 0.735238709375 0.515685484375
3 0.5097322578125 0.560114515625 0.6467935484375 0.47467419375000003 0.6109661296875 0.4172016125 0.4739048390625 0.5026419359375 0.5097322578125 0.560114515625
3 0.83487580625 0.37980645156250004 0.88257580625 0.3318016125 0.8754612906249999 0.3247322578125 0.827761290625 0.372737096875 0.83487580625 0.37980645156250004
3 0.7489080640625 0.4357193546875 0.81045 0.366264515625 0.8014580640625001 0.3582967734375 0.739914515625 0.4277516125 0.7489080640625 0.4357193546875
3 0.764312903125 0.43791129062499995 0.8100161296874999 0.4059919359375 0.8048322578124999 0.3985709671875 0.7591290328125 0.43049032187499997 0.764312903125 0.43791129062499995
3 0.5384919359375 0.481085484375 0.5748080640625 0.44032096718749997 0.4689290328125 0.3459983875 0.432614515625 0.386762903125 0.5384919359375 0.481085484375
3 0.5395580640625 0.4025935484375 0.5497483875 0.32929677343749997 0.537214515625 0.32755322656249997 0.52702580625 0.4008516125 0.5395580640625 0.4025935484375
3 0.6284435484374999 0.44832903281250003 0.646011290625 0.43373225781249997 0.5676935484375 0.33947419375 0.55012580625 0.3540693546875 0.6284435484374999 0.44832903281250003
3 0.5940193546875 0.37282258125 0.654212903125 0.347661290625 0.6442967734375 0.323935484375 0.5841032265625 0.3490967734375 0.5940193546875 0.37282258125
3 0.7054435484375 0.48225806406249994 0.7054435484375 0.4402080640625 0.6348790328125 0.4402080640625 0.6348790328125 0.48225806406249994 0.7054435484375 0.48225806406249994
3 0.6301580640625 0.413440321875 0.64725 0.4014193546875 0.644935484375 0.3981290328125 0.6278435484375 0.41014999999999996 0.6301580640625 0.413440321875
3 0.4003516125 0.670287096875 0.43909838749999996 0.6454741937499999 0.43502903281250005 0.6391209671875 0.3962838703125 0.6639338703125001 0.4003516125 0.670287096875
3 0.5270161296875 0.679838709375 0.6034790328125 0.6485580640624999 0.5915322578125 0.6193548390625 0.5150693546875 0.650635484375 0.5270161296875 0.679838709375
3 0.554738709375 0.6199306453125 0.5611306453125 0.6162016125 0.54387419375 0.5866177421875001 0.5374806453125001 0.5903467734375 0.554738709375 0.6199306453125
3 0.538385484375 0.560311290625 0.5428451609375 0.552161290625 0.489114515625 0.522764515625 0.4846548390625 0.5309145156249999 0.538385484375 0.560311290625
0 0.036914515625 0.8261483875 0.952237096875 0.8249967734375 0.9514112906250001 0.1683177421875 0.036088709375 0.1694693546875 0.036914515625 0.8261483875