3 1 0.700174146875 0.8236825937500001 0.6677167234375 0.8089675765625 0.747653584375 1 0.782819825 1 0.700174146875
3 0.78859385625 0.7256979515624999 0.7827337890625 0.6808754265625 0.5909744031249999 0.70595221875 0.5968344703125 0.7507730375 0.78859385625 0.7256979515624999
3 0.523890784375 0.852754265625 0.5027133109374999 0.816073378125 0.493064846875 0.8216433453124999 0.5142423203125001 0.8583259390625001 0.523890784375 0.852754265625
3 0.3978105796875 0.824933446875 0.3788054609375 0.8131945390625 0.3579470984375 0.8469641640625 0.37695392499999997 0.8587030718750001 0.3978105796875 0.824933446875
3 1 0.6241378953125001 0.8252798640625001 0.580153584375 0.8128805453125001 0.6294112625 1 0.676517403125 1 0.6241378953125001
3 0.8511296921874999 0.659730375 0.551638225 0.55781740625 0.5360614328125 0.60359044375 0.8355529015625001 0.70550511875 0.8511296921874999 0.659730375
3 0.31751194531250004 0.6668703078125 0.232836178125 0.6292883953125 0.22681740625 0.6428498296875 0.3114931734375 0.680431740625 0.31751194531250004 0.6668703078125
3 1 0.44876755937499996 0.7430989765625 0.4951245734375 0.7495511953125 0.5308805453125001 1 0.48568781562499996 1 0.44876755937499996
3 0.5538242328125 0.5750290109375 0.5498737203124999 0.4113549484375 0.12067747499999999 0.42171842968749995 0.1246296921875 0.585390784375 0.5538242328125 0.5750290109375
3 0.2458327640625 0.4403105796875 0.0593344703125 0.3937798640625 0.0444897609375 0.45327474375000004 0.2309897609375 0.4998054609375 0.2458327640625 0.4403105796875
3 1 0.3408088734375 0.8934505125 0.3408088734375 0.8934505125 0.3533037546875 1 0.3533037546875 1 0.3408088734375
3 1 0.2448315015625 0.76354778125 0.3472832765625 0.79800511875 0.42680887343749996 1 0.33928847968750003 1 0.2448315015625
3 0.47551706562499996 0.3805119453125 0.47272866875 0.2912559734375 0.4375 0.2923566546875 0.4402883953125 0.38161262812499996 0.47551706562499996 0.3805119453125
0 1 0.19337118125 0.059940273437500004 0.1957576796875 0.061626279687499994 0.8594522187500001 1 0.8570683328125 1 0.19337118125