3 0.8167690890625 0.363209940625 0.9981907890624999 0.3458975890625 0.9986591515625 0.26539305468749996 0.9985478999999999 0.26449612031249997 0.8067947984374999 0.28279435625 0.8167690890625 0.363209940625
3 0.7769259625 0.346635359375 0.785325125 0.302766671875 0.5966329390625 0.26133149375000003 0.588233875 0.305198490625 0.7769259625 0.346635359375
3 0.5070776671874999 0.1885287359375 0.5301947140625 0.15404738906249998 0.5209494875 0.1476954625 0.49783234218750005 0.1821784984375 0.5070776671874999 0.1885287359375
3 0.38404974531249997 0.1806463109375 0.4035723390625 0.1706704546875 0.3848420328125 0.1354304890625 0.36531774375000003 0.145406196875 0.38404974531249997 0.1806463109375
3 0.8132959625 0.4500396484375 0.9977583687499999 0.4202245546875 0.99805750625 0.368807115625 0.8038460453124999 0.40019838124999996 0.8132959625 0.4500396484375
3 0.5406747984375 0.4484512578125 0.8435232218750001 0.3734941765625 0.8307215140625 0.326825946875 0.5278729921875 0.40178471406250005 0.5406747984375 0.4484512578125
3 0.2286920421875 0.3500779625 0.31482328593750003 0.32020463125 0.309638528125 0.306256884375 0.22350728281249999 0.3361302140625 0.2286920421875 0.3500779625
3 0.9961539796875 0.5627728359375 0.7353610921875 0.492262684375 0.7268983875 0.5271037921875 0.994021775 0.5993255109375 0.9961539796875 0.5627728359375
3 0.53046675 0.5933026906250001 0.543836346875 0.43160035937499996 0.1188640140625 0.3841659375 0.10549282499999998 0.54586643125 0.53046675 0.5933026906250001
3 0.0430542578125 0.5682134515625 0.23066512343749998 0.5383000359375 0.21938336875000003 0.47811182656250006 0.0317708109375 0.5080250937499999 0.0430542578125 0.5682134515625
3 0.9876289296874999 0.7034377875 0.988350528125 0.6910673078125 0.8677900859375001 0.6805357265625 0.8670684874999999 0.69290620625 0.9876289296874999 0.7034377875
3 0.9874749265625 0.71155905625 0.7773956015625 0.5994951765625001 0.738636465625 0.6752444 0.9686154078125 0.7979251953125 0.9842154640624999 0.767436503125 0.9874749265625 0.71155905625
3 0.4470371453125 0.7055238328125 0.45495667500000003 0.6173980203125 0.42008901718749997 0.613256871875 0.41216948750000004 0.7013826859375001 0.4470371453125 0.7055238328125
0 0.9794300249999999 0.849473971875 0.9970149125000001 0.54801373125 0.999093665625 0.190706490625 0.0722200421875 0.10737586875 0.032218846875 0.764316590625 0.9794300249999999 0.849473971875