3 0.3226686734375 0.24147141875 0.2774026078125 0.0499598640625 0.198207525 0.06517027812500001 0.24347359062499999 0.25668183437500003 0.3226686734375 0.24147141875
3 0.3116519140625 0.2825787734375 0.26650551562499997 0.276968284375 0.251474534375 0.4692571015625 0.29661922500000004 0.47486760156249996 0.3116519140625 0.2825787734375
3 0.1910844515625 0.563947040625 0.1532796640625 0.542941071875 0.1482117640625 0.5526412984375 0.186018259375 0.573647259375 0.1910844515625 0.563947040625
3 0.20046050625 0.6880857578125 0.1877208515625 0.6691110859375 0.15503214375000002 0.6902062828125 0.1677718875 0.709182665625 0.20046050625 0.6880857578125
3 0.41018059375 0.23936051093750002 0.34980686250000004 0.040828500000000004 0.301181040625 0.053541456249999994 0.36155468125 0.25207175625 0.41018059375 0.23936051093750002
3 0.44687134375 0.5134188515625 0.3292190109375 0.21392290625000002 0.2842439125 0.22979767343750002 0.40189795312500004 0.5292936078125 0.44687134375 0.5134188515625
3 0.39208772187499996 0.8332747062499999 0.350052534375 0.748648784375 0.3368016125 0.754758640625 0.3788367984375 0.8393845625 0.39208772187499996 0.8332747062499999
3 0.5348074390625001 0.0451057625 0.49869991249999995 0.0388490859375 0.46344217656250003 0.3149532984375 0.4995497015625 0.32120997500000004 0.5348074390625001 0.0451057625
3 0.59348070625 0.5143330875000001 0.42953874062499997 0.5113288109374999 0.44167460468749997 0.9414415578125 0.605614953125 0.944447553125 0.59348070625 0.5143330875000001
3 0.6350442015625 1 0.5804543484375 0.81915050625 0.5217155499999999 0.8343699984375 0.5717109812500001 1 0.6350442015625 1
3 0.6396657265625 0.047828325 0.6271662046875 0.0479011625 0.6335406765625 0.169731203125 0.6460401984375 0.16965836406249998 0.6396657265625 0.047828325
3 0.737034753125 0.060839924999999996 0.65567140625 0.026777320312500002 0.5650121984375 0.2657958484375 0.6463738328125 0.2998584640625 0.737034753125 0.060839924999999996
3 0.7176687890625 0.5909322109375 0.6282334796875 0.58865855625 0.6289793312499999 0.62396405 0.7184146421875 0.62623770625 0.7176687890625 0.5909322109375
0 0.8346453125 1 0.7869568890624999 0.0421586140625 0.12292916406250001 0.0443382078125 0.170507375 1 0.8346453125 1