3 0.3450547421875 1 0.3623496265625 0.8187613468749999 0.2814282828125 0.808724325 0.2631756046875 1 0.3450547421875 1
3 0.3015262109375 0.787119621875 0.34567080156249996 0.7786676359375 0.3039733234375 0.5887888046875001 0.25983043437500003 0.59724069375 0.3015262109375 0.787119621875
3 0.1518715859375 0.5303846171875 0.186569796875 0.50712218125 0.1801796203125 0.497818709375 0.1454797109375 0.5210812453125 0.1518715859375 0.5303846171875
3 0.1685992 0.40296587656250005 0.178637796875 0.3833204984375 0.14317604687500002 0.3644706859375 0.1331375984375 0.38411776875000003 0.1685992 0.40296587656250005
3 0.4198665015625 1 0.4497254328125 0.815266378125 0.3995706984375 0.8057570265624999 0.36817433906249997 1 0.4198665015625 1
3 0.3726985421875 0.8456837453125001 0.4481270515625 0.5409306140625 0.40116700781250003 0.5280482937500001 0.3257368015625 0.8328015234375 0.3726985421875 0.8456837453125001
3 0.3190738421875 0.31365865312499996 0.34913505625 0.226985703125 0.3350995859375 0.22176833437500001 0.3050383734375 0.3084412859375 0.3190738421875 0.31365865312499996
3 0.492214021875 0.73684135 0.563167634375 0.9992744453125001 0.5999502 0.9971288296875 0.52727425625 0.7283254218749999 0.492214021875 0.73684135
3 0.4311701734375 0.544112046875 0.5938895 0.5306583640625 0.5461549 0.10301164843749999 0.38343742187499996 0.11646693281250001 0.4311701734375 0.544112046875
3 0.5385409171875 0.22897119375 0.5686424671875 0.0401803859375 0.508075565625 0.028825973437500003 0.47797416562499995 0.21761848437500003 0.5385409171875 0.22897119375
3 0.6922689890625 0.991421915625 0.7047172703125 0.990695778125 0.694119453125 0.86937709375 0.6816711718749999 0.8701032312500001 0.6922689890625 0.991421915625
3 0.76911849375 0.98726084375 0.7997989390625 0.971562675 0.6763465656250001 0.7401373234374999 0.6001209328125 0.779140228125 0.712889615625 0.99054080625 0.76911849375 0.98726084375
3 0.618136371875 0.45467338437500004 0.7068164359375 0.44670404531249996 0.70264924375 0.41161709375 0.6139691796875 0.4195864328125 0.618136371875 0.45467338437500004
0 0.5507293296875 1 0.851671921875 0.9824453078125 0.765978959375 0.029276826562500004 0.104906534375 0.0695296015625 0.188560525 1 0.5507293296875 1