3 0.34079351562500004 0.246341621875 0.2961022578125 0.0572619609375 0.21791282656250002 0.07227922656249999 0.262604084375 0.261358890625 0.34079351562500004 0.246341621875
3 0.329916653125 0.2869269796875 0.285343540625 0.28138773437500003 0.270503428125 0.4712347890625 0.3150748546875 0.47677404375 0.329916653125 0.2869269796875
3 0.21088020468750002 0.564722315625 0.173555478125 0.543983090625 0.16855193125 0.5535601390625 0.20587834374999997 0.5742993578125 0.21088020468750002 0.564722315625
3 0.22013719843750001 0.68728466875 0.2075593171875 0.66855094375 0.175285703125 0.6893782671875 0.1878636734375 0.7081136796874999 0.22013719843750001 0.68728466875
3 0.4271941734375 0.2442575203125 0.3675870921875 0.048246551562500004 0.319578740625 0.0607980734375 0.3791857328125 0.256807353125 0.4271941734375 0.2442575203125
3 0.463419009375 0.51483575625 0.347260675 0.2191429328125 0.3028566890625 0.23481611562500002 0.419016709375 0.5305089265625 0.463419009375 0.51483575625
3 0.409331053125 0.830629946875 0.36782964375 0.7470786406250001 0.3547469890625 0.7531109109375 0.3962483953125 0.8366622187500001 0.409331053125 0.830629946875
3 0.55023845625 0.0524694984375 0.5145894375 0.046292271875 0.47977941875 0.3188904 0.515428434375 0.325067625 0.55023845625 0.0524694984375
3 0.608166665625 0.51573838125 0.44630650312500003 0.5127722546875 0.45828826093749997 0.937423253125 0.6201468265625001 0.9403910765625 0.608166665625 0.51573838125
3 0.6506397625 1 0.595305721875 0.816685103125 0.5373128125 0.83171133125 0.5881107640625001 1 0.6506397625 1
3 0.653765209375 0.055157489062499995 0.6414244109375 0.0552294015625 0.6477179375000001 0.17551239375 0.660058734375 0.1754404796875 0.653765209375 0.055157489062499995
3 0.749897803125 0.0680038625 0.6695676421875 0.034373798437500006 0.5800596625 0.270357171875 0.6603881328125001 0.3039872453125 0.749897803125 0.0680038625
3 0.7307777578125 0.5913648171875 0.6424781328125 0.5891200343749999 0.6432145140625 0.6239772046875001 0.7315141374999999 0.6262219890625 0.7307777578125 0.5913648171875
0 0.595537928125 1 0.8464649390625001 0.9991763593749999 0.7991860078124999 0.049559775 0.14359038125 0.051711690624999994 0.190801496875 1 0.595537928125 1