3 0.6831986265625 0 0.6675670593749999 0.16380822343749998 0.752494409375 0.1743421265625 0.769131184375 0 0.6831986265625 0
3 0.7288332765625001 0.4051655453125 0.775161459375 0.39629524531250004 0.731401534375 0.19701637031250002 0.6850715671875001 0.205886771875 0.7288332765625001 0.4051655453125
3 0.85875538125 0.5006391109375 0.895173109375 0.4762249640625 0.888464803125 0.466461028125 0.8520488593750001 0.49087507031250005 0.85875538125 0.5006391109375
3 0.897590815625 0.640588521875 0.9081262156250001 0.6199688109375 0.8709090906249999 0.600187628125 0.8603735328125 0.62080555 0.897590815625 0.640588521875
3 0.6029352921875 0 0.5758657171875 0.1674762109375 0.628503359375 0.177456321875 0.6571864171875 0 0.6029352921875 0
3 0.626828025 0.46891301093750004 0.7059924 0.1490729890625 0.6567058203125 0.1355530328125 0.5775432265625 0.4553929515625 0.626828025 0.46891301093750004
3 0.6961661109375 0.7903553453125001 0.7277155015625 0.699391653125 0.7129852078125001 0.6939160015625 0.681435815625 0.7848796921875001 0.6961661109375 0.7903553453125001
3 0.42452781718750005 0 0.49447784375000003 0.25872117499999997 0.5312737328125 0.249783665625 0.46374012656249997 0 0.42452781718750005 0
3 0.47466251562500006 0.9149910765625 0.6454353140625 0.9008696875 0.5953395546875 0.4520540234375 0.424564815625 0.4661737296875 0.47466251562500006 0.9149910765625
3 0.5146269640625001 0.9928493078124999 0.5462185328125 0.794710634375 0.482653428125 0.782795909375 0.4510617015625 0.9809327968750001 0.5146269640625001 0.9928493078124999
3 0.3097039203125 0 0.3193729828125 0.1106867453125 0.3324375171875 0.1099246609375 0.3228350265625 0 0.3097039203125 0
3 0.215189796875 0 0.208461840625 0.0034424734375000004 0.338025715625 0.246324525 0.4180248953125 0.20539078437499997 0.308462053125 0 0.215189796875 0
3 0.31042092499999996 0.5911081312500001 0.4034910921875 0.582744271875 0.3991176015625 0.54592034375 0.3060474375 0.554284203125 0.31042092499999996 0.5911081312500001
0 0.1547382171875 0 0.2439560765625 0.9923761359375 0.9377548578124999 0.9501306484375001 0.8523333125000001 0 0.1547382171875 0