3 0.0673047421875 0.294600659375 0.253430034375 0.33859361718750003 0.26821265781250003 0.2616258953125 0.0820873640625 0.21763293906249997 0.0673047421875 0.294600659375
3 0.28792855156249997 0.2840100484375 0.2933812453125 0.3278867046875 0.48026194999999994 0.313276809375 0.4748092453125 0.2694018125 0.28792855156249997 0.2840100484375
3 0.5464208546875 0.1739686734375 0.5668360296875 0.21071020156250003 0.5762634296875 0.2057864953125 0.5558482625 0.16904330781250002 0.5464208546875 0.1739686734375
3 0.6690423359375 0.207441203125 0.6874833453125 0.21982255468749998 0.707986903125 0.188053303125 0.68954423125 0.1756718640625 0.6690423359375 0.207441203125
3 0.058430198437500004 0.36496854375 0.251378496875 0.42364426406250005 0.2637322375 0.37638595625 0.070785603125 0.3177103234375 0.058430198437500004 0.36496854375
3 0.226656325 0.3449597265625 0.5177289468749999 0.45930308750000004 0.533157225 0.4155945734375 0.2420846140625 0.301249553125 0.226656325 0.3449597265625
3 0.7463430375 0.36520730625 0.8285888546875 0.40606025468749996 0.8345268718750001 0.39318201406250003 0.752281053125 0.3523290671875 0.7463430375 0.36520730625
3 0.0565064546875 0.509673978125 0.0625871625 0.5447659796875 0.33092594375 0.510499865625 0.3248452375 0.475407865625 0.0565064546875 0.509673978125
3 0.5156976875 0.4424579640625 0.51861746875 0.6017890609375 0.9366349656249999 0.6135820328125 0.9337135140624999 0.45425250625 0.5156976875 0.4424579640625
3 1 0.5834614546875 0.8296533421875001 0.5320423 0.8148618984375 0.5891290703125 0.996213565625 0.6438705046875 1 0.6292586328125 1 0.5834614546875
3 0.06530394218749999 0.6345271546875 0.065233153125 0.6466751281249999 0.183636721875 0.6528703171875 0.1837075125 0.6407223453124999 0.06530394218749999 0.6345271546875
3 0.0447742078125 0.6622306484375 0.0778788015625 0.7413056499999999 0.3101749453125 0.65319456875 0.277070340625 0.5741212296875 0.0447742078125 0.6622306484375
3 0.590852534375 0.6355644125000001 0.5930622421875 0.7224843546875 0.6273747703125 0.7232092296875 0.6251650609375 0.6362892875 0.590852534375 0.6355644125000001
0 0.0618411953125 0.14447178125 0.059722903125000004 0.7898237265625 0.9945017281249999 0.836363925 0.9966200328125 0.1910103203125 0.0618411953125 0.14447178125