3 0.7476155109375 0.693275578125 0.9326353140625001 0.7273349828125 0.9468646859375 0.650036303125 0.7618448843750001 0.6159768984375 0.7476155109375 0.693275578125
3 0.53681683125 0.6529504953124999 0.5424834984375 0.6962920796875001 0.7279141921875001 0.6720445546875 0.722247525 0.6287013203125 0.53681683125 0.6529504953124999
3 0.4421386140625 0.7648234328125 0.46261716093749994 0.8002953796875 0.47194719531249996 0.794907590625 0.451468646875 0.75943729375 0.4421386140625 0.7648234328125
3 0.3114801984375 0.78930858125 0.3298597359375 0.800660065625 0.350028053125 0.76800495 0.331650165625 0.756653465625 0.3114801984375 0.78930858125
3 0.751399340625 0.5789356437500001 0.943275578125 0.6272392734375 0.9552673265625 0.5796072609375 0.7633894390625 0.5313036296875 0.751399340625 0.5789356437500001
3 0.483716171875 0.5539669968750001 0.7733234328124999 0.6525181515625 0.7883861390625 0.608254125 0.498778878125 0.5097046203125 0.483716171875 0.5539669968750001
3 0.1846782171875 0.59193069375 0.26655940624999996 0.6282722765625001 0.2723795375 0.6151584156250001 0.19049834999999998 0.5788168312499999 0.1846782171875 0.59193069375
3 0.6839207921875 0.44908085781249996 0.690160065625 0.483656765625 0.956339934375 0.43562541250000003 0.9501006593750001 0.40104950468749995 0.6839207921875 0.44908085781249996
3 0.0820412546875 0.378097359375 0.0858630359375 0.5363679875 0.5008927390625 0.526348184375 0.49707260781249996 0.3680759078125 0.0820412546875 0.378097359375
3 0.0083679875 0.4086122109375 0.18871287187500002 0.45360726093750003 0.20306600625 0.3960759078125 0.022722771875 0.3510808578125 0.0083679875 0.4086122109375
3 0.82931023125 0.2998580859375 0.82931023125 0.31194059375 0.9468844890625 0.31194059375 0.9468844890625 0.2998580859375 0.82931023125 0.2998580859375
3 0.70369471875 0.3061188125 0.7370148515625 0.38301980156250004 0.9671039609375001 0.2833267328125 0.933783828125 0.20642409218750002 0.70369471875 0.3061188125
3 0.388407590625 0.25300495 0.3911039609375 0.33931518125000004 0.42516996718750005 0.338250825 0.422473596875 0.25194059375 0.388407590625 0.25300495
0 0.023308581249999998 0.15959405937499999 0.02493894375 0.8013844890625 0.953156765625 0.799026403125 0.951526403125 0.1572376234375 0.023308581249999998 0.15959405937499999