3 0.487649325 0.25367709375 0.36156761875 0.2789066265625 0.3830438171875 0.4488414359375 0.509126975 0.42361364999999995 0.487649325 0.25367709375
3 0.48444945781250004 0.2925491015625 0.4635601859375 0.3181424265625 0.5117664468750001 0.35621215624999997 0.53265571875 0.3306188296875 0.48444945781250004 0.2925491015625
3 0.5609077234375001 0.29495578125 0.5468481609375 0.29956355156250003 0.5610953078125 0.3546840703125 0.5751532187499999 0.350076225 0.5609077234375001 0.29495578125
3 0.5925349671875 0.3093605046875 0.5813843750000001 0.3126249546875 0.587042990625 0.338103928125 0.5981937875 0.3348378140625 0.5925349671875 0.3093605046875
3 0.62056678125 0.2835004546875 0.6107255703125001 0.337446346875 0.6326709593750001 0.33982592968750003 0.642512171875 0.2858800375 0.62056678125 0.2835004546875
3 0.687498821875 0.3054843 0.6354218390625 0.3777067015625 0.6706534734375 0.4017719921875 0.722730659375 0.3295479234375 0.687498821875 0.3054843
3 0.7640802437499999 0.3326898046875 0.6598235921875 0.38415962656249997 0.66602105 0.398437865625 0.7702779046875 0.3469663765625 0.7640802437499999 0.3326898046875
3 0.7019387578125 0.42715542500000003 0.7005567484374999 0.43669783124999995 0.7465146671875 0.43991836093750003 0.7478964734375 0.43037762031250004 0.7019387578125 0.42715542500000003
3 0.7427105671875001 0.440438803125 0.6927139999999999 0.453746425 0.6962641609375 0.47199948437500006 0.7462590734375001 0.45869178593750004 0.7427105671875001 0.440438803125
3 0.7205105515625 0.47174203593749997 0.6917694765625 0.497575534375 0.7400246578125 0.5522360265625 0.7687657328124999 0.5264025265625001 0.7205105515625 0.47174203593749997
3 0.6191471984375 0.5012792640625 0.6083730593750001 0.5157605484375 0.6671347546875 0.5573968609375 0.677907034375 0.5429171640625 0.6191471984375 0.5012792640625
3 0.70251686875 0.5407445875 0.6795501484375001 0.5691211671875 0.6879104078125 0.57565819375 0.710876928125 0.5472832828125 0.70251686875 0.5407445875
3 0.39836838281250003 0.40816332656250004 0.3356590875 0.5247945765625001 0.4157096125 0.5633702953124999 0.47841705156250003 0.4467406328125 0.39836838281250003 0.40816332656250004
3 0.46163490156250003 0.48587069843749997 0.3593609578125 0.5755958390625 0.396575603125 0.6189567765625 0.49884789218750003 0.5292315578125 0.46163490156250003 0.48587069843749997
3 0.461017990625 0.5501746703125 0.379998446875 0.6437954109375 0.3936827421875 0.6553663859375 0.4747024921875 0.5617439796875 0.461017990625 0.5501746703125
3 0.4735510328125 0.56895949375 0.45924316718749997 0.6069252734374999 0.4764526 0.612265103125 0.4907604671875 0.574299321875 0.4735510328125 0.56895949375
3 0.6211333515625 0.5248482765625 0.5487737578125 0.5491361015625 0.5808559 0.6694190125 0.6532136375 0.645132775 0.6211333515625 0.5248482765625
3 0.6630257265624999 0.29290140781249996 0.41758359218749996 0.377583175 0.4743298 0.5827876109375 0.719770078125 0.49810743437499994 0.6630257265624999 0.29290140781249996
0 0.7163346875000001 0.07439828125 0.187792334375 0.37301311406250004 0.42800782187499997 0.8431070937499999 0.956550378125 0.54449059375 0.7163346875000001 0.07439828125