3 0.6255909078124999 0.4855729765625 0.50150015625 0.5331267578125 0.5623959390625 0.7011179656250001 0.6864847953125001 0.6535626734375 0.6255909078124999 0.4855729765625
3 0.5141618734375 0.60170866875 0.4984889625 0.6312292578124999 0.5568213421875 0.6612716984375 0.572494253125 0.631751109375 0.5141618734375 0.60170866875
3 0.4637089953125 0.611882646875 0.4502828296875 0.6189989171875 0.4775312609375 0.6722149765625 0.49095914843750005 0.6650984953125 0.4637089953125 0.611882646875
3 0.440769984375 0.63317886875 0.43003156093749995 0.6384305296874999 0.44167285625 0.6631895359375 0.45241144999999994 0.6579395921875 0.440769984375 0.63317886875
3 0.3933868671875 0.6394206671875 0.395561475 0.6956633828125 0.41870502343749993 0.694229209375 0.41653041562500004 0.6379864937499999 0.3933868671875 0.6394206671875
3 0.34013525 0.58345876875 0.3029837375 0.6655633187500001 0.344758365625 0.683720059375 0.3819100484375 0.6016172296875 0.34013525 0.58345876875
3 0.34566676875 0.5860180500000001 0.250042353125 0.6562770625 0.259682740625 0.6696216390624999 0.3553073265625 0.5993643468750001 0.34566676875 0.5860180500000001
3 0.2533048171875 0.5581768296875 0.2540588078125 0.56806103125 0.3021238375 0.5632777359375 0.3013696765625 0.5533918124999999 0.2533048171875 0.5581768296875
3 0.2977351203125 0.516962809375 0.249284234375 0.5391585203125 0.2571037328125 0.5569853484375 0.30555634062500003 0.5347894265625001 0.2977351203125 0.516962809375
3 0.2343594125 0.44352621093750005 0.2106550859375 0.4746631265625 0.27282360625 0.521464671875 0.29652793125 0.490327753125 0.2343594125 0.44352621093750005
3 0.3082478046875 0.4255589796875 0.3004579671875 0.4420775703125 0.3704731984375 0.4738799828125 0.3782645875 0.4573594609375 0.3082478046875 0.4255589796875
3 0.282684940625 0.41073742968750004 0.26550748281250003 0.4434326546875 0.2756091578125 0.448578559375 0.292786446875 0.41588161250000005 0.282684940625 0.41073742968750004
3 0.5658161484375 0.37553750468749997 0.5278496953125 0.5043807828125 0.6190909515625 0.529365696875 0.6570589546875001 0.40052048906250004 0.5658161484375 0.37553750468749997
3 0.572837415625 0.316011025 0.4879857296875 0.42458446875 0.536203990625 0.46189762187500005 0.6210574 0.353323965625 0.572837415625 0.316011025
3 0.567508525 0.2787071203125 0.5054331484375 0.38750138437500004 0.5221661375 0.3968000828125 0.584241684375 0.2880075375 0.567508525 0.2787071203125
3 0.4921026421875 0.3367477421875 0.486030828125 0.3776213546875 0.5049725140625 0.38000749843750004 0.511044328125 0.3391338859375 0.4921026421875 0.3367477421875
3 0.37154075625 0.2972487546875 0.302564540625 0.33445221406250003 0.3630496578125 0.450407121875 0.4320274234375 0.41320173125000004 0.37154075625 0.2972487546875
3 0.50101513125 0.366168175 0.2675700046875 0.4946886109375 0.3728333234375 0.692155790625 0.60628 0.5636334234375 0.50101513125 0.366168175
0 0.48931911875 0.094969453125 0.0142093921875 0.48834514999999995 0.014275703125 0.49062408281250003 0.3677919046875 0.92231459375 0.843974446875 0.5280524984375 0.48931911875 0.094969453125