3 0.4667878140625 0.2774199171875 0.3584097515625 0.3336006171875 0.4256375 0.47704474531249996 0.53401738125 0.4208651828125 0.4667878140625 0.2774199171875
3 0.4747381921875 0.31242145625 0.46277558750000003 0.34053500468750003 0.5175685859375 0.3609598 0.52953119375 0.332846253125 0.4747381921875 0.31242145625
3 0.545416596875 0.2939024421875 0.533833434375 0.301743096875 0.5623061203125 0.3463062 0.5738877437500001 0.338465921875 0.545416596875 0.2939024421875
3 0.578406171875 0.29801815781249996 0.5691104578124999 0.30389408906250004 0.581422946875 0.32474314375 0.59071838125 0.31886569531250003 0.578406171875 0.29801815781249996
3 0.5968337984375001 0.2677429234375 0.6029225359375 0.317774796875 0.623681653125 0.3139425265625 0.617592915625 0.2639106515625 0.5968337984375001 0.2677429234375
3 0.664269628125 0.2689875953125 0.6368030609375 0.3464677109375 0.6757967609375 0.35809483750000004 0.703263046875 0.28061320156249997 0.664269628125 0.2689875953125
3 0.742001909375 0.272214084375 0.6609513312499999 0.3455498546875 0.670622128125 0.3564168296875 0.751672425 0.2830795421875 0.742001909375 0.272214084375
3 0.7115461484375001 0.3719445171875 0.7129516812500001 0.380697759375 0.755931921875 0.37112413437499997 0.7545266703125 0.3623724109375 0.7115461484375001 0.3719445171875
3 0.7525945765625 0.3726077484375 0.710542753125 0.39778651875 0.7189022390625001 0.41285863125000005 0.7609525265625 0.387680240625 0.7525945765625 0.3726077484375
3 0.7410300453125 0.4060895390625 0.7219455921875 0.4365328546875 0.781427090625 0.4715147328125 0.8005115437500001 0.4410714171875 0.7410300453125 0.4060895390625
3 0.6564896859375 0.4593829734375 0.6506782125 0.4750081265625 0.7161339890625 0.495716725 0.7219442046875 0.4800934671875 0.6564896859375 0.4593829734375
3 0.7438687390625 0.47154440312499996 0.7307830531249999 0.50266285625 0.740267359375 0.5061477296875 0.753353325 0.47503079374999996 0.7438687390625 0.47154440312499996
3 0.42828290625000004 0.43718515 0.4035113578125 0.556535034375 0.48760242187499997 0.5688108828125 0.5123727140625001 0.4494628953125 0.42828290625000004 0.43718515
3 0.5079594578125 0.4883563046875 0.43943178749999995 0.5947534921875001 0.48564191718750005 0.6227912515625 0.55416805 0.51639444375 0.5079594578125 0.4883563046875
3 0.5253931125 0.5449956 0.477416221875 0.6490783734375001 0.49318417343750004 0.6555474265625 0.5411607843749999 0.5514631359375 0.5253931125 0.5449956
3 0.542126115625 0.5581106453125 0.5396524203124999 0.595313865625 0.556903890625 0.5953593500000001 0.559377584375 0.5581561296875 0.542126115625 0.5581106453125
3 0.664905096875 0.4795457015625 0.6054511312499999 0.520402228125 0.6684922046875 0.617379171875 0.7279449125 0.576524540625 0.664905096875 0.4795457015625
3 0.638340278125 0.2645412625 0.437316953125 0.40514384375 0.5467096015624999 0.570044575 0.7477316703125 0.429443890625 0.638340278125 0.2645412625
0 0.625991290625 0.058262524999999996 0.2256421640625 0.463140528125 0.5771601093750001 0.8111616640625 0.97750895625 0.40628213906250005 0.625991290625 0.058262524999999996