3 0.6333279796875 0.2851311125 0.5014778296875 0.2587472875 0.47901754218750003 0.43645871875 0.6108692109375 0.4628407171875 0.6333279796875 0.2851311125
3 0.5266690859375001 0.3261620140625 0.504824096875 0.299397753125 0.4544123203125 0.339209234375 0.4762573109375 0.365973496875 0.5266690859375001 0.3261620140625
3 0.43957055 0.3067331265625 0.424867740625 0.30191454218749997 0.409970490625 0.3595568359375 0.4246715734375 0.3643754984375 0.43957055 0.3067331265625
3 0.4034542484375 0.320392109375 0.3917934984375 0.31697830625 0.385875778125 0.34362124375 0.3975367421875 0.3470367875 0.4034542484375 0.320392109375
3 0.37277064531250004 0.3463491203125 0.36247918281249997 0.28993511562499996 0.3395297546875 0.29242356875 0.34982121875 0.3488375734375 0.37277064531250004 0.3463491203125
3 0.34694448125 0.38845145312499996 0.29248489218749996 0.3129247578125 0.255641140625 0.33808933125 0.3101009421875 0.4136177703125 0.34694448125 0.38845145312499996
3 0.321426309375 0.395199609375 0.2123997453125 0.341374959375 0.20591853124999998 0.3563047078125 0.3149453078125 0.4101311015625 0.321426309375 0.395199609375
3 0.27882954375 0.4501415234375 0.27738430625 0.4401625359375 0.22932395 0.4435321515625 0.23076897500000002 0.453509396875 0.27882954375 0.4501415234375
3 0.2870311109375 0.46797011718750003 0.23474711875 0.45405365 0.23103626249999998 0.47314173750000005 0.283318525 0.48705828437500004 0.2870311109375 0.46797011718750003
3 0.28801884843750003 0.5138044796875 0.25796282187499997 0.48678905781250004 0.20749988749999998 0.5439503546875 0.2375559140625 0.5709657796875 0.28801884843750003 0.5138044796875
3 0.3752307875 0.5328214890625 0.3639637140625 0.5176776624999999 0.3025155203125 0.5612205640625 0.3137806484375 0.5763627296875 0.3752307875 0.5328214890625
3 0.3007972296875 0.5886234421875 0.2767797453125 0.5589485875 0.26803720000000003 0.5657864390625 0.292054475 0.5954595484375 0.3007972296875 0.5886234421875
3 0.6604218687500001 0.5422688375 0.594843521875 0.42030151875 0.5111324953125 0.4606437984375 0.5767089015625 0.582609459375 0.6604218687500001 0.5422688375
3 0.6356356 0.5953943421875 0.52868245625 0.5015641296875 0.489766909375 0.54690881875 0.5967183234375 0.6407391125 0.6356356 0.5953943421875
3 0.6140539125 0.6667141546875001 0.5293275921875 0.5688101125 0.5150170015625 0.5809087374999999 0.5997435375 0.678814521875 0.6140539125 0.6667141546875001
3 0.531183615625 0.6281571484375 0.5162211421875 0.5884543718749999 0.4982243484375 0.59403850625 0.5131868234375 0.633741284375 0.531183615625 0.6281571484375
3 0.4375568546875 0.567724028125 0.361886690625 0.5423249953125 0.32833867968749997 0.66811270625 0.40400690156249996 0.693510078125 0.4375568546875 0.567724028125
3 0.574749184375 0.388322275 0.31807767187499997 0.299766178125 0.2587371734375 0.514360715625 0.5154067453125 0.6029151484375 0.574749184375 0.388322275
0 0.81505376875 0.3835431265625 0.2623297390625 0.0712661765625 0.0111237875 0.5628659796875 0.5638480296874999 0.8751446734374999 0.81505376875 0.3835431265625