3 0.5425266078125001 0.6017265390625 0.42806600625 0.5423949890624999 0.3570664046875 0.6938871375 0.47152508437499996 0.7532198890624999 0.5425266078125001 0.6017265390625
3 0.53778871875 0.694683825 0.5251549421874999 0.66499295 0.46728774843750004 0.6865636921875 0.47992152343749994 0.7162545671875 0.53778871875 0.694683825
3 0.5846339203124999 0.6887488609375 0.572402503125 0.6804687 0.542332340625 0.7275320421875 0.5545653828125 0.7358126015625001 0.5846339203124999 0.6887488609375
3 0.6024088515625 0.7094487703125 0.592591890625 0.7032415640624999 0.5795886015625 0.72526036875 0.5894058578125 0.731465971875 0.6024088515625 0.7094487703125
3 0.6307911984375 0.7674871000000001 0.6372215484375 0.71464815625 0.615297728125 0.710600875 0.608867378125 0.7634398171875 0.6307911984375 0.7674871000000001
3 0.7212679046875 0.74984744375 0.69226060625 0.6680186531250001 0.651079140625 0.6802981265625 0.6800867359375 0.7621253125 0.7212679046875 0.74984744375
3 0.7723933203125 0.747242728125 0.686795646875 0.66979080625 0.6765822640625 0.6812674796875 0.7621802343749999 0.7587177984375 0.7723933203125 0.747242728125
3 0.7754077046875001 0.663501084375 0.7768917984375 0.654258340625 0.731500125 0.64414758125 0.730015734375 0.6533919296875 0.7754077046875001 0.663501084375
3 0.7821940875 0.63677334375 0.7377845421875 0.610182303125 0.7289560421875 0.626100046875 0.773367209375 0.6526914875000001 0.7821940875 0.63677334375
3 0.8239725874999999 0.580386621875 0.8038173890625 0.548235265625 0.7409986453124999 0.5851798234375 0.7611538437500001 0.6173311796875 0.8239725874999999 0.580386621875
3 0.7409971796875 0.539175215625 0.7348609781250001 0.5226754062500001 0.665732765625 0.5445458734375 0.6718702953125 0.561047684375 0.7409971796875 0.539175215625
3 0.7741685281249999 0.544521934375 0.760348365625 0.5116591640625 0.7503319375 0.5153395578125 0.7641518031250001 0.54820393125 0.7741685281249999 0.544521934375
3 0.519667553125 0.571524334375 0.4935075078125 0.44548025625000004 0.40469846406250004 0.4584448484375 0.430859834375 0.58449093125 0.519667553125 0.571524334375
3 0.5638078421875 0.5008375515625 0.4914370078125 0.3884712859375 0.44263423125 0.4180821203125 0.5150066875 0.5304487875 0.5638078421875 0.5008375515625
3 0.5500707953124999 0.46380130781249995 0.49940242812499996 0.3538773046875 0.4827498046875 0.3607093078125 0.53341846875 0.470631709375 0.5500707953124999 0.46380130781249995
3 0.569309659375 0.4567328 0.566697178125 0.4174422703125 0.548477803125 0.41749030625000005 0.5510902875 0.4567808359375 0.569309659375 0.4567328
3 0.7473345609375001 0.43733381875 0.6845462234374999 0.3941870125 0.6179681921875 0.4966049078125 0.6807578578125 0.5397537140625001 0.7473345609375001 0.43733381875
3 0.7682314671875 0.59266651875 0.5559309328125 0.444177346875 0.44040074218749997 0.618329934375 0.6527026046875 0.766821109375 0.7682314671875 0.59266651875
0 1 0.606103865625 0.588089884375 0.1895322359375 0.21684981093750003 0.5570793109375 0.63966076875 0.9846732406250001 1 0.627919846875 1 0.606103865625