3 0.500387925 0.4039893515625 0.6179525421875 0.46492989375000005 0.6908775578124999 0.3093294828125 0.5733149140625 0.24838770625 0.500387925 0.4039893515625
3 0.5052542984375 0.30851118906249997 0.5182306859375 0.339007240625 0.577667159375 0.31685153125 0.564690775 0.286355478125 0.5052542984375 0.30851118906249997
3 0.45713871875 0.3146071015625 0.4697018359375 0.3231118109375 0.5005874609375 0.2747721734375 0.488022675 0.26626705624999997 0.45713871875 0.3146071015625
3 0.43888175625 0.2933458390625 0.4489649390625 0.29972137656250003 0.462320859375 0.277105453125 0.4522373734375 0.2707315609375 0.43888175625 0.2933458390625
3 0.40972971874999997 0.2337335875 0.4031249859375 0.288005453125 0.4256433515625 0.2921624921875 0.43224808281250005 0.237890628125 0.40972971874999997 0.2337335875
3 0.31679940625 0.2518516078125 0.34659334375 0.335899484375 0.3888915953125 0.32328700781249997 0.359097353125 0.23924078125 0.31679940625 0.2518516078125
3 0.2642875390625 0.2545269609375 0.3522065046875 0.3340792734375 0.3626968609375 0.3222913671875 0.2747775890625 0.2427407015625 0.2642875390625 0.2545269609375
3 0.2611914078125 0.3405395640625 0.2596670671875 0.350032959375 0.3062897015625 0.3604179078125 0.307814346875 0.35092286562499997 0.2611914078125 0.3405395640625
3 0.2542209875 0.367992125 0.299834859375 0.395304278125 0.3089027765625 0.3789548671875 0.26328723906249996 0.351642303125 0.2542209875 0.367992125
3 0.21130951250000002 0.425907978125 0.2320112921875 0.45893123593749996 0.2965335953125 0.4209847921875 0.27583181562500003 0.387961534375 0.21130951250000002 0.425907978125
3 0.2965351 0.46823698125 0.30283770625 0.48518424375 0.3738405828125 0.46272067968749997 0.3675366125 0.4457713609375 0.2965351 0.46823698125
3 0.2624641890625 0.4627452671875 0.2766591359375 0.49649923281249997 0.28694719687500003 0.49271903124999994 0.2727525546875 0.4589634203125 0.2624641890625 0.4627452671875
3 0.5238668859375 0.4350105984375 0.5507363562500001 0.564472821875 0.64195378125 0.551156646875 0.6150829484375 0.42169236562499995 0.5238668859375 0.4350105984375
3 0.4785295734375 0.5076143125 0.5528630046874999 0.6230277984375 0.602989246875 0.5926139578125 0.528654146875 0.477200059375 0.4785295734375 0.5076143125
3 0.4926391484375 0.5456549265625 0.544681575 0.6585599203125 0.56178579375 0.6515426421875 0.5097430640625 0.5386392953125 0.4926391484375 0.5456549265625
3 0.472878553125 0.5529151234375 0.47556188125 0.593271159375 0.49427534062499995 0.5932218203125 0.49159201093749993 0.552865784375 0.472878553125 0.5529151234375
3 0.2900258578125 0.5728401796875 0.35451693125 0.6171570671875 0.42290046718749996 0.5119617390625 0.35840803125 0.46764279531249997 0.2900258578125 0.5728401796875
3 0.26856225624999996 0.41329506718750003 0.48662009375000004 0.5658110640625 0.6052833046874999 0.3869356953125 0.3872241046875 0.23441764062499998 0.26856225624999996 0.41329506718750003
0 0.019312318749999998 0.38817045625 0.45358903437500003 0.8273618046875001 0.8348966359375 0.449847353125 0.40061961718749994 0.0106576546875 0.019312318749999998 0.38817045625