3 0.6514287515625 0.703490696875 0.7008368468749999 0.5745672093749999 0.526300528125 0.5112988640625 0.47689400156249995 0.6402243203125 0.6514287515625 0.703490696875
3 0.6287673859375 0.5850589640625 0.6594381281249999 0.5687754203125001 0.628225203125 0.50817035 0.5975544609375001 0.52445389375 0.6287673859375 0.5850589640625
3 0.663414021875 0.5003471671875 0.6708077671875 0.486396115625 0.6155183562500001 0.45808605625 0.608124828125 0.47203532031249995 0.663414021875 0.5003471671875
3 0.6559762 0.4602976109375 0.6614306859375 0.44914062968749996 0.63570704375 0.437045778125 0.6302507734375 0.44820258125 0.6559762 0.4602976109375
3 0.6352457078125 0.4230186140625 0.6936796984375 0.425277946875 0.6951697484375 0.4012327015625 0.6367357578124999 0.39897336875 0.6352457078125 0.4230186140625
3 0.597459459375 0.3870494015625 0.6827611 0.34845025 0.6638969546875 0.3050480390625 0.5785935265625 0.3436470125 0.597459459375 0.3870494015625
3 0.5951188015625 0.359410209375 0.6681133906250001 0.26005999062499996 0.654248896875 0.250044003125 0.5812525187500001 0.3493940453125 0.5951188015625 0.359410209375
3 0.5473551296875 0.3033710921875 0.5576262187500001 0.3041546359375 0.5625958765625 0.25421694375000004 0.5523265765625001 0.2534335765625 0.5473551296875 0.3033710921875
3 0.528027975 0.3077208734375 0.5510886734375 0.25738050156250003 0.53256729375 0.24925634687499998 0.509506815625 0.2995949296875 0.528027975 0.3077208734375
3 0.4818340296875 0.2983407078125 0.514184075 0.27371283750000003 0.46555909218749997 0.2091221671875 0.43320905 0.23375003906249997 0.4818340296875 0.2983407078125
3 0.44758125781249997 0.383261909375 0.46474543593749995 0.375166959375 0.43170396875000006 0.30242386250000003 0.41454179687500003 0.3105172 0.44758125781249997 0.383261909375
3 0.40448738906250004 0.2944534515625 0.43845824375 0.27660691718749997 0.43311184843749995 0.2661116703125 0.399142784375 0.2839583796875 0.40448738906250004 0.2944534515625
3 0.38852778125 0.6729183937500001 0.52239293125 0.63347111875 0.49643457968750004 0.5386750078125 0.3625714328125 0.5781206734375 0.38852778125 0.6729183937500001
3 0.33949243125 0.63551418125 0.45229623124999996 0.5473547953125 0.41352931875000004 0.49725790156249994 0.300725740625 0.5854154968749999 0.33949243125 0.63551418125
3 0.2716312078125 0.5972640874999999 0.3846624234375 0.5327700125 0.3750014390625 0.5153850890625 0.26196843593749997 0.5798789875 0.2716312078125 0.5972640874999999
3 0.3247494921875 0.5212148859375 0.3672155828125 0.5149065078125 0.364736471875 0.49522683437500004 0.32227038124999996 0.5015352125 0.3247494921875 0.5212148859375
3 0.40170309687500005 0.43911940156249996 0.44035804843750004 0.367454190625 0.31988541718749997 0.304612509375 0.281232471875 0.3762761109375 0.40170309687500005 0.43911940156249996
3 0.5579957640625001 0.6201610390625001 0.691525496875 0.37761903750000003 0.486364790625 0.26825455 0.352837065625 0.5107949421875 0.5579957640625001 0.6201610390625001
0 0.48214190468749996 0.0050916390625 0.47977418125 0.0050227453125 0.071072159375 0.498643240625 0.5210285703124999 0.8671163078124999 0.9306515265625 0.3723812 0.48214190468749996 0.0050916390625