3 0.5145456171875 0.45908908281249994 0.6434710734375 0.5084956093749999 0.70673745 0.333960859375 0.5778139625 0.2845527625 0.5145456171875 0.45908908281249994
3 0.511417103125 0.3571644078125 0.5277006484375 0.38783515 0.5883057171875 0.3566222234375 0.5720221734375001 0.32595148281249997 0.511417103125 0.3571644078125
3 0.461332809375 0.3698712546875 0.47528207343749995 0.37726478281250003 0.5035939203125 0.3219755890625 0.48964286875 0.3145818421875 0.461332809375 0.3698712546875
3 0.44029253125 0.3496825671875 0.451449334375 0.3551388375 0.4635443640625 0.3294134109375 0.45238738281249996 0.3239589234375 0.44029253125 0.3496825671875
3 0.4044794546875 0.2902198625 0.402220121875 0.3486538515625 0.4262653671875 0.350143903125 0.4285247 0.2917099125 0.4044794546875 0.2902198625
3 0.3082947921875 0.32149265625 0.346893765625 0.406796084375 0.3902961546875 0.3879301515625 0.351697003125 0.30262850937499997 0.3082947921875 0.32149265625
3 0.25329075625 0.3311407140625 0.3526407984375 0.40413709062500003 0.3626569625 0.3902708078125 0.26330674374999996 0.31727621875 0.25329075625 0.3311407140625
3 0.25746369687500004 0.422793734375 0.2566803296875 0.43306303437500004 0.3066178453125 0.43803448125 0.3074013890625 0.427763390625 0.25746369687500004 0.422793734375
3 0.2525031 0.4528223171875 0.3028416828125 0.47588279531250005 0.3109676265625 0.45736163437500005 0.26062725468750003 0.4343009359375 0.2525031 0.4528223171875
3 0.21236892031250001 0.5198305171875 0.23699679218749997 0.552180559375 0.3015874609375 0.50355558125 0.27695959062500003 0.47120553593750003 0.21236892031250001 0.5198305171875
3 0.30567061562500003 0.553685640625 0.313763953125 0.5708478140625 0.3865086625 0.5378083515625 0.3784137125 0.5206441734375 0.30567061562500003 0.553685640625
3 0.2693584234375 0.5522777609375 0.2872051328125 0.5862468265625 0.2977002046875 0.5809022203125 0.27985367031249997 0.5469313671875 0.2693584234375 0.5522777609375
3 0.5419217609375 0.48895503125 0.5813674265625 0.6228181765625 0.6761651484375 0.5968618296875 0.636717871875 0.462996678125 0.5419217609375 0.48895503125
3 0.5005046546874999 0.5718602921875 0.5886622499999999 0.6846638703125 0.638760934375 0.645897178125 0.5506015484375 0.5330933796874999 0.5005046546874999 0.5718602921875
3 0.5186318421875 0.610388171875 0.583125740625 0.7234211734375 0.6005108406249999 0.713758403125 0.536016765625 0.6007271859375 0.5186318421875 0.610388171875
3 0.49847358750000004 0.6206531375 0.504781965625 0.663119228125 0.5244616390625 0.6606401187500001 0.5181532609375 0.618174028125 0.49847358750000004 0.6206531375
3 0.3078592625 0.66550419375 0.3795228640625 0.7041571375 0.44236615468749996 0.5836865125 0.37070094375 0.5450315609375 0.3078592625 0.66550419375
3 0.271501303125 0.49902482031249995 0.5140416953125 0.6325525453124999 0.6234077921875001 0.4273938453125 0.38086579062500003 0.2938641140625 0.271501303125 0.49902482031249995
0 0.8703630609375 0.46436104062499994 0.375627953125 0.054738084374999996 0.0083383921875 0.50324770625 0.0082694984375 0.505615428125 0.50188999375 0.9143174515625001 0.8703630609375 0.46436104062499994