3 0.2220646015625 0.4738831 0.2500004171875 0.6134891421875001 0.43816352812500003 0.58970926875 0.41022964687499996 0.45010161875000004 0.2220646015625 0.4738831
3 0.265106271875 0.47742620625 0.29344490156249997 0.5005561953125001 0.3355982359375 0.4471790203125 0.307259603125 0.42404903125000004 0.265106271875 0.47742620625
3 0.2677711078125 0.39276653437500003 0.2728731359375 0.40833421562499994 0.33390623750000004 0.392558828125 0.328804125 0.376992975 0.2677711078125 0.39276653437500003
3 0.2837209734375 0.3577467484375 0.287335590625 0.370093425 0.3155476015625 0.3638278296875 0.31193114375 0.35148092656249996 0.2837209734375 0.3577467484375
3 0.255087009375 0.3267080625 0.31481948437499996 0.3376049046875 0.3174543171875 0.3133055125 0.25772184062500003 0.30240866718750004 0.255087009375 0.3267080625
3 0.2794289828125 0.2525964609375 0.3593984234375 0.3102595546875 0.3860451125 0.2712487484375 0.306073825 0.2135854296875 0.2794289828125 0.2525964609375
3 0.309552725 0.167800421875 0.36654353125 0.2832403125 0.3823533453125 0.2763780765625 0.32536069375 0.16093796093749999 0.309552725 0.167800421875
3 0.4141513359375 0.236607603125 0.42471732187500005 0.23813785625 0.42828330625 0.1872501953125 0.4177191640625 0.1857201671875 0.4141513359375 0.236607603125
3 0.428859575 0.1914623484375 0.44359465781249996 0.24682186874999998 0.4638056578125 0.24289089375 0.44907048906249997 0.18753320625 0.428859575 0.1914623484375
3 0.46352059375000004 0.2160436796875 0.492125159375 0.2478677078125 0.5526488875 0.194436365625 0.5240443203125 0.16261233749999998 0.46352059375000004 0.2160436796875
3 0.496226175 0.32827991875 0.512260815625 0.3402097609375 0.55836330625 0.2751449078125 0.5423304234375 0.263217125 0.496226175 0.32827991875
3 0.539924803125 0.23596748125000003 0.5713452375 0.261397759375 0.5785834671875 0.252140725 0.54716488125 0.22671066718750002 0.539924803125 0.23596748125000003
3 0.393122021875 0.572740890625 0.522263890625 0.6421767890625001 0.5649774890625 0.5535395296875001 0.435837378125 0.48410568749999994 0.393122021875 0.572740890625
3 0.47916478749999997 0.5026879984375 0.5785144234375 0.615932503125 0.626526534375 0.574725975 0.5271768109375 0.46148330312499997 0.47916478749999997 0.5026879984375
3 0.5503664171875 0.5033710828125 0.6540295203125 0.5930813046875001 0.6668416734375 0.57792914375 0.563176725 0.48821869375000004 0.5503664171875 0.5033710828125
3 0.571166221875 0.48949366562499996 0.6132044546875 0.5053362859375 0.6191170687499999 0.48628085781249997 0.577078834375 0.47043823749999997 0.571166221875 0.48949366562499996
3 0.5223233515625 0.32608071875 0.5492164453124999 0.40620206718749996 0.682401675 0.3706785875 0.6555103390625 0.29055929375 0.5223233515625 0.32608071875
3 0.26549636875 0.279694696875 0.359261646875 0.551464534375 0.58647763125 0.48863136406249996 0.49271411406250004 0.21686358125 0.26549636875 0.279694696875
0 0.45539243906250004 0 0.023555190625 0.22066747343749998 0.354201371875 0.80590468125 0.8747206578125001 0.539922134375 0.5696749125 0 0.45539243906250004 0