3 0.202073475 0.8569855671875001 0.21604739374999998 0.8446399734375 0.12449119374999999 0.7413424703125 0.110517275 0.7536880625 0.202073475 0.8569855671875001
3 0.07218249843749999 0.7620412515625 0.11912319062500001 0.74829675625 0.086451475 0.64234716875 0.0395107828125 0.6560916625 0.07218249843749999 0.7620412515625
3 0.2415423703125 0.884657003125 0.2878225671875 0.8604837453125 0.2275269265625 0.7476367890625 0.1812467328125 0.771810046875 0.2415423703125 0.884657003125
3 0.1616410671875 0.47071319375 0.1765291328125 0.465108325 0.1468526578125 0.3892015828125 0.1319662484375 0.3948067546875 0.1616410671875 0.47071319375
3 0.09027628125 0.53668979375 0.11410095 0.5369409203125 0.1139600015625 0.5164669109375 0.09013533124999999 0.516215784375 0.09027628125 0.53668979375
3 0.359427146875 0.6693614015625 0.3713804375 0.64017631875 0.3133293703125 0.615537509375 0.3013763578125 0.6447209359375 0.359427146875 0.6693614015625
3 0.18222709374999999 0.10055600625000001 0.19140539375 0.0906526953125 0.1346396984375 0.0378481953125 0.1254613953125 0.04775150625 0.18222709374999999 0.10055600625000001
3 0.26248260156250003 0.132643471875 0.2701032921875 0.12137874374999999 0.21092667656250003 0.0807473046875 0.203305709375 0.0920136890625 0.26248260156250003 0.132643471875
3 0.29266874062500003 0.09774029375 0.303446653125 0.09286685781250001 0.2742059484375 0.0300398796875 0.26342803593749997 0.03491331875 0.29266874062500003 0.09774029375
3 0.31055395468749997 0.29351883437500004 0.34151736875 0.2849218015625 0.2969559375 0.13302999843750002 0.2659941828125 0.141627328125 0.31055395468749997 0.29351883437500004
3 0.402016128125 0.360685771875 0.4224343234375 0.3475266359375 0.3445829453125 0.22846207187499998 0.3241630890625 0.241620903125 0.402016128125 0.360685771875
3 0.348297634375 0.1215632609375 0.4203535984375 0.0674795265625 0.4017100375 0.0428606265625 0.3296543453125 0.0969427015625 0.348297634375 0.1215632609375
3 0.4255555734375 0.9054647796875 0.5824261953125001 0.6533899359374999 0.3954417859375 0.5349175140625 0.238569503125 0.78699205625 0.4255555734375 0.9054647796875
3 0.51177630625 0.3842179453125 0.633620559375 0.07283727031250001 0.539126190625 0.0344326578125 0.41728193593749996 0.34581333281250004 0.51177630625 0.3842179453125
3 0.8059606390624999 0.6044217875 0.8489735046875 0.493089421875 0.8034173453125 0.4747968578125 0.7604061390625 0.5861295281250001 0.8059606390624999 0.6044217875
3 0.6853876390625 0.2945341203125 0.6944830484375 0.274837634375 0.6118902703125 0.23553395312499997 0.6027948609375 0.2552304421875 0.6853876390625 0.2945341203125
3 0.774012140625 0.3276814703125 0.780921846875 0.2975654 0.6987880343749999 0.27734528125 0.6918780546875001 0.30746300312499997 0.774012140625 0.3276814703125
3 0.79997163125 0.35851665 0.8148057953125001 0.3349817140625 0.7827857265625 0.3144429046875 0.7679518328125 0.33797618281249997 0.79997163125 0.35851665
3 0.8299049578125001 0.8941004953125 0.8321626984374999 0.8842895093750001 0.7819999140625 0.87191095 0.7797435625 0.8817238953125001 0.8299049578125001 0.8941004953125
3 0.7559505421875 0.9711344203125 0.7735850906249999 0.9115774249999999 0.6795588984375 0.8822155359374999 0.6619226921875 0.9417722296875001 0.7559505421875 0.9711344203125
0 0.1363649125 0 0.0275487609375 0.88261979375 0.8177679890625 0.9937135093749999 0.9289752390625001 0.09169923437500001 0.276710640625 0 0.1363649125 0