0 0.385197815625 0 0.072713534375 0.648161384375 0.6993991453125 0.9814362890625 0.8737882890625001 0.9723006562500001 1 0.527129546875 1 0.4037021625 0.9925972312500001 0.22209903125000002 0.8002153968749999 0 0.385197815625 0
2 0.346762971875 0 0.0631713515625 0.689874021875 0.42607635312500003 0.835570290625 0.7695610312500001 0 0.346762971875 0
2 0.8062704578125001 0.059297840625 0.8239534265625 0.04405218125 0.8092145859375 0.026890956249999997 0.7915316171875 0.042136617187499996 0.8062704578125001 0.059297840625
2 0.772206234375 0 0.7720796828125 0.01849123125 0.793089509375 0.0183915140625 0.793215315625 0 0.772206234375 0
2 0.77614925625 0.115392721875 0.800509603125 0.076663665625 0.74843340625 0.044266234375000005 0.7240713296875 0.08299538281249999 0.77614925625 0.115392721875
2 0.7655422453125 0.255350840625 0.780873128125 0.1139815640625 0.7176977875 0.1078551390625 0.7023669734375 0.24922614687500003 0.7655422453125 0.255350840625
2 0.8945059484375 0.23740126875 0.8963481625 0.120971828125 0.797392728125 0.1205572140625 0.7955505140625 0.236986653125 0.8945059484375 0.23740126875
2 0.8170075078125001 0.3147495546875 0.8513791968750001 0.2827743125 0.8007770609374999 0.22827261718749997 0.7664070296875 0.2602460390625 0.8170075078125001 0.3147495546875
2 0.6801078046875 0.3728622546875 0.6798872171875 0.32890457031250003 0.6568464374999999 0.3292873140625 0.657067096875 0.373246725 0.6801078046875 0.3728622546875
2 0.6330910921874999 0.3487317921875 0.6392546234375 0.32730484843749996 0.62266493125 0.3227069921875 0.6164997390625 0.344135753125 0.6330910921874999 0.3487317921875
2 0.7327682421875 0.529238575 0.77029868125 0.3999987625 0.6707865328125 0.3721574296875 0.63325609375 0.5013972421874999 0.7327682421875 0.529238575
2 0.4948282703125 0.55937873125 0.5147391796874999 0.5333405140624999 0.48624742187500003 0.51168738125 0.46633824218750003 0.5377255078125 0.4948282703125 0.55937873125
2 0.6878951328125 0.61213523125 0.7450731296875001 0.5630181515625 0.7122612578124999 0.5246744953125 0.6550849890625 0.5737914828124999 0.6878951328125 0.61213523125
2 0.7425467703125 0.6612193390625001 0.7645530359375 0.5882846609375 0.724432803125 0.5766021984374999 0.7024282671875001 0.6495367875 0.7425467703125 0.6612193390625001
2 0.6432232171875001 0.958189128125 0.8002203171875 0.6933616421875 0.5510929828125 0.547525159375 0.394095884375 0.8123526468750001 0.6432232171875001 0.958189128125
2 0.6716237859375 0.96855298125 0.704751365625 0.904740065625 0.665136678125 0.884507759375 0.6320072999999999 0.9483190390624999 0.6716237859375 0.96855298125
2 0.8464395703125 0.8574264015624999 0.8867178296875 0.7493995234375 0.8450946828125 0.734294321875 0.804816425 0.8423212015624999 0.8464395703125 0.8574264015624999
2 0.7442002671875 0.8787467703124999 0.82612879375 0.8149644828125 0.7694066265624999 0.7416482640625001 0.6874781 0.80543055 0.7442002671875 0.8787467703124999
2 0.7245455062499999 0.9182510140625 0.708896921875 0.9809387328125 0.7431534734375 0.9791441531249999 0.7564530765625 0.9258682515625001 0.7245455062499999 0.9182510140625
2 0.9366984953124999 0.71011795625 0.9351356640624999 0.6717789093750001 0.8962399453125001 0.67381651875 0.8978027781250001 0.712155565625 0.9366984953124999 0.71011795625
2 0.9314577859375 0.6081156609375 0.955435253125 0.6038949171875 0.9453628046875 0.542731265625 0.9213853375 0.54695200625 0.9314577859375 0.6081156609375
2 0.9253314078124999 0.37656730625 0.9393218921875001 0.3088597078125 0.8959209093749999 0.3003743671875 0.8819304234375 0.3680819671875 0.9253314078124999 0.37656730625
2 0.9028193515625 0.6763187390625001 0.936370475 0.3115512421875 0.7821410421875 0.299143203125 0.7485899171875 0.6639106984375001 0.9028193515625 0.6763187390625001