3 0.18468976875 0.809529703125 0.199090759375 0.7980082515625 0.115275578125 0.6932376234375 0.1008745875 0.7047590765625 0.18468976875 0.809529703125
3 0.2666056109375 0.89356435625 0.28816006562499996 0.8504537953125 0.1914191421875 0.8020825078125 0.16986468593749998 0.8451930687500001 0.2666056109375 0.89356435625
3 0.1796039609375 0.7383976890625 0.2111303625 0.6975825078125 0.1125775578125 0.6214587453125 0.0810511546875 0.6622739281250001 0.1796039609375 0.7383976890625
3 0.5356237625 0.8458894390625 0.5436650171874999 0.8324158421875 0.4754587453125 0.791711221875 0.4674174921875 0.80518646875 0.5356237625 0.8458894390625
3 0.41082013125000005 0.8669521453125 0.41476897656249995 0.8439224421875 0.39498844843750003 0.840531353125 0.3910396046875 0.86356105625 0.41082013125000005 0.8669521453125
3 0.3236782171875 0.64268316875 0.3540115515625 0.635788778125 0.34039108906250004 0.5758547859375 0.31005610625 0.582749175 0.3236782171875 0.64268316875
3 0.8701996703124999 0.907343234375 0.8813943890625 0.90006105625 0.8403019796875 0.8368894390625 0.8291072609375 0.8441716171874999 0.8701996703124999 0.907343234375
3 0.8410792078125 0.8251897687499999 0.85331848125 0.8196270625000001 0.8244257421875 0.75606435625 0.81218811875 0.7616270625 0.8410792078125 0.8251897687499999
3 0.9068927390624999 0.7762524749999999 0.9135033 0.7666270625 0.8578729375 0.7284224421875 0.8512623765624999 0.7380478546875 0.9068927390624999 0.7762524749999999
3 0.8041155109375 0.75681023125 0.8178795375 0.7283003296875 0.678788778125 0.661151815625 0.665024753125 0.689663365625 0.8041155109375 0.75681023125
3 0.7176221125 0.6847821781250001 0.73394389375 0.6671699671875 0.632465346875 0.5731171609375 0.6161435640625 0.5907277234375 0.7176221125 0.6847821781250001
3 0.8585412546875 0.7024851484375 0.923534653125 0.6415528046875 0.9029999999999999 0.619648515625 0.83800495 0.6805808578125 0.8585412546875 0.7024851484375
3 0.1750033 0.6806699671875001 0.44644554531249997 0.5693712875 0.3647409234375 0.3701039609375 0.0932986796875 0.48140099062499997 0.1750033 0.6806699671875001
3 0.633216171875 0.5783613859375001 0.9558646859375 0.5102920796875 0.9353399343750001 0.4130033 0.61269141875 0.48107260781249994 0.633216171875 0.5783613859375001
3 0.4611188125 0.2090544546875 0.5763828390625 0.185250825 0.5667029703125 0.13838283906249998 0.45143894375000004 0.16218811875 0.4611188125 0.2090544546875
3 0.7534801984375 0.413750825 0.7741336640625 0.4081056109375 0.7506452140625 0.322158415625 0.7299917484375 0.3278036296875 0.7534801984375 0.413750825
3 0.7186270625 0.3194851484375 0.7489768984375 0.3176056109375 0.7438679875 0.23513531406250002 0.7135198015625 0.2370148515625 0.7186270625 0.3194851484375
3 0.70249505 0.24122607187499998 0.7278696375 0.23065346562500003 0.7136353140625 0.1964900984375 0.6882590765625001 0.20706270624999998 0.70249505 0.24122607187499998
3 0.1785808578125 0.14339934062499998 0.188470296875 0.142782178125 0.1853217828125 0.092409240625 0.17543399375 0.093028053125 0.1785808578125 0.14339934062499998
3 0.0997640265625 0.2475445546875 0.1604785484375 0.23999505000000002 0.1486188125 0.144595709375 0.087904290625 0.15214356406250001 0.0997640265625 0.2475445546875
0 0.9374917484375 0.90518976875 0.9690594062500001 0.125 0.07693894375 0.088902640625 0.0453712875 0.8690924093750001 0.9374917484375 0.90518976875