3 0.7207627609375 0.8563379703124999 0.732375334375 0.8694821875000001 0.8295395484375 0.7833621374999999 0.817926975 0.7702179203124999 0.7207627609375 0.8563379703124999
3 0.62764530625 0.8921190812500001 0.6405737203124999 0.9362726703125 0.7402325515625 0.9055408375 0.7273041359375 0.8613872484374999 0.62764530625 0.8921190812500001
3 0.7266833546875 0.759419984375 0.7494213249999999 0.8029522921875 0.85556799375 0.7462367078125001 0.8328300234375 0.7027043984375 0.7266833546875 0.759419984375
3 0.3895302390625 0.8353042187499999 0.394802603125 0.8493067468750001 0.46620209843750005 0.821393871875 0.46093001874999995 0.807389784375 0.3895302390625 0.8353042187499999
3 0.5092391875 0.8662438734375 0.509002971875 0.8886539546875 0.5282613375 0.8885213734375 0.528497553125 0.8661112937500001 0.5092391875 0.8662438734375
3 0.6024274703125 0.6787120609375 0.6298781296875 0.6899553640625 0.6530555687499999 0.635351340625 0.62560335 0.6241077765624999 0.6024274703125 0.6787120609375
3 0.059038459375 0.8467920343750001 0.0683537609375 0.855425375 0.11802299375 0.8020301406250001 0.10870769218750001 0.7933968015625 0.059038459375 0.8467920343750001
3 0.0993904328125 0.7750345953125 0.1099878765625 0.7822030671875 0.148205265625 0.726539803125 0.13760938125 0.719371590625 0.0993904328125 0.7750345953125
3 0.0516937625 0.7155125296875 0.056277840625 0.725650503125 0.1153744640625 0.698145965625 0.1107903875 0.6880079921875 0.0516937625 0.7155125296875
3 0.1485688421875 0.694113321875 0.15665570625 0.723236721875 0.299528653125 0.6813226859375 0.29144207031249997 0.652197725 0.1485688421875 0.694113321875
3 0.23833463593749998 0.6493141671875 0.2507121625 0.66852159375 0.3627075546875 0.5952910796875 0.3503297421875 0.5760852140625 0.23833463593749998 0.6493141671875
3 0.0637532765625 0.5955789953124999 0.11462422812499999 0.6633563812500001 0.1377829421875 0.6458200374999999 0.0869104296875 0.578042396875 0.0637532765625 0.5955789953124999
3 0.5265942859375 0.6014750703125 0.7637019031250001 0.7490330609375 0.8751403078125 0.5731492890625 0.6380324078124999 0.425592859375 0.5265942859375 0.6014750703125
3 0.055825718749999996 0.4663219265625 0.348718165625 0.5809316796874999 0.38484250468750003 0.4920479125 0.0919500578125 0.3774381609375 0.055825718749999996 0.4663219265625
3 0.47004329375 0.217723059375 0.5747655875000001 0.25818047499999996 0.5919717437500001 0.21533077343749998 0.4872497375 0.174871796875 0.47004329375 0.217723059375
3 0.24498662499999999 0.3978782140625 0.263513634375 0.40643358437500005 0.30048365625 0.3287447515625 0.28195665000000003 0.3201893828125 0.24498662499999999 0.3978782140625
3 0.2843154046875 0.3161400046875 0.31264488749999997 0.3226397046875 0.3316628828125 0.2453823296875 0.3033349546875 0.23888288750000003 0.2843154046875 0.3161400046875
3 0.31921035781249996 0.2371296765625 0.341346346875 0.2510828078125 0.3606672234375 0.220964184375 0.33852967500000003 0.20701079843749998 0.31921035781249996 0.2371296765625
3 0.8435787375 0.23786883125 0.8528090390624999 0.23999121093750003 0.864450778125 0.1928081484375 0.8552223203124999 0.19068446249999998 0.8435787375 0.23786883125
3 0.8532714890624999 0.33422741093749997 0.9092920031249999 0.3508164671875 0.9369108140625 0.262371521875 0.8808900156249999 0.2457840234375 0.8532714890624999 0.33422741093749997
0 0.1096920921875 0.099620165625 0.005194565625 0.842920125 0.8536517437500001 0.947524446875 0.9581492703125001 0.20422448593750003 0.1096920921875 0.099620165625