3 0.9025798734375 0.8844447750000001 0.8888672968750001 0.8679850281249999 0.77542215625 0.9604015828125 0.7891347296875 0.9768613296875 0.9025798734375 0.8844447750000001
3 0.9928027265624999 0.7937611953125 0.9431871 0.7686163968749999 0.8938514906249999 0.8767127765625 0.9434671171875 0.901857578125 0.9928027265624999 0.7937611953125
3 0.8228439890624999 0.8887780203125001 0.7752876140625 0.8524378234375 0.6948336609375 0.9620305437500001 0.7423900375 0.998370740625 0.8228439890624999 0.8887780203125001
3 0.9250904656250001 0.4895810375 0.90951545625 0.48025168906250004 0.86730780625 0.5563341390625001 0.8828846718750001 0.56566351875 0.9250904656250001 0.4895810375
3 0.9553174171875 0.6306763671875 0.9292090171874999 0.625772034375 0.9264312312499999 0.6480022796875 0.952539634375 0.652906615625 0.9553174171875 0.6306763671875
3 0.7076465453125 0.7244916671875 0.6983034390625 0.6901637359375 0.6316090640625001 0.704337725 0.640952259375 0.7386675171875 0.7076465453125 0.7244916671875
3 0.9766812890625 0.113650171875 0.9679045875 0.100888 0.8990079390625001 0.1459651625 0.907784640625 0.1587273359375 0.9766812890625 0.113650171875
3 0.8858085875 0.144858859375 0.8789110625 0.130953078125 0.8089354890625 0.1622708578125 0.8158329296875 0.176174778125 0.8858085875 0.144858859375
3 0.827321165625 0.069709784375 0.8161491609375 0.062068851562500006 0.7760944890625 0.124024703125 0.7872664953124999 0.13166563281250002 0.827321165625 0.069709784375
3 0.8108383046875 0.1851795921875 0.7780521578124999 0.1691035828125 0.709816215625 0.32456800937499997 0.74260421875 0.3406440515625 0.8108383046875 0.1851795921875
3 0.7343590859375 0.2812593171875 0.713695603125 0.2625145765625 0.6132300875000001 0.37505247812500003 0.6338917140625 0.393797184375 0.7343590859375 0.2812593171875
3 0.7468877640625 0.1227610296875 0.6749524499999999 0.0483004125 0.651392340625 0.07101646406249999 0.723327740625 0.145478940625 0.7468877640625 0.1227610296875
3 0.758158521875 0.8928281359374999 0.6187615265625 0.5846636578125 0.398925225 0.6728418656249999 0.5383203671875 0.9810063124999999 0.758158521875 0.8928281359374999
3 0.619088946875 0.3743093171875 0.5256297156249999 0.0092747734375 0.417284028125 0.030496423437499996 0.5107432562499999 0.39553096718749997 0.619088946875 0.3743093171875
3 0.21274393125 0.5610342125 0.179933978125 0.430638165625 0.12772854218750002 0.44062732968749996 0.16054035 0.5710234062499999 0.21274393125 0.5610342125
3 0.42765127812500003 0.23550671093750003 0.4202201890625 0.21211467968750003 0.324785646875 0.2369002140625 0.3322167359375 0.260292246875 0.42765127812500003 0.23550671093750003
3 0.323456253125 0.2729390546875 0.31975249375 0.23869119374999997 0.227265634375 0.24282739062499997 0.23096930625 0.27707339375 0.323456253125 0.2729390546875
3 0.23628319375 0.2895835515625 0.223062946875 0.2607728375 0.185384996875 0.27614583593750003 0.19860533281249998 0.3049584140625 0.23628319375 0.2895835515625
3 0.15370192968750002 0.8782242921875 0.152489759375 0.8670645968749999 0.0960001625 0.8696225375 0.0972141015625 0.8807804062500001 0.15370192968750002 0.8782242921875
3 0.2749629546875 0.9691171765625001 0.2632915578125 0.9005301296875 0.156617015625 0.9120215921874999 0.168286559375 0.9806086078125 0.2749629546875 0.9691171765625001
0 0.09168031875 0 0.09773379062500001 0.9917246359374999 0.24056768125 1 0.9766077937500001 1 0.9707342671875001 0.037754953125000004 0.3190786609375 0 0.09168031875 0