0 0.6314036796875 1 0.9416347249999999 0.3565123234375 0.30093378125000003 0.0157839859375 0.12264456093750001 0.0251239296875 0 0.45771306718749993 0 0.7631913031249999 0.00117855 0.7921032265625 0.1812584109375 1 0.6314036796875 1
2 0.669336465625 1 0.9513903109375 0.3138668140625 0.5803692234375 0.16491216250000001 0.237082871875 1 0.669336465625 1
2 0.191672375 0.9585453390625001 0.173593940625 0.9741319546874999 0.1886624046875 0.991676978125 0.2067408390625 0.9760903593749999 0.191672375 0.9585453390625001
2 0.2224672140625 0.9011959390625 0.1975620671875 0.9407911406249999 0.2508029078125 0.973913115625 0.2757098234375 0.93431781875 0.2224672140625 0.9011959390625
2 0.2333114421875 0.7581077671875 0.217637696875 0.9026386562500001 0.28222590468750003 0.9089020937500001 0.2978995796875 0.764369434375 0.2333114421875 0.7581077671875
2 0.1014635671875 0.7764587671875 0.099580153125 0.8954920609375 0.2007486484375 0.895915946875 0.2026320625 0.7768826546875001 0.1014635671875 0.7764587671875
2 0.1806952 0.697380646875 0.14555481406249998 0.730070990625 0.197288628125 0.7857915734375001 0.23242731718749998 0.753103090625 0.1806952 0.697380646875
2 0.3206565578125 0.6379683015625 0.320882078125 0.682909065625 0.344438146875 0.6825177625000001 0.344212553125 0.6375752328125001 0.3206565578125 0.6379683015625
2 0.36872476249999997 0.6626384234375 0.36242338749999997 0.6845445640625 0.3793840953125 0.689245246875 0.3856871671875 0.6673372484375 0.36872476249999997 0.6626384234375
2 0.2668184109375 0.478094746875 0.2284486328125 0.6102249078125 0.3301862921875 0.6386888890625 0.36855607031250004 0.5065587296875 0.2668184109375 0.478094746875
2 0.5100797234375001 0.44728052968750004 0.48972352187499996 0.473901071875 0.5188524765625 0.49603845937499996 0.539206909375 0.4694180109375 0.5100797234375001 0.44728052968750004
2 0.312695071875 0.39334417187500004 0.254238334375 0.4435597171875 0.2877840171875 0.4827609 0.3462389890625 0.43254544843750004 0.312695071875 0.39334417187500004
2 0.25682119375 0.3431623375 0.234322775 0.4177281421875 0.275340265625 0.4296718734375 0.297836915625 0.355106159375 0.25682119375 0.3431623375
2 0.358366040625 0.0395510515625 0.1978578234375 0.310301196875 0.4525566953125 0.4593991984375 0.6130649109374999 0.1886490515625 0.358366040625 0.0395510515625
2 0.3293303140625 0.02895541875 0.2954618625 0.094195459375 0.33596250156249996 0.1148802453125 0.3698327921875 0.0496418765625 0.3293303140625 0.02895541875
2 0.15060491250000002 0.1425672578125 0.1094258609375 0.253010071875 0.1519798765625 0.2684530890625 0.1931589265625 0.15801027343750002 0.15060491250000002 0.1425672578125
2 0.2551307171875 0.120770075 0.1713699234375 0.18597880312499998 0.2293606375 0.2609346828125 0.31312143125 0.1957259546875 0.2551307171875 0.120770075
2 0.2752250421875 0.08038235 0.29122359375 0.01629266875 0.256200921875 0.018127382812500002 0.24260388281249998 0.072594759375 0.2752250421875 0.08038235
2 0.058327417187499994 0.293170140625 0.0599252 0.3323666109375 0.099690790625 0.33028343125 0.09809300625 0.29108696093750003 0.058327417187499994 0.293170140625
2 0.06368533125 0.3974536375 0.0391716265625 0.401768775 0.0494693375 0.46430030312500004 0.0739830421875 0.45998516875 0.06368533125 0.3974536375
2 0.0699487203125 0.6341803890625 0.05564535 0.7034022156249999 0.10001696093750001 0.712077325 0.114320334375 0.642855496875 0.0699487203125 0.6341803890625
2 0.092964240625 0.3277252515625 0.0586627734375 0.7006504875 0.21634142656250002 0.713336021875 0.25064289687499997 0.3404107875 0.092964240625 0.3277252515625