0 1 0.3955267578125 0.3111093140625 0.0634065234375 0 0.6484122578125 0 0.9405786046875001 0.209589809375 1 0.8385326515625 1 1 0.860137234375 1 0.3955267578125
2 1 0.35481547343750003 0.2660145703125 0.053090649999999996 0.108505090625 0.44542038125000005 1 0.811894446875 1 0.35481547343750003
2 0.9827530203125001 0.8596238765625 0.9662712250000001 0.840507153125 0.9477185499999999 0.8564410359375 0.9642003453125 0.8755577578124999 0.9827530203125001 0.8596238765625
2 1 0.8195339234375 0.9918338046875 0.8194780359375 0.9919416062499999 0.8421913609375 1 0.8422464843749999 1 0.8195339234375
2 0.9639689359375 0.79391449375 0.9220995859375 0.7675771124999999 0.8870754359375 0.823877575 0.9289446859374999 0.8502130843750001 0.9639689359375 0.79391449375
2 0.8952241734375 0.760686796875 0.7423906515625001 0.74411294375 0.7357693609375 0.8124105359374999 0.8886010125 0.8289844625 0.8952241734375 0.760686796875
2 0.8814922015625 0.846843490625 0.7556225375000001 0.8448519078125001 0.7551743046875 0.9518307546875 0.8810439703125 0.9538223374999999 0.8814922015625 0.846843490625
2 0.7650431171875 0.850502228125 0.7304772546875 0.8133454375 0.6715545359374999 0.8680486578125001 0.706122365625 0.905207240625 0.7650431171875 0.850502228125
2 0.6558380390624999 0.6949015546874999 0.6083143515625 0.6951401046875 0.6087299953125 0.720048978125 0.656251815625 0.7198105046875 0.6558380390624999 0.6949015546874999
2 0.6629519 0.657948575 0.639785671875 0.6512835015625 0.63481698125 0.6692201 0.6579812453125 0.6758833765625 0.6629519 0.657948575
2 0.6094919671875 0.709971928125 0.4697732515625 0.6693984796875 0.43967451406249997 0.77697918125 0.5793932296875 0.8175526281250001 0.6094919671875 0.709971928125
2 0.45864877656249997 0.5104701859375 0.4304994515625 0.4889467484375 0.4070905609375 0.519746778125 0.435239984375 0.5412720859375 0.45864877656249997 0.5104701859375
2 0.444608653125 0.7548094671875 0.3915092078125 0.6929972859375 0.35005650625 0.7284677109375 0.403156053125 0.7902817625 0.444608653125 0.7548094671875
2 0.388470596875 0.7679678953125 0.3096223921875 0.7441792078125 0.29699260625 0.7875505625 0.3758409078125 0.8113411203125 0.388470596875 0.7679678953125
2 0 0.6944347046875 0.26224417031249997 0.8499003421875001 0.41990523281250003 0.5805734953125 0.133605246875 0.41084690156250003 0 0.639080046875 0 0.6944347046875
2 0 0.7291817890625001 0.03372695625 0.746690665625 0.0555997203125 0.7038639765625 0 0.6749978546875 0 0.7291817890625001
2 0.217992625 0.8984131703125 0.101206809375 0.8548691078124999 0.08487686250000001 0.899867103125 0.201662678125 0.9434111671875 0.217992625 0.8984131703125
2 0.2100424171875 0.8165882453125001 0.1410885953125 0.728016865625 0.061827815625000004 0.7893381265625 0.130781640625 0.87790950625 0.2100424171875 0.8165882453125001
2 0 0.799866946875 0.0108856734375 0.8025844078125 0.019120525 0.7680897359375 0 0.7633167265624999 0 0.799866946875
2 0.28337403437500003 0.9537053468750001 0.241926415625 0.9553948953125 0.24412923593750002 0.9974443187500001 0.2855768546875 0.9957547718749999 0.28337403437500003 0.9537053468750001
2 0.423888859375 1 0.42052485781250004 0.9808895546875 0.3544019875 0.9917786874999999 0.3558491828125 1 0.423888859375 1
2 0.6779767640625 1 0.6870952781249999 0.9533604421874999 0.6138978734375 0.9382355921875 0.6047245343750001 0.9851555765625 0.6765648125 1 0.6779767640625 1
2 0.6884262671875 0.8303551812500001 0.294083028125 0.79408369375 0.28066893125000003 0.9608182171875 0.6750121703125 0.9970897031250001 0.6884262671875 0.8303551812500001