3 0.124102740625 0.74240026875 0.11053451562500001 0.7543874421875 0.1994326328125 0.8546859859374999 0.21300085625 0.8426988124999999 0.124102740625 0.74240026875
3 0.08716739999999999 0.6462790265625 0.0415895015625 0.6596244859375 0.073312684375 0.7624981171874999 0.1188905828125 0.7491526562499999 0.08716739999999999 0.6462790265625
3 0.2241471125 0.74851185 0.1792105375 0.7719833031250001 0.23775565625 0.8815540578125001 0.282692234375 0.8580826046875 0.2241471125 0.74851185
3 0.145815 0.400482828125 0.131360778125 0.4059252671875 0.1601740671875 0.479627971875 0.1746299 0.47418582656249997 0.145815 0.400482828125
3 0.1138772921875 0.5240533546874999 0.0907443046875 0.52380951875 0.0908811625 0.543689121875 0.11401414843749999 0.5439329578125001 0.1138772921875 0.5240533546874999
3 0.3074585171875 0.6202477109375 0.295852528125 0.6485838765625 0.3522179703125 0.6725089734374999 0.36382423125 0.6441711999999999 0.3074585171875 0.6202477109375
3 0.133956609375 0.05933002187500001 0.1250447734375 0.06894581718750001 0.1801624359375 0.12021728437500001 0.18907426875 0.1106014890625 0.133956609375 0.05933002187500001
3 0.20802880468749999 0.10098367187499999 0.20062909218749997 0.11192296875 0.2580879453125 0.151373178125 0.26548739062500004 0.140435490625 0.20802880468749999 0.10098367187499999
3 0.2694709375 0.05174840000000001 0.2590059328125 0.056480351562499996 0.2873977125 0.1174833171875 0.2978627171875 0.1127513671875 0.2694709375 0.05174840000000001
3 0.2915604421875 0.1517484828125 0.261497578125 0.1600962125 0.3047636796875 0.3075779640625 0.3348281546875 0.2992305234375 0.2915604421875 0.1517484828125
3 0.33780473125 0.244409946875 0.317977709375 0.2571867484375 0.3935704984375 0.3727948953125 0.41339590781249996 0.36001779843750004 0.33780473125 0.244409946875
3 0.3932732953125 0.06419693125 0.32330954218749997 0.11670888125000001 0.3414115734375 0.14061465 0.41137559062499995 0.0881010890625 0.3932732953125 0.06419693125
3 0.3871870234375 0.5419682953125 0.2348690984375 0.7867245453125 0.416426540625 0.9017577375 0.5687428546875 0.6570011953125 0.3871870234375 0.5419682953125
3 0.526699946875 0.056013645312500006 0.40839310468749995 0.3583542359375 0.500144090625 0.3956438765625 0.6184509312500001 0.09330328593750001 0.526699946875 0.056013645312500006
3 0.7833181328125 0.483593078125 0.7415556390625 0.591693509375 0.7857875890625 0.609454703125 0.82755169375 0.5013545671874999 0.7833181328125 0.483593078125
3 0.5973515203125 0.251276515625 0.5885201703125 0.2704011703125 0.6687150953125001 0.3085637734375 0.6775464437500001 0.289439121875 0.5973515203125 0.251276515625
3 0.6817264468750001 0.291873965625 0.6750170796875 0.321117303125 0.754766628125 0.3407487828125 0.7614757296875 0.31150705 0.6817264468750001 0.291873965625
3 0.7632854953125 0.3278945625 0.7488822625 0.350744615625 0.7799724546875 0.37068874687500003 0.7943759499999999 0.347837084375 0.7632854953125 0.3278945625
3 0.7625224968750001 0.8691780515625 0.760331653125 0.8787061046875 0.80903675 0.890723384375 0.8112289421875 0.881197234375 0.7625224968750001 0.8691780515625
3 0.6630555765625 0.879183471875 0.6459313890625 0.9370111 0.737229396875 0.9655208406250001 0.7543519765625 0.9076929187499999 0.6630555765625 0.879183471875
0 0.905230796875 0.11161764375000001 0.13795341875 0.0037492296875 0.0299747640625 0.87957599375 0.79725214375 0.9874444078125 0.905230796875 0.11161764375000001