3 0.1184233125 0.8432674484374999 0.133288521875 0.8308832781250001 0.049824820312500004 0.728428134375 0.0349596109375 0.740812303125 0.1184233125 0.8432674484374999
3 0.2003219203125 0.9247499625 0.2230308171875 0.87994085 0.1254062734375 0.835384628125 0.10269737500000001 0.880193740625 0.2003219203125 0.9247499625
3 0.11450985 0.771255978125 0.147329590625 0.7283066265625 0.048353665625 0.65564665 0.015533925 0.698596003125 0.11450985 0.771255978125
3 0.475034625 0.8635973265624999 0.48346019374999993 0.849531146875 0.41474823125000004 0.8114123624999999 0.40632263437500005 0.8254802187499999 0.475034625 0.8635973265624999
3 0.34760790625000004 0.8908960421875 0.35203713125 0.86731689375 0.33196044062499996 0.86480820625 0.3275312125 0.8883873578125 0.34760790625000004 0.8908960421875
3 0.26288096250000004 0.6672182859375 0.2938833765625 0.65878029375 0.28108249218750003 0.5985469359375 0.2500783984375 0.606985009375 0.26288096250000004 0.6672182859375
3 0.8145471890625 0.9101902890625 0.826073025 0.90226383125 0.7853627125 0.8400415453125 0.773836875 0.847968003125 0.8145471890625 0.9101902890625
3 0.7863618421874999 0.8281208812499999 0.7989205015625 0.821891553125 0.77063663125 0.7586948640625 0.758079653125 0.7649241140624999 0.7863618421874999 0.8281208812499999
3 0.8542308515625001 0.7752994281250001 0.86113156875 0.7652097109375 0.805177690625 0.7290353359374999 0.798276975 0.739125053125 0.8542308515625001 0.7752994281250001
3 0.74994718125 0.76041334375 0.7644658265625 0.7308033546875 0.6240620171875 0.6691777703125 0.6095433406249999 0.698789434375 0.74994718125 0.76041334375
3 0.6631751796875001 0.69134305 0.6801040234375 0.6726813421875 0.57846823125 0.5819484234375001 0.5615394171875 0.6006084546875 0.6631751796875001 0.69134305
3 0.8063189453125 0.7026580124999999 0.873566190625 0.63769143125 0.85305075625 0.6164137078125 0.7858018312499999 0.681380365625 0.8063189453125 0.7026580124999999
3 0.11085208906249999 0.712836915625 0.389163134375 0.586944003125 0.309527190625 0.38840434375 0.0312161734375 0.5142955812500001 0.11085208906249999 0.712836915625
3 0.5791393984375001 0.5872397046875 0.9088112203125001 0.5028343375000001 0.8896454171875 0.4049846375 0.5599735953125 0.48939000312500003 0.5791393984375001 0.5872397046875
3 0.41050347656249997 0.2202593625 0.52826740625 0.1906278734375 0.5192459421875 0.1434798390625 0.40148198593749995 0.173113003125 0.41050347656249997 0.2202593625
3 0.7044955015625 0.41434756093749997 0.7256214296875 0.4076363578125 0.70323699375 0.3214470375 0.6821110640625 0.3281582390625 0.7044955015625 0.41434756093749997
3 0.670689415625 0.32024642812500004 0.701619515625 0.31690147031250004 0.6978840125 0.23337427656249998 0.666955590625 0.2367191546875 0.670689415625 0.32024642812500004
3 0.6556573546875 0.241518259375 0.68167703125 0.22957872343750002 0.6677932921874999 0.195550825 0.6417719328125 0.207490440625 0.6556573546875 0.241518259375
3 0.12404118593749999 0.1669370546875 0.1341197859375 0.1658423140625 0.1318096453125 0.114825146875 0.1217326953125 0.1159214859375 0.12404118593749999 0.1669370546875
3 0.04195355 0.27645091875 0.1038962265625 0.2659101875 0.093518 0.1695697421875 0.0315753515625 0.1801087984375 0.04195355 0.27645091875
0 0 0.9102097515625 0.8830900578125 0.9048193843749999 0.929090175 0.11085113437500001 0.0215361875 0.1163908296875 0 0.4881083421875 0 0.9102097515625