3 0.09513559375 0.3151118640625 0.10992711875000001 0.32694576249999996 0.1960152546875 0.2193338984375 0.181223728125 0.20750000000000002 0.09513559375 0.3151118640625
3 0.1659966109375 0.1708694921875 0.18813559375 0.215149153125 0.2875 0.1654661015625 0.2653610171875 0.12118644062499999 0.1659966109375 0.1708694921875
3 0.0747745765625 0.358749153125 0.1071559328125 0.40067118593749995 0.20838135625 0.3224830515625 0.176 0.28056101718750004 0.0747745765625 0.358749153125
3 0.47161864375 0.2119610171875 0.47987796562499996 0.2258016953125 0.5499338984375 0.1839932203125 0.5416745765625001 0.1701542375 0.47161864375 0.2119610171875
3 0.3931694921875 0.1520033890625 0.3972254234375 0.1756576265625 0.4175423734375 0.1721745765625 0.413486440625 0.1485203390625 0.3931694921875 0.1520033890625
3 0.30998983125 0.4404305078125 0.3411474578125 0.44751186406250004 0.3551372875 0.38595254218749997 0.32398135625 0.3788711859375 0.30998983125 0.4404305078125
3 0.8431169484375 0.17191864375000002 0.8546152546875 0.1793983046875 0.896822034375 0.114513559375 0.8853237281249999 0.1070338984375 0.8431169484375 0.17191864375000002
3 0.8257389828124999 0.2567016953125 0.838308475 0.2624152546875 0.8679847453124999 0.1971288140625 0.8554135593750001 0.1914152546875 0.8257389828124999 0.2567016953125
3 0.86587288125 0.2809203390625 0.8726627125 0.2908067796875 0.9298016953125 0.25156610156250003 0.9230118640624999 0.24167966093749998 0.86587288125 0.2809203390625
3 0.6745847453125 0.3306169484375 0.688722034375 0.3599016953125 0.8315847453125 0.290932203125 0.8174474578125001 0.261649153125 0.6745847453125 0.3306169484375
3 0.624377965625 0.43223559375000004 0.6411423734375 0.450323728125 0.74537288125 0.3537203390625 0.7286084749999999 0.33563050781250003 0.624377965625 0.43223559375000004
3 0.8522559328125 0.3399457625 0.919013559375 0.4025305078125 0.940105084375 0.38003220312499997 0.8733491531249999 0.3174474578125 0.8522559328125 0.3399457625
3 0.0873542375 0.54452711875 0.3661576265625 0.6588423734375 0.45007796562499996 0.4541711859375 0.1712745765625 0.3398542375 0.0873542375 0.54452711875
3 0.620832203125 0.54486440625 0.9522305078125 0.6147796609375 0.9733118640624999 0.5148525421875 0.641913559375 0.4449372875 0.620832203125 0.54486440625
3 0.4552067796875 0.8723966109375001 0.5735966109375 0.8968474578125001 0.5835389828124999 0.8487084749999999 0.46514915312499994 0.8242593218750001 0.4552067796875 0.8723966109375001
3 0.741313559375 0.70228983125 0.76252711875 0.7080881359375 0.7866525421875 0.6198101687500001 0.7654389828125 0.6140118640625001 0.741313559375 0.70228983125
3 0.724394915625 0.795540678125 0.7555661015624999 0.7974711859375 0.7608135593750001 0.71276440625 0.729640678125 0.7108338984375 0.724394915625 0.795540678125
3 0.698449153125 0.8263050843749999 0.724513559375 0.83716440625 0.7391338984375 0.8020745765624999 0.7130711859375001 0.7912152546875 0.698449153125 0.8263050843749999
3 0.17171694843750002 0.943432203125 0.18187288125 0.944067796875 0.1851067796875 0.8923288140625001 0.17494915312499998 0.891694915625 0.17171694843750002 0.943432203125
3 0.081813559375 0.8827135593750001 0.1441745765625 0.8904661015625001 0.1563559328125 0.7924796609375 0.093994915625 0.7847254234375 0.081813559375 0.8827135593750001
0 0.03812711875 0.146322034375 0.07055084687499999 0.9476694921875 0.9868644062499999 0.9105932203125 0.954440678125 0.1092457625 0.03812711875 0.146322034375