3 0 0.7403850828125 0.0846256859375 0.8442666125 0.100171003125 0.831315846875 0.012888701562499999 0.7241732125 0 0.73491075625 0 0.7403850828125
3 0.0919281296875 0.8360231406249999 0.0681802609375 0.8828823437500001 0.1702712890625 0.929477084375 0.1940191546875 0.8826178828125 0.0919281296875 0.8360231406249999
3 0 0.7098396734375 0.0805331765625 0.7689605 0.1148544734375 0.7240461453125 0.0113502390625 0.64806185625 0 0.6629152765625 0 0.7098396734375
3 0.3945079546875 0.8109541046875 0.385696871875 0.8256655875 0.45755254843750004 0.8655266156250001 0.4663636015625 0.8508168859374999 0.3945079546875 0.8109541046875
3 0.3079324875 0.8667928953124999 0.3033006140625 0.89145083125 0.32429585 0.8940742921875 0.32892771875000004 0.869416359375 0.3079324875 0.8667928953124999
3 0.2547267890625 0.5883497375 0.22230420781250002 0.5971738656250001 0.23569250937500003 0.6601629140624999 0.268113334375 0.65133886875 0.2547267890625 0.5883497375
3 0.7820786531249999 0.8408931187500001 0.7700254906249999 0.8491822250000001 0.8125983671875 0.9142512828125 0.8246515296875 0.9059621765625 0.7820786531249999 0.8408931187500001
3 0.7666788296875 0.7558246937499999 0.7535473500000001 0.7623389421875 0.7831234953124999 0.8284270656249999 0.796256734375 0.8219127359374999 0.7666788296875 0.7558246937499999
3 0.8028002000000001 0.72480819375 0.7955837640625 0.7353595328125 0.854097621875 0.7731889437499999 0.8613140593749999 0.76263760625 0.8028002000000001 0.72480819375
3 0.6133981875 0.662212046875 0.5982152578125 0.69317849375 0.7450428046875001 0.757621796875 0.7602257015625 0.726657103125 0.6133981875 0.662212046875
3 0.5657184125 0.570991815625 0.5480150765625 0.5905055734375 0.6543008421875001 0.6853914249999999 0.6720042078125 0.6658759140625 0.5657184125 0.570991815625
3 0.8528635359375001 0.6070339421875001 0.7825378625 0.67497293125 0.8039936687499999 0.6972240656250001 0.8743175843750001 0.62928515625 0.8528635359375001 0.6070339421875001
3 0 0.5166267921875 0.07670806718749999 0.7078686703125 0.367752296875 0.5762159515625 0.2844728796875 0.368592778125 0 0.49727127343750005 0 0.5166267921875
3 0.8911324625000001 0.385931646875 0.546377615625 0.47419869531250003 0.5664202859375 0.57652518125 0.9111751328125001 0.48825813125 0.8911324625000001 0.385931646875
3 0.50378660625 0.1124625765625 0.38063475625 0.14345150625 0.3900689953125 0.1927548890625 0.5132208171875 0.1617677109375 0.50378660625 0.1124625765625
3 0.6961955484375 0.298572065625 0.6741030734375 0.305590315625 0.6975116359375 0.3957229390625 0.719604109375 0.3887046875 0.6961955484375 0.298572065625
3 0.6905976593750001 0.20646983125 0.6582542124999999 0.20996774375 0.662158865625 0.2973165265625 0.6945040687499999 0.29381853125 0.6905976593750001 0.20646983125
3 0.6591302406249999 0.1669158953125 0.6319183609375 0.17940176875 0.6464390640625 0.214986415625 0.6736491828125 0.2025006265625 0.6591302406249999 0.1669158953125
3 0.098624465625 0.0824968859375 0.088086478125 0.08364338437499999 0.0905005859375 0.13699299843749999 0.1010402984375 0.135848171875 0.098624465625 0.0824968859375
3 0 0.2082829328125 0.0046573078125 0.2515173 0.0694339625 0.2404943140625 0.058580915624999993 0.13974613593750002 0 0.14971321875000002 0 0.2082829328125
0 0 0.9140322624999999 0.884277184375 0.90863465 0.9323818828125001 0.07834105625 0 0.0840323 0 0.9140322624999999