2 0.3929516734375 0.7908973984375 0.42841024687499996 0.7807034875000001 0.41757936406249996 0.7483972734375001 0.38212079062500004 0.758591184375 0.3929516734375 0.7908973984375
2 0.37740823125 0.75284255625 0.7398028390625 0.6580015265625 0.719932059375 0.593950725 0.357537321875 0.6887900390625 0.37740823125 0.75284255625
2 0.4161220421875 0.6454637296875 0.5907162390625 0.5876035515625 0.5761566578124999 0.5490581890625 0.4015624625 0.6069183625 0.4161220421875 0.6454637296875
2 0.3219152890625 0.586477796875 0.34560515625 0.5735706031250001 0.3262511265625 0.5402855859375 0.3025612578125 0.5531927796875 0.3219152890625 0.586477796875
2 0.38938995625 0.557509684375 0.42670815781250004 0.5551370546875 0.423987525 0.531622034375 0.386669321875 0.5339946640625 0.38938995625 0.557509684375
2 0.33811994375 0.510179909375 0.47703754531250003 0.4775758703125 0.46289204687499996 0.4277628046875 0.323974446875 0.46036684687499996 0.33811994375 0.510179909375
2 0.2670029203125 0.45843770937499995 0.42494967343749995 0.4225638328125 0.409675940625 0.36733972812500004 0.2517291828125 0.40321360312500004 0.2670029203125 0.45843770937499995
2 0.249213425 0.3959508421875 0.6362091515625 0.2879544546875 0.6199600015625 0.238278115625 0.2329659875 0.3462744640625 0.249213425 0.3959508421875
2 0.47286977031250005 0.5596561624999999 0.693071159375 0.50261488125 0.67814025 0.45407847500000004 0.4579371484375 0.511119796875 0.47286977031250005 0.5596561624999999
2 0.511599996875 0.4530161421875 0.548209115625 0.4431288984375 0.539900071875 0.41703153125 0.503292665625 0.42691873593749996 0.511599996875 0.4530161421875
2 0.5549125874999999 0.43844805156250005 0.669948234375 0.41666532500000003 0.662554665625 0.3858157875 0.5475191484375 0.407600234375 0.5549125874999999 0.43844805156250005
2 0.5475581296875001 0.3813460265625 0.6532554609375001 0.3590367 0.63890824375 0.304038534375 0.5332093312499999 0.3263496171875 0.5475581296875001 0.3813460265625
2 0.4424308953125 0.8399140578125 0.4871984140625 0.8292005296875 0.483063153125 0.8148638296874999 0.438295634375 0.8255773578125 0.4424308953125 0.8399140578125
2 0.49641259687500006 0.8281313078125001 0.53353199375 0.8179124218749999 0.5297738734374999 0.8062933375 0.49265447812499996 0.816512225 0.49641259687500006 0.8281313078125001
2 0.56589404375 0.8155315890624999 0.7711302359375 0.7664426093750001 0.7633306 0.7393896062499999 0.558094409375 0.7884785859375001 0.56589404375 0.8155315890624999
2 0.602014353125 0.7378839984375001 0.6309192625 0.7372099984375 0.6290129703125 0.7120067921875 0.600108059375 0.7126807937499999 0.602014353125 0.7378839984375001
2 0.6726939640625 0.7152858656250001 0.7203343953125 0.714174990625 0.7184279734375 0.68897006875 0.6707875421875 0.6900809421874999 0.6726939640625 0.7152858656250001
2 0.742069546875 0.7142629625 0.753893690625 0.7112436453125001 0.7431883921875 0.676037909375 0.73136425 0.679057225 0.742069546875 0.7142629625
0 0.3793575859375 0.8598765921875 0.7704242203125 0.766727246875 0.6212260390625 0.24750738593750002 0.230161246875 0.34065840937499997 0.3793575859375 0.8598765921875