2 0.2199926921875 0.5702297203125 0.20976641875 0.6058008609375001 0.2421751921875 0.6166661265625 0.252401465625 0.5810949875 0.2199926921875 0.5702297203125
2 0.3430841828125 0.25784858125 0.2479420703125 0.621393646875 0.31219792812499997 0.6413276390625 0.4073383203125 0.277782440625 0.3430841828125 0.25784858125
2 0.4137056421875 0.407408471875 0.3556617828125 0.582556934375 0.394329515625 0.5971627359375 0.4523733734375 0.4220142734375 0.4137056421875 0.407408471875
2 0.427783140625 0.653297684375 0.41483497187499996 0.6770627578124999 0.44822565625 0.6964782296875 0.46117382500000004 0.67271315625 0.427783140625 0.653297684375
2 0.44627520781249996 0.5719372125 0.4438950453125 0.6093738859375 0.4674847171875 0.6121031578125 0.4698648796875 0.5746664828125 0.44627520781249996 0.5719372125
2 0.52408261875 0.5214480484374999 0.491375075 0.6608066609375001 0.541346275 0.6749970640625 0.5740538203125001 0.5356384546874999 0.52408261875 0.5214480484374999
2 0.5792692984375 0.5737012796875 0.5432815359375 0.7321494515625 0.5986809578125001 0.7474716765625 0.6346687171875 0.5890235015624999 0.5792692984375 0.5737012796875
2 0.7143060078125 0.3617711359375 0.605966775 0.7499954203125 0.6558008562500001 0.7662944375 0.7641400484374999 0.378071871875 0.7143060078125 0.3617711359375
2 0.49896411875 0.30472861406249996 0.4417417546875 0.52562905625 0.490432203125 0.5406090828125001 0.547654609375 0.31970692343749996 0.49896411875 0.30472861406249996
2 0.5586389453125 0.4500505375 0.5487203140625 0.4867758765625 0.5749005703125001 0.4951095796875 0.5848191625 0.45838596093749995 0.5586389453125 0.4500505375
2 0.58518653125 0.3279249453125 0.563334653125 0.4433257859375 0.5942803999999999 0.4507426953125 0.616134003125 0.33534198593750003 0.58518653125 0.3279249453125
2 0.6429981046875 0.34467071250000003 0.6206179546875 0.450703590625 0.67578895625 0.46509794062500004 0.6981708671875 0.3590634765625 0.6429981046875 0.34467071250000003
2 0.171341690625 0.5112549234375 0.1605941515625 0.5561645625 0.17497636562500002 0.5603129515624999 0.1857239046875 0.5154033124999999 0.171341690625 0.5112549234375
2 0.18266563281249998 0.46477425468750005 0.17241430625 0.502011490625 0.1840702765625 0.5057815390625 0.19432160468749998 0.4685443046875 0.18266563281249998 0.46477425468750005
2 0.2342988421875 0.22642173125 0.185054025 0.4323094671875 0.21219291093749998 0.44013386250000003 0.261437728125 0.23424612812499998 0.2342988421875 0.22642173125
2 0.26362425625 0.36707781875 0.262948115625 0.396074490625 0.2882313296875 0.39798683437500004 0.288907471875 0.3689901640625 0.26362425625 0.36707781875
2 0.286732390625 0.277378828125 0.2856179890625 0.3251705 0.31090292812500003 0.3270829734375 0.312017328125 0.279291303125 0.286732390625 0.277378828125
2 0.289673040625 0.24371299687499998 0.28664413906249997 0.2555746765625 0.321961640625 0.266313959375 0.324990540625 0.2544522796875 0.289673040625 0.24371299687499998
0 0.23401330156250003 0.22712998906249998 0.14056824375000002 0.6194381046874999 0.6614347375 0.7691080828125 0.7548814796875 0.3768018140625 0.23401330156250003 0.22712998906249998