2 0.20961381874999999 0.392727278125 0.21968030624999998 0.42774261874999997 0.2515826921875 0.41704712187500004 0.24151620468749999 0.38203178125 0.20961381874999999 0.392727278125
2 0.247192975 0.377378128125 0.3408484921875 0.735242803125 0.40409865937499995 0.715620409375 0.3104448359375 0.3577556046875 0.247192975 0.377378128125
2 0.3532295671875 0.41560801718749996 0.4103664921875 0.5880197859375 0.4484300390625 0.5736422 0.3912931171875 0.40123043125 0.3532295671875 0.41560801718749996
2 0.41147817499999995 0.3225788484375 0.4242240296875 0.3459725921875 0.457092984375 0.32686048749999996 0.4443471296875 0.3034667421875 0.41147817499999995 0.3225788484375
2 0.44008418593750004 0.38921008125 0.4424271578125 0.42606180625 0.46564824062500004 0.42337518125000007 0.46330526875 0.3865234546875 0.44008418593750004 0.38921008125
2 0.48682233906250005 0.33858094375 0.519018828125 0.4757620765625 0.5682092296875 0.461793396875 0.5360127390625 0.324612265625 0.48682233906250005 0.33858094375
2 0.5379177625 0.268352884375 0.573343215625 0.424325303125 0.62787701875 0.40924249062499995 0.5924515671874999 0.25327006875 0.5379177625 0.268352884375
2 0.59962354375 0.2507857578125 0.7062699765625 0.6329440375 0.7553253609375 0.6168980015625001 0.6486789671875 0.23474141249999997 0.59962354375 0.2507857578125
2 0.4379645390625 0.4716463984375 0.49429280468750003 0.6890952703125001 0.54222250625 0.674350996875 0.4858942 0.45690043437499994 0.4379645390625 0.4716463984375
2 0.543271559375 0.5098924968749999 0.5530352125 0.5460440015625 0.5788063625000001 0.5378388203125 0.5690427484375 0.5016890078125 0.543271559375 0.5098924968749999
2 0.5576575484374999 0.5526636796875 0.5791679921874999 0.66626138125 0.609631909375 0.6589602328125 0.58811976875 0.5453626593750001 0.5576575484374999 0.5526636796875
2 0.6140457984375 0.545401153125 0.636076259375 0.6497772671875001 0.690386946875 0.635609390625 0.668354753125 0.5312317140625 0.6140457984375 0.545401153125
2 0.16120986718750002 0.44158800937500003 0.17178947656250002 0.485795934375 0.18594696875 0.48171236406249995 0.175367359375 0.4375044390625 0.16120986718750002 0.44158800937500003
2 0.1728453328125 0.4948949390625 0.1829364828125 0.53155034375 0.1944103296875 0.5278392000000001 0.184319178125 0.49118379687499997 0.1728453328125 0.4948949390625
2 0.18528755624999999 0.56350786875 0.2337629234375 0.7661786078125 0.2604777640625 0.7584764671875 0.212002396875 0.5558057296875 0.18528755624999999 0.56350786875
2 0.2619645515625 0.5991766734375 0.2626301265625 0.627720271875 0.2875182921875 0.6258378078125 0.286852715625 0.597294209375 0.2619645515625 0.5991766734375
2 0.2842802078125 0.6689727890625 0.28537719687499996 0.7160177156249999 0.3102670578125 0.7141351234375 0.3091700703125 0.6670901984375 0.2842802078125 0.6689727890625
2 0.28529032499999996 0.737481178125 0.28827189999999997 0.7491575187499999 0.3230375640625 0.7385860375 0.320055990625 0.7269096968750001 0.28529032499999996 0.737481178125
0 0.141496865625 0.379303115625 0.23348184375 0.7654814171875 0.74621145625 0.6181482140625 0.6542248203125001 0.23197173124999998 0.141496865625 0.379303115625