0 1 0.3540133359375 0.5153812953125 0.12251068437499998 0 0.8288813859375 0 0.8838028 0.5669039687499999 0.930376453125 1 0.45677407031249995 1 0.3540133359375
2 1 0.3435661359375 0.9614909875000001 0.336568415625 0.955512309375 0.37282253593750003 1 0.3809066828125 1 0.3435661359375
2 0.883050815625 0.44830236093750003 0.9400448718750001 0.328670721875 0.6909821468749999 0.206766384375 0.6339878031249999 0.32639976718749997 0.883050815625 0.44830236093750003
2 1 0.375042975 0.7203470140625 0.3340681953125 0.6962184484375 0.520394115625 1 0.5649042140625 1 0.375042975
2 0.40834146875000005 0.710805521875 0.7874606515625 0.2848337890625 0.558068596875 0.07999675625 0.1789491265625 0.50597023125 0.40834146875000005 0.710805521875
2 0.1141501421875 0.8523708328125 0.32275051875 0.5755287671875 0.2374531421875 0.510666821875 0.02885276875 0.7875088875 0.1141501421875 0.8523708328125
2 0.1745065578125 0.7342159015624999 0.21809046250000003 0.7089016015625 0.20355826718749997 0.68437955 0.159972615625 0.709693534375 0.1745065578125 0.7342159015624999
2 0.3475317640625 0.7887629406250001 0.58187998125 0.530746896875 0.491678953125 0.44860619531249996 0.2573307375 0.7066222390625 0.3475317640625 0.7887629406250001
2 0.5841002078125 0.6331992093750001 0.7900178671875 0.3770089203125 0.7350867421875 0.332554284375 0.529170828125 0.588744890625 0.5841002078125 0.6331992093750001
2 0 0.9026660218749999 0.7789643921875 0.9412330453125 0.787366075 0.6796445171875 0 0.6406613 0 0.9026660218749999
2 0.20278485000000002 0.8534822109375 0.2835152296875 0.746116615625 0.22440615625000002 0.7012594625 0.143675775 0.808625053125 0.20278485000000002 0.8534822109375
2 0.407246065625 0.7957173890625 0.8293799375 0.67820254375 0.777438146875 0.5018973515625 0.35530601875 0.6194125140625 0.407246065625 0.7957173890625
2 0.827308878125 0.669746171875 0.9141561312500001 0.5586813828125 0.7499692078125 0.42928486406250005 0.6631204953125 0.540347596875 0.827308878125 0.669746171875