0 1 0.329746084375 0.5305296734375 0.105479821875 0.0001884828125 0.8323542390625001 0.000836496875 0.8546250546874999 0.5813489656249999 0.90231670625 1 0.444510325 1 0.329746084375
2 1 0.32196696875 0.97054913125 0.3166152625 0.9646520734375 0.35237444687499997 1 0.358797746875 1 0.32196696875
2 0.8931798140625 0.42682383125 0.9493957953125 0.3088253875 0.70373324375 0.1885852734375 0.6475169796875 0.30658543437499997 0.8931798140625 0.42682383125
2 1 0.353314403125 0.732697225 0.314149175 0.708898059375 0.497931396875 1 0.5405836796875 1 0.353314403125
2 0.42495114218749996 0.6857433312500001 0.7988946359375 0.26558691093750003 0.5726342140625 0.06354628906250001 0.198690434375 0.4837044265625 0.42495114218749996 0.6857433312500001
2 0.134776078125 0.8253760078125 0.34052866875 0.55231335625 0.2563957609375 0.4883369 0.0506431734375 0.7613995515624999 0.134776078125 0.8253760078125
2 0.194308515625 0.7088341140625001 0.23729741875000002 0.683865403125 0.22296361406249998 0.6596781234375 0.1799729890625 0.6846465234375 0.194308515625 0.7088341140625001
2 0.3649716046875 0.762636484375 0.5961205265625 0.50814284375 0.5071509125 0.4271235171875 0.2760019890625 0.68161715625 0.3649716046875 0.762636484375
2 0.59831044375 0.6091964890625 0.801416940625 0.35650367968749996 0.7472357281249999 0.31265593125 0.5441309546875 0.56534905625 0.59831044375 0.6091964890625
2 0 0.8258765046875001 0.0013989562500000001 0.8739554796875 0.7905143671875 0.9130250859375 0.79880135 0.6550077328125 0 0.6154583437500001 0 0.8258765046875001
2 0.22220075625 0.8264722156250001 0.301829015625 0.7205723625 0.24352689062500002 0.6763275921874999 0.16389863124999998 0.7822274421875 0.22220075625 0.8264722156250001
2 0.4238706921875 0.7694959921875 0.8402416453124999 0.65358544375 0.7890089578125 0.4796871484375 0.37263972500000003 0.5955980078125 0.4238706921875 0.7694959921875
2 0.838198859375 0.6452445171875001 0.923860484375 0.5356959703124999 0.7619150203125 0.4080659578125 0.67625195625 0.5176124765625 0.838198859375 0.6452445171875001