0 0.040201521875 0.7964193859375001 0.61468430625 0.8703903578125001 0.909023265625 0.0011298718750000001 0.348431415625 0.1380810515625 0.040201521875 0.7964193859375001
2 0.14716754375000002 0.7685755000000001 0.096731690625 0.775070290625 0.10148412343749999 0.8103963765625 0.151919975 0.8039015859375 0.14716754375000002 0.7685755000000001
2 0.192435275 0.677428446875 0.1738646296875 0.8049260234375 0.43724938281250003 0.8447759015624999 0.4558197984375 0.7172766328125 0.192435275 0.677428446875
2 0.3437850171875 0.5558792046875001 0.0168243046875 0.6095132875 0.047314171875 0.78913459375 0.3742748828125 0.7355005140624999 0.3437850171875 0.5558792046875001
2 0.5545654515625 0.295129346875 0.3265040015625 0.800774940625 0.5952505234375 0.9231924296875 0.8233117421875 0.4175451375 0.5545654515625 0.295129346875
2 0.784956790625 0.07776129375 0.6714745515625 0.39530135781250003 0.7682100484375 0.43035242343749996 0.8816922875 0.1128123625 0.784956790625 0.07776129375
2 0.7628782125 0.204877396875 0.7299733921875 0.24110063125 0.7502622125 0.2595474453125 0.7831687296875 0.22332399218750001 0.7628782125 0.204877396875
2 0.58842308125 0.2051048734375 0.4459531890625 0.5127619140624999 0.5520799796875 0.5623758125 0.694549871875 0.2547187734375 0.58842308125 0.2051048734375
2 0.4149528390625 0.4185379171875 0.2980989015625 0.716166865625 0.3611547484375 0.741224940625 0.4780069921875 0.44359621093749996 0.4149528390625 0.4185379171875
2 0.86702768125 0 0.1487726484375 0.190430490625 0.21499198593750002 0.4351361234375 0.9716565171875 0.2345223796875 0.9081911671875 0 0.86702768125 0
2 0.7031737953125 0.10272457343750001 0.6593186625 0.2258240453125 0.7263284640625 0.25002966875 0.7701835953125 0.1269301984375 0.7031737953125 0.10272457343750001
2 0.53157073125 0.216176209375 0.176782415625 0.448792175 0.2743600703125 0.5968259578125 0.6291466906250001 0.3642102140625 0.53157073125 0.216176209375
2 0.18107635 0.4560157796875 0.13264450781249998 0.58433465625 0.32013319375 0.6560127546875 0.368566959375 0.527695353125 0.18107635 0.4560157796875