0 0.3919711390625 0 0.1575174625 0.49079626718749997 0.82306185 0.9763899203124999 0.8434535656250001 0.9757965828125 0.8871212343750001 0.44426485312499997 0.40130543906250005 0 0.3919711390625 0
2 0.3593669546875 0.040969865625000004 0.35083834999999997 0.0879034515625 0.383580353125 0.0933029453125 0.392108959375 0.0463693578125 0.3593669546875 0.040969865625000004
2 0.23361089062499998 0.33220674843750003 0.3416547890625 0.383679765625 0.45174807031249997 0.15874473281249998 0.3437057453125 0.107271975 0.23361089062499998 0.33220674843750003
2 0.3933695671875 0 0.3485803390625 0.30568660312499996 0.5168559359375 0.3274777140625 0.5618973546875 0.0200699015625 0.4069133046875 0 0.3933695671875 0
2 0.1191220703125 0.4522442984375 0.5038293656249999 0.7946365703125 0.6888212375 0.5874666109375 0.304115515625 0.2450745984375 0.1191220703125 0.4522442984375
2 0.5080709734375 0.74180013125 0.7580939640625 0.9301923437499999 0.8166724078125001 0.853158153125 0.5666494171875 0.6647659375 0.5080709734375 0.74180013125
2 0.6649552812499999 0.772411440625 0.6878169734374999 0.8117747312500001 0.7099637359375001 0.798648765625 0.6871017593750001 0.7592870515625 0.6649552812499999 0.772411440625
2 0.4520224703125 0.5122024453125 0.6850432093750001 0.723848178125 0.7592265312500001 0.642385375 0.526205790625 0.43073964218749994 0.4520224703125 0.5122024453125
2 0.3472130875 0.2923747859375 0.5785852296875 0.47834259531249995 0.6187330359375001 0.4287345 0.38736118125 0.2427651140625 0.3472130875 0.2923747859375
2 0.6244211296875 0.9774797843749999 0.7010446421875 0.979940259375 0.8611529859375 0.97528158125 0.89692609375 0.2527477828125 0.6606789546875 0.24516001406250001 0.6244211296875 0.9774797843749999
2 0.6801999515625 0.753583190625 0.7771645015625 0.8264928156250001 0.817676121875 0.7731099328125 0.72071156875 0.7002003078125 0.6801999515625 0.753583190625
2 0.5001510453125 0.2541261734375 0.6062819265625 0.6353642515625 0.7655072671875 0.588455896875 0.659376671875 0.20721624374999997 0.5001510453125 0.2541261734375
2 0.43457289218749995 0.278934059375 0.5348764234375001 0.357369303125 0.6517395109375 0.20908666875 0.5514341234375 0.13065274375 0.43457289218749995 0.278934059375