0 0.246180515625 0.04562705625 0.17660157031249998 0.5859999250000001 0.9942497140625 0.862862509375 0.8654300109375 0.33555579999999996 0.246180515625 0.04562705625
2 0.2723711703125 0.1462419703125 0.2662620078125 0.098800746875 0.23303340781249998 0.103271003125 0.2391425703125 0.1507122265625 0.2723711703125 0.1462419703125
2 0.3581063671875 0.18882193125 0.23817895937500003 0.17135391718749998 0.2006951671875 0.41910020000000003 0.3206241671875 0.43656799843750005 0.3581063671875 0.18882193125
2 0.47243862343750004 0.33118528125 0.4219890640625 0.023637860937499998 0.2530327734375 0.0523173921875 0.3034823296875 0.3598648109375 0.47243862343750004 0.33118528125
2 0.7177064578125 0.529450628125 0.242083571875 0.3149303265625 0.1269346203125 0.5677200234375 0.6025591046875001 0.7822401078125 0.7177064578125 0.529450628125
2 0.9221682828125 0.7461624812500001 0.6234821609375001 0.6394182500000001 0.5905122515625 0.7304100765625 0.889198371875 0.8371543078125001 0.9221682828125 0.7461624812500001
2 0.8025996984375 0.72539481875 0.76852721875 0.694443721875 0.7511756843749999 0.71352789375 0.7852483703125 0.7444805859375 0.8025996984375 0.72539481875
2 0.8023857281250001 0.5612979609375001 0.512995825 0.42728721875 0.46632775156250006 0.52711273125 0.7557176531249999 0.6611234734375 0.8023857281250001 0.5612979609375001
2 0.6016252718749999 0.3981275140625 0.3216680421875 0.2882117796875 0.298097790625 0.3475236859375 0.5780548140625 0.4574378265625 0.6016252718749999 0.3981275140625
2 1 0.8410404625 0.8161888203125001 0.147751771875 0.5860125843749999 0.21003933749999998 0.7747148859374999 0.9217769109375 1 0.8608113078124999 1 0.8410404625
2 0.8986871984375 0.6692353515625 0.7828967578125 0.6279841171875 0.7601283421875 0.6910152109375 0.8759187828125 0.73226644375 0.8986871984375 0.6692353515625
2 0.791971753125 0.50782121875 0.5731673609375 0.174098459375 0.4339230828125 0.265882440625 0.6527272671875 0.59960360625 0.791971753125 0.50782121875
2 0.5663726578125 0.1781374421875 0.44567271406250003 0.132581240625 0.37825050312499997 0.3089377859375 0.49894905781250004 0.354495796875 0.5663726578125 0.1781374421875