0 1 0.740119403125 0.7203510109375 0.1428261046875 0.14049483437500002 0.0011687 0.4449485359375 0.900300678125 1 0.8288317031249999 1 0.740119403125
2 0.980700209375 0.8017050078124999 0.9285311671875001 0.7949870296875 0.9236154203125 0.8315270703125 0.9757844640625001 0.8382450499999999 0.980700209375 0.8017050078124999
2 0.9009166546875 0.8325867109375 0.8817078421875 0.7007077749999999 0.6092723046875 0.7419253140625 0.6284808796875 0.8738060015625001 0.9009166546875 0.8325867109375
2 1 0.62006635 0.7251570796875 0.5749815828125 0.6936194515625 0.7607754453125 1 0.8110335890625 1 0.62006635
2 0.7430319437499999 0.8282929796875 0.5071333296875 0.30527124843750003 0.22915177187500002 0.43189376875 0.4650501453125 0.9549172562500001 0.7430319437499999 0.8282929796875
2 0.3862067359375 0.408885596875 0.2688247625 0.080433503125 0.168765021875 0.116689075 0.2861469953125 0.4451411671875 0.3862067359375 0.408885596875
2 0.325697625 0.24938587656250003 0.2916620546875 0.2119178578125 0.2706742703125 0.23099835624999998 0.30471159375 0.2684666015625 0.325697625 0.24938587656250003
2 0.6194779718750001 0.5303825984375 0.4721122078125 0.2121531515625 0.36233844843749996 0.263471996875 0.5097042125 0.5817014421875 0.6194779718750001 0.5303825984375
2 0.7724131625 0.7407774109374999 0.6515436265625 0.43292066250000005 0.586322665625 0.45884006718750003 0.7071904484375 0.7666965875 0.7724131625 0.7407774109374999
2 0.14135552812500002 0 0.0757092390625 0.24258156875 0.8583759859375 0.4500892546875 0.926870903125 0.19697449375 0.1839335671875 0 0.14135552812500002 0
2 0.3987803515625 0.233584321875 0.3534181703125 0.1062546265625 0.284105628125 0.131292059375 0.329467809375 0.2586217546875 0.3987803515625 0.233584321875
2 0.8978986015625001 0.4642145859375 0.530918246875 0.22360494531250003 0.4299891609375 0.3767260296875 0.7969677625 0.6173354421874999 0.8978986015625001 0.4642145859375
2 0.943553275 0.604414884375 0.8934571078125 0.471686425 0.699523521875 0.5458292140625 0.749621678125 0.6785561484375 0.943553275 0.604414884375