2 0.387495803125 0.9150077296875001 0.8159111875 0.5018978109375001 0.60037386875 0.2789211171875 0.1719584875 0.6920310328125 0.387495803125 0.9150077296875001
2 0.3050348375 0.76864648125 0.3177425046875 0.725686371875 0.2874591796875 0.7157730515625 0.2747498421875 0.7587329546875 0.3050348375 0.76864648125
2 0.37990605 0.7427234609375 0.38849356562500004 0.6449272015624999 0.322643378125 0.636871428125 0.3140558625 0.7346676890625 0.37990605 0.7427234609375
2 0.346329096875 0.621738471875 0.42990386718750007 0.5433283671875 0.387317484375 0.4981308453125 0.3037425671875 0.5765426140625001 0.346329096875 0.621738471875
2 0.40004069062500003 0.5281305984375 0.4386935453125 0.5308210437499999 0.44057555937500004 0.4766737609375 0.401922559375 0.47398497968750003 0.40004069062500003 0.5281305984375
2 0.259635253125 0.6609177484375001 0.33684918124999996 0.5161303890625 0.26484751875 0.47596789531250006 0.187633590625 0.6207552546875 0.259635253125 0.6609177484375001
2 0.19943484843749998 0.5742974375000001 0.275186434375 0.43076730156250004 0.22657265468749999 0.40390894531250005 0.15082106875 0.5474390796875 0.19943484843749998 0.5742974375000001
2 0.16955234375 0.5055387437500001 0.22337620781249998 0.3833197296875 0.1628865078125 0.35500516875 0.10906279062499999 0.477222521875 0.16955234375 0.5055387437500001
2 0.1547927390625 0.4847944984375 0.3074945515625 0.3533653234375 0.21824774218749998 0.250722259375 0.0655476 0.382151640625 0.1547927390625 0.4847944984375
2 0.3943229765625 0.4763798890625 0.6302196140625 0.3065037109375 0.43647863906250006 0.0434529015625 0.20058214687499998 0.21332741406250003 0.3943229765625 0.4763798890625
2 0.3882222375 0.1281595984375 0.45583965156249995 0.0501802390625 0.41702319374999997 0.0161963171875 0.349405925 0.0941740125 0.3882222375 0.1281595984375
0 0 0.4017235640625 0.3781250390625 0.9077418703125 0.8326345375 0.5752990171875 0.41617005 0.017973703125 0 0.3223738484375 0 0.4017235640625