2 0.798419946875 0.5647852906249999 0.40784136406249993 0.103025665625 0.162275903125 0.314755309375 0.552854484375 0.776514934375 0.798419946875 0.5647852906249999
2 0.315027175 0.2923047828125 0.306938878125 0.246958740625 0.2748737390625 0.254634315625 0.2829637625 0.299980290625 0.315027175 0.2923047828125
2 0.3781019859375 0.381483184375 0.3804675359375 0.2799630390625 0.3122841234375 0.282738196875 0.30991857500000003 0.38425834375 0.3781019859375 0.381483184375
2 0.408831853125 0.4896780703125 0.3323900921875 0.40184434687500004 0.2837407421875 0.444852965625 0.3601824640625 0.532688415625 0.408831853125 0.4896780703125
2 0.4163860890625 0.5033073265625 0.3765957921875 0.502835559375 0.372351653125 0.55880178125 0.4121419109375 0.5592752734374999 0.4163860890625 0.5033073265625
2 0.3106789984375 0.5098994640625001 0.248294328125 0.3541842484375 0.17017065468749998 0.3895356109375 0.232555325 0.5452508296875 0.3106789984375 0.5098994640625001
2 0.2379687796875 0.5927073 0.1769347109375 0.43841067499999997 0.12421692499999999 0.4620127390625 0.18525099375 0.6163093640625 0.2379687796875 0.5927073
2 0.17964098125 0.63726246875 0.1385790296875 0.5067721359374999 0.07356410625000001 0.5308798859375 0.1146260984375 0.6613684921874999 0.17964098125 0.63726246875
2 0.2621564625 0.675198225 0.12113959999999999 0.5269143296875 0.018286025 0.6252170578125 0.1593011609375 0.7735010234375 0.2621564625 0.675198225
2 0.363495828125 1 0.586483203125 0.75059085625 0.364861428125 0.555695365625 0.13699698124999998 0.81056114375 0.3524157921875 1 0.363495828125 1
2 0.37905988281249997 1 0.31897185 0.9140961453124999 0.275450478125 0.9458667640625 0.31331638125 1 0.37905988281249997 1
0 0.3621692453125 1 0.8238622734375 0.49053407499999996 0.397441640625 0.10972797812499999 0 0.548294215625 0 0.7308719796875 0.301365290625 1 0.3621692453125 1