3 0.5559682921875 0.8188717671875001 0.6816477171875001 0.996812184375 0.691385759375 0.990117903125 0.565704515625 0.8121771687500001 0.5559682921875 0.8188717671875001
3 0.5682091218750001 0.801337859375 0.6669674171875 0.8378023140625 0.6700488453125 0.828716509375 0.57129029375 0.7922538593749999 0.5682091218750001 0.801337859375
3 0.56677503125 0.7760357171875001 0.5671676390625 0.7872550796875 0.7050778453125 0.787235021875 0.7046849828124999 0.7760174671875 0.56677503125 0.7760357171875001
3 0.598322875 0.7400153546875 0.604801428125 0.75629259375 0.8304225171875 0.6733278171875 0.8239457828125 0.657050896875 0.598322875 0.7400153546875
3 0.59246585625 0.7203960281249999 0.5989965484375 0.73039286875 0.66746311875 0.687123509375 0.6609324265625001 0.6771266687499999 0.59246585625 0.7203960281249999
3 0.5724488625 0.714845240625 0.5810291984375 0.721459753125 0.64478404375 0.6372922437499999 0.6362039640625 0.630675925 0.5724488625 0.714845240625
3 0.5596506734375 0.6944517343750001 0.5696335953125 0.7013249984375001 0.6053071140624999 0.64812310625 0.59532445 0.6412480359375 0.5596506734375 0.6944517343750001
3 0.54650250625 0.677823540625 0.5579032703125 0.6827673484375001 0.5888194437500001 0.6064879875 0.57742024375 0.601546303125 0.54650250625 0.677823540625
3 0.530186196875 0.6748179578125 0.5378276765625001 0.6774597984375 0.5527347703125 0.6301556359375 0.545093290625 0.62751379375 0.530186196875 0.6748179578125
3 0.4855781421875 0.63224613125 0.5152877453125 0.64569624375 0.7053568078125 0.198504503125 0.675646953125 0.1850561984375 0.4855781421875 0.63224613125
3 0.4233426921875 0.626657571875 0.4512259203125 0.635683409375 0.5247495984375 0.384330046875 0.49686637187500005 0.3753042078125 0.4233426921875 0.626657571875
3 0.232199665625 0.39634708281250003 0.328345134375 0.6812390484375 0.4521055515625 0.6433927796875001 0.35596008281249997 0.35850081562499997 0.232199665625 0.39634708281250003
3 0.539337309375 0.83504973125 0.562223175 0.93156786875 0.577495884375 0.9284581515625 0.5546100140625 0.831940015625 0.539337309375 0.83504973125
3 0.41550329374999995 0.9740467453124999 0.44984881718749997 0.9860351406250001 0.50124111875 0.8246615343749999 0.4668958484375 0.8126713328124999 0.41550329374999995 0.9740467453124999
3 0.26519103125 1 0.44599893437500004 0.8471016875 0.3936907453125 0.7860160453125 0.21153351874999998 0.9400519562499999 0.2628673171875 1 0.26519103125 1
3 0.32594798593749996 0.949562928125 0.3594837609375 0.9764809890624999 0.46796227031250004 0.839322753125 0.434426496875 0.8124046921874999 0.32594798593749996 0.949562928125
3 0.3086882515625 0.7532982609375 0.367433609375 0.8310591265625 0.435738740625 0.7805707953125001 0.37699312812499997 0.70281173125 0.3086882515625 0.7532982609375
3 0.3073849984375 0.62840234375 0.43015349062499997 0.7079442 0.44742315 0.68044264375 0.32465465781249997 0.6009007859375 0.3073849984375 0.62840234375
3 0.35066919375 0.7787282640625001 0.5298454734375 0.882372153125 0.627484596875 0.706583740625 0.44830987968749997 0.6029419781249999 0.35066919375 0.7787282640625001
0 1 0.298393390625 0.41496184375 0.089819609375 0.1417019546875 0.9278141218749999 0.34417943281249996 1 0.79769539375 1 1 0.3796010453125 1 0.298393390625