3 0.37840983125 0.9134466531250001 0.4947946359375 0.7486658171875 0.4857784546875 0.7424663171875 0.369391965625 0.907247446875 0.37840983125 0.9134466531250001
3 0.39200445 0.7661963546874999 0.48345907656250003 0.732428628125 0.4806057734375 0.7240164359375 0.3891509078125 0.757782490625 0.39200445 0.7661963546874999
3 0.4844235375 0.719387340625 0.484787109375 0.70899770625 0.35707628593749996 0.7089808046875 0.356712478125 0.7193687671875 0.4844235375 0.719387340625
3 0.449572953125 0.6907146843749999 0.4555723859375 0.675641228125 0.246635415625 0.59881240625 0.24063766874999998 0.6138855671875 0.449572953125 0.6907146843749999
3 0.454948534375 0.6667303734375001 0.4609962484375 0.6574728484375 0.397593121875 0.6174034749999999 0.39154540781249997 0.6266609984375 0.454948534375 0.6667303734375001
3 0.471587109375 0.65845790625 0.4795328859375 0.6523325703125 0.4204927921875 0.5743879953125 0.41254725312499996 0.580515003125 0.471587109375 0.65845790625
3 0.48213995 0.6398122171875 0.4913845859375 0.633447265625 0.45834906249999996 0.5841782453125 0.449104665625 0.5905448703125 0.48213995 0.6398122171875
3 0.49300275937500004 0.6226269984374999 0.5035603796875 0.6180488093750001 0.47492916406249996 0.5474126546875 0.464372990625 0.5519888765625 0.49300275937500004 0.6226269984374999
3 0.5115936624999999 0.6177119671875 0.5186700171874999 0.6152655046875 0.504865378125 0.57145971875 0.49778902187499996 0.5739061828125 0.5115936624999999 0.6177119671875
3 0.5324666546875 0.5882974859375001 0.559979084375 0.5758420765625 0.383966809375 0.16172406718750001 0.356454146875 0.174177803125 0.5324666546875 0.5882974859375001
3 0.5917907875 0.5790251515625 0.6176119109375 0.57066681875 0.549525675 0.33790228906249997 0.5237045515625 0.346260621875 0.5917907875 0.5790251515625
3 0.705583928125 0.6212117234375001 0.7946189593749999 0.3573889390625 0.6800112406250001 0.3223415921875 0.5909762093750001 0.586164375 0.705583928125 0.6212117234375001
3 0.48900233281250005 0.8530274796875 0.5101956750000001 0.7636473390625 0.49605246249999996 0.7607676031249999 0.47485911718749996 0.850147740625 0.48900233281250005 0.8530274796875
3 0.593066046875 0.9034666250000001 0.6248715484375 0.8923648312499999 0.577279728125 0.7429239359375 0.5454744625 0.7540274015625 0.593066046875 0.9034666250000001
3 0.7653155593750001 0.9174541484375001 0.8137567406249999 0.8608841265624999 0.64507095 0.7182399390625 0.5966312125 0.77480799375 0.7653155593750001 0.9174541484375001
3 0.6767481578125001 0.8946190515625 0.70780379375 0.869691715625 0.6073478109375 0.7426770140625 0.5762921734375 0.7676043499999999 0.6767481578125001 0.8946190515625
3 0.6693862390625 0.759951859375 0.7237870859375 0.687941796875 0.6605336953125 0.6411889984375 0.6061326125 0.7131973921875 0.6693862390625 0.759951859375
3 0.6113048046875 0.6459418953125 0.72499395625 0.57228255625 0.709001475 0.5468148765625 0.595312325 0.6204742171875 0.6113048046875 0.6459418953125
3 0.5189855421875 0.8074700328125 0.6849108421875 0.711491125 0.594491171875 0.5487051109375 0.42856731875 0.64468205 0.5189855421875 0.8074700328125
0 0.4564235765625 1 0.8784239125 0.8495513406249999 0.6253729546875 0.0735307 0.061632781250000004 0.2745114703125 0.298205828125 1 0.4564235765625 1