2 0.49016572031249994 0.9540450187499999 0.81170415625 0.452164759375 0.5459991421875 0.27086668281250004 0.2244607078125 0.772746940625 0.49016572031249994 0.9540450187499999
2 0.37378155625 0.8232066984375 0.37591082343750004 0.7774009359375 0.3437454890625 0.7734917578125 0.34161453124999996 0.81929765 0.37378155625 0.8232066984375
2 0.441138503125 0.7820902000000001 0.4259872234375 0.6818949328125 0.359301775 0.686988440625 0.3744530546875 0.7871837078125 0.441138503125 0.7820902000000001
2 0.3789378875 0.6670010000000001 0.4421889125 0.5712887640625001 0.3894149359375 0.53431830625 0.326164171875 0.6300322453125 0.3789378875 0.6670010000000001
2 0.40916172968750003 0.5619743109375 0.4478131453125 0.5569322578125 0.4365999453125 0.5020327703125 0.3979487859375 0.507076525 0.40916172968750003 0.5619743109375
2 0.30315548593749997 0.72383633125 0.34413858125 0.5625629328125 0.2636591390625 0.5365610453125 0.22267604218749998 0.6978344421875 0.30315548593749997 0.72383633125
2 0.2230702984375 0.6486885250000001 0.26291898125 0.48897429687500005 0.2086435453125 0.4716786328125 0.16879486562499998 0.63139285625 0.2230702984375 0.6486885250000001
2 0.1771020421875 0.5854462781249999 0.20053355625 0.45158788593750004 0.134230753125 0.43520743125 0.11079897968750001 0.56906411875 0.1771020421875 0.5854462781249999
2 0.1575860984375 0.567518209375 0.2760093921875 0.40455774843750003 0.163501015625 0.31910100625000004 0.0450794125 0.4820613359375 0.1575860984375 0.567518209375
2 0.3910549015625 0.51101196875 0.5819971359375 0.292655190625 0.328053371875 0.066634753125 0.137110878125 0.284989828125 0.3910549015625 0.51101196875
2 0.30104542031250003 0.16160471875 0.34871156875 0.0695261625 0.3023494578125 0.043090934375 0.2546830484375 0.1351677859375 0.30104542031250003 0.16160471875
0 0 0.5277727343749999 0.479199709375 0.9486079984375 0.8458547828125 0.52272048125 0.30193948437499996 0.045051706250000004 0 0.3957689484375 0 0.5277727343749999