2 0.5012687031249999 0.1847493703125 0.09719556406249999 0.6037931671875 0.3152946453125 0.8146156046874999 0.7193677828125 0.39557180937499997 0.5012687031249999 0.1847493703125
2 0.2823755171875 0.6720206125 0.2403551609375 0.6844503 0.25005182812500004 0.7140728109375 0.29207198437500004 0.7016414906249999 0.2823755171875 0.6720206125
2 0.36136808125000003 0.60281723125 0.26571111406250003 0.6112168953125 0.2735906671875 0.675626609375 0.369247634375 0.6672269453124999 0.36136808125000003 0.60281723125
2 0.460744440625 0.5623127796875 0.3840495578125 0.6440593515625 0.42825675625 0.6857143015625 0.5049532671875 0.6039675859375 0.460744440625 0.5623127796875
2 0.4729781671875 0.5537153765625 0.4756097578125 0.5915227 0.5285709421875 0.589681996875 0.525940978125 0.55187453125 0.4729781671875 0.5537153765625
2 0.4873474625 0.6533318953125 0.3457273265625 0.7288567687499999 0.3850112671875 0.79928339375 0.526631403125 0.7237585203125 0.4873474625 0.6533318953125
2 0.5708432328125 0.71364576875 0.43045281874999997 0.7877402890625 0.45672365 0.8352906421874999 0.5971140625 0.7611961218750001 0.5708432328125 0.71364576875
2 0.6172528890625 0.764322646875 0.497707415625 0.8169691140625 0.5254042203125 0.8761354578124999 0.64494806875 0.823489134375 0.6172528890625 0.764322646875
2 0.6465520437500001 0.6820443921875 0.51799788125 0.8314058515625 0.6183954265625 0.918698753125 0.746949790625 0.7693389265625 0.6465520437500001 0.6820443921875
2 0.6923885578125 0.366378940625 0.5262284203125 0.5971153390625 0.7835266234375 0.7866180875000001 0.9496851312500001 0.55588183125 0.6923885578125 0.366378940625
2 0.943104953125 0.5369443406250001 0.8668313921875 0.6030826234375 0.9000735437499999 0.6410498296875 0.9763454765624999 0.5749116890625 0.943104953125 0.5369443406250001
0 0.6482586046875001 1 0.6653946937499999 0.998495275 0.974606971875 0.5757461703125 0.4294731484375 0.16839184375 0.10430248281250001 0.612958946875 0.62225246875 1 0.6482586046875001 1