2 0.5644990890625 0.2600180734375 0.2228645015625 0.793265846875 0.505176078125 0.985895053125 0.8468106671875001 0.45264727968749996 0.5644990890625 0.2600180734375
2 0.34960458125 0.794057215625 0.3473404390625 0.8427259749999999 0.381517903125 0.8468793390625 0.38378025 0.7982107171874999 0.34960458125 0.794057215625
2 0.3661331359375 0.702147440625 0.3822313703125 0.8086049109375001 0.453084659375 0.803193059375 0.436986425 0.6967355890625 0.3661331359375 0.702147440625
2 0.3981283703125 0.539935421875 0.3309244328125 0.6416314828125 0.3869965046875 0.680910784375 0.45420071875 0.579216534375 0.3981283703125 0.539935421875
2 0.4482624421875 0.505632040625 0.407195584375 0.5109910296875 0.41910933906250003 0.5693199265625 0.46017646718750005 0.5639627468749999 0.4482624421875 0.505632040625
2 0.264512834375 0.5423183328125 0.2209682953125 0.7136713171875 0.306477703125 0.741298325 0.35002224375 0.5699453390625 0.264512834375 0.5423183328125
2 0.2060587671875 0.47338076874999996 0.1637195453125 0.64307713125 0.2213871921875 0.6614537796875 0.26372641875 0.4917574125 0.2060587671875 0.47338076874999996
2 0.126995175 0.43463011875 0.1020989171875 0.5768528484375001 0.1725459203125 0.5942588921875 0.197441903125 0.45203435000000003 0.126995175 0.43463011875
2 0.1580948296875 0.3112670421875 0.032271875 0.4844123921875 0.1518102296875 0.5752103187500001 0.2776349796875 0.40206482968749996 0.1580948296875 0.3112670421875
2 0.3329317078125 0.043021646875 0.13005530781250002 0.275023915625 0.3998708328125 0.5151724390625 0.6027469562500001 0.2831683625 0.3329317078125 0.043021646875
2 0.3056212984375 0.018006340625 0.2549757390625 0.11583799531250001 0.30423575937499997 0.1439272359375 0.3548810421875 0.04609376875 0.3056212984375 0.018006340625
0 0 0.54670269375 0.493524690625 0.9801182203125001 0.88309570625 0.527612734375 0.3051857015625 0.020089659375 0 0.374577540625 0 0.54670269375