2 0.2759662375 0.774914790625 0.7210225078125 0.40138585156250006 0.5330562703124999 0.177427653125 0.088 0.5509565921874999 0.2759662375 0.774914790625
2 0.22421865 0.6714228296875 0.2667765265625 0.6629099671875001 0.26084083593749996 0.6332347265625 0.21828295781249998 0.6417459812499999 0.22421865 0.6714228296875
2 0.2518231515625 0.6359951765625 0.34632475937499996 0.6359951765625 0.34632475937499996 0.5725964625 0.2518231515625 0.5725964625 0.2518231515625 0.6359951765625
2 0.401790996875 0.6590450156250001 0.48653054687499997 0.5859951765625 0.44830064375 0.5416495171875 0.3635627015625 0.6146993562499999 0.401790996875 0.6590450156250001
2 0.5113231515625001 0.57410289375 0.5132733125 0.5370594859375 0.46128617343749995 0.5343231515625 0.4593376203125 0.571366559375 0.5113231515625001 0.57410289375
2 0.345942121875 0.7659453375 0.4933954984375 0.70450643125 0.4634196140625 0.6325627015624999 0.31596623749999997 0.6940016078125 0.345942121875 0.7659453375
2 0.411729903125 0.8071430875000001 0.5578102890625 0.7469919609375 0.537818328125 0.69843890625 0.3917379421875 0.7585900328124999 0.411729903125 0.8071430875000001
2 0.473975884375 0.8527926046875001 0.59711575625 0.81174598125 0.577120578125 0.7517588421875 0.4539791 0.792805465625 0.473975884375 0.8527926046875001
2 0.559778134375 0.902194534375 0.7032893890625 0.7677347265625001 0.6155964625 0.6741382640625 0.472085209375 0.808599678125 0.559778134375 0.902194534375
2 0.7369742765625 0.7876897109375001 0.9269710609375 0.5771977484375 0.6981430875 0.3706495171875 0.5081446953125 0.5811414796875 0.7369742765625 0.7876897109375001
2 0.8682958203125001 0.6558954984375001 0.95075401875 0.598009646875 0.9228038578125 0.5581929265625 0.8403440515625 0.616078778125 0.8682958203125001 0.6558954984375001
0 0.5814525859375 1 0.948954984375 0.5986736328125 0.46483762031250003 0.1553585203125 0.0938504828125 0.560490353125 0.5738121281249999 1 0.5814525859375 1