2 0.5294494750000001 0.193649034375 0.0858574421875 0.5688605921875001 0.2892567390625 0.8047644609375 0.7328487734375 0.4295529046875 0.5294494750000001 0.193649034375
2 0.2676895125 0.6580230734375 0.2241275765625 0.6657931421875001 0.2315011625 0.696596703125 0.2750630328125 0.688824975 0.2676895125 0.6580230734375
2 0.35335925625 0.5974298953125 0.2558333453125 0.595157415625 0.258499315625 0.660658203125 0.356025228125 0.6629306796875001 0.35335925625 0.5974298953125
2 0.45729729375000006 0.5679090718750001 0.3729193234375 0.6413432890624999 0.4142358 0.6880785656249999 0.4986154296875 0.6146443875000001 0.45729729375000006 0.5679090718750001
2 0.470390315625 0.560652053125 0.4699371109375 0.5988768296875 0.523701384375 0.6029539859375 0.5241562453124999 0.5647292453125 0.470390315625 0.560652053125
2 0.4767230921875 0.662200175 0.3271343765625 0.7221303671875 0.36109486562500004 0.797180321875 0.5106835843749999 0.7372501312499999 0.4767230921875 0.662200175
2 0.5562729140625 0.7320496640624999 0.4080469765625 0.7906823921874999 0.43072043437499996 0.8413260359375 0.5789463718750001 0.7826933078125 0.5562729140625 0.7320496640624999
2 0.59907509375 0.7880825984375 0.47371880624999996 0.8275289984375 0.4968780546875 0.8899859578125 0.6222326812500001 0.85053951875 0.59907509375 0.7880825984375
2 0.6355182953125 0.7088136281249999 0.4930685203125 0.8442822859374999 0.5875036 0.9430891625 0.7299534421875 0.8076221640625001 0.6355182953125 0.7088136281249999
2 0.7079446593750001 0.397247284375 0.5207171875000001 0.6101495124999999 0.765555459375 0.8290488015624999 0.9527812734375001 0.6161465328125 0.7079446593750001 0.397247284375
2 0.9476815390625 0.5964113703125 0.865016953125 0.6542336 0.8955375796875 0.6960426562500001 0.9782005109374999 0.6382203875 0.9476815390625 0.5964113703125
0 0.6538660296875001 1 0.976371821875 0.638863128125 0.4581196203125 0.16920771875 0.0922960578125 0.5788511453125 0.5570225718749999 1 0.6538660296875001 1