3 0.0917063875 0.6363096828125 0.2518530484375 0.5231965640625 0.245827909375 0.5144339625 0.085681534375 0.6275454453125 0.0917063875 0.6363096828125
3 0.2369676421875 0.6171064609375 0.2697840265625 0.5282237640624999 0.2616084265625 0.525450709375 0.2287904171875 0.614333175 0.2369676421875 0.6171064609375
3 0.2743009796875 0.6486325609375 0.2843967796875 0.648278984375 0.2843803546875 0.5241600281250001 0.274282928125 0.524513375 0.2743009796875 0.6486325609375
3 0.3768174640625 0.761442765625 0.39146669218749996 0.7556137046875 0.31679868125 0.5525530875 0.302149165625 0.5583837859375 0.3768174640625 0.761442765625
3 0.3644013421875 0.61477930625 0.3733984984375 0.6089016843749999 0.33445607499999996 0.5472817703125 0.32545891875 0.55315939375 0.3644013421875 0.61477930625
3 0.40924948125 0.5943681390625 0.4152041671875 0.5866460671875 0.3394517828125 0.5292664765625 0.33349872187499996 0.536988778125 0.40924948125 0.5943681390625
3 0.3995017046875 0.5588389031250001 0.4056892671875 0.5498545046875 0.3578059390625 0.51774810625 0.3516200015625 0.5267327359375 0.3995017046875 0.5588389031250001
3 0.43697331093749997 0.544 0.4414208265625 0.5337407187500001 0.3727713140625 0.5059147562499999 0.36832188593750004 0.51617544375 0.43697331093749997 0.544
3 0.415672428125 0.51152379375 0.4180500859375 0.5046464609375 0.3754763375 0.4912300765625 0.37309868125 0.49810740937500003 0.415672428125 0.51152379375
3 0.804158446875 0.6488836265625 0.816261921875 0.6221447578125 0.41379098125 0.451082828125 0.40168588125 0.4778214703125 0.804158446875 0.6488836265625
3 0.6369154578125 0.4863371390625 0.6450387125 0.46124223437499995 0.4188206859375 0.3950709234375 0.41069743125 0.42016582812500003 0.6369154578125 0.4863371390625
3 0.40375899843749996 0.420957496875 0.6601617656250001 0.334426575 0.626100125 0.2230421984375 0.36969735625 0.3095731203125 0.40375899843749996 0.420957496875
3 0.1472001640625 0.5338087953125 0.23406648593749999 0.5132115125000001 0.23126774218750001 0.49946607812500005 0.14440141875 0.5200633578125 0.1472001640625 0.5338087953125
3 0.24061711875 0.46517950625 0.2514083 0.4342687640625 0.10617042968749998 0.3880154640625 0.0953808734375 0.41892643593749995 0.24061711875 0.46517950625
3 0.22042098124999998 0.41546154062499996 0.275398059375 0.36838417031250004 0.1367657390625 0.2044426671875 0.08178674999999999 0.25152144062500004 0.22042098124999998 0.41546154062499996
3 0.227422021875 0.43522854375 0.2516482765625 0.405046346875 0.1282058640625 0.3074156875 0.10397960937499999 0.337597884375 0.227422021875 0.43522854375
3 0.280298784375 0.4062273671875 0.3502819421875 0.35335631562500003 0.304844065625 0.2918819265625 0.2348592859375 0.34475274843750003 0.280298784375 0.4062273671875
3 0.3704141203125 0.416743334375 0.4420017921875 0.3062516921875 0.417250390625 0.29070899843750003 0.3456627203125 0.4012006421875 0.3704141203125 0.416743334375
3 0.3468871328125 0.5787986375 0.4401647203125 0.4175413921875 0.28195706249999997 0.329664775 0.1886775625 0.4909234265625 0.3468871328125 0.5787986375
0 0 0.7049841984375 0.7066466640625 0.9354131406249999 0.9019748515625 0.387528159375 0.147779790625 0.141594259375 0 0.5561085640625001 0 0.7049841984375