3 0.8475968249999999 0.307579365625 0.71385079375 0.43618253906250004 0.7210571421874999 0.443676190625 0.854803175 0.315074603125 0.8475968249999999 0.307579365625
3 0.71235238125 0.345228571875 0.695920634375 0.433822221875 0.7041761906249999 0.43535396875 0.7206095234375 0.3467603171875 0.71235238125 0.345228571875
3 0.671503175 0.3203650796875 0.6619396828124999 0.32205238125 0.6826873015625 0.439626984375 0.69225238125 0.43793968281250006 0.671503175 0.3203650796875
3 0.55494920625 0.22723333281250002 0.5419603171875 0.2347174609375 0.64704603125 0.41707301562500004 0.6600349203125 0.4095873015625 0.55494920625 0.22723333281250002
3 0.591280953125 0.36450317499999996 0.5836873015624999 0.371276190625 0.631096825 0.42443174531250005 0.6386904765625 0.41765872968749995 0.591280953125 0.36450317499999996
3 0.55194444375 0.38984603125 0.5475587296875 0.3979587296875 0.62934444375 0.44216666718750003 0.633728571875 0.43405396874999996 0.55194444375 0.38984603125
3 0.567169840625 0.422196825 0.562773015625 0.43153650781249997 0.613774603125 0.4555365078125 0.618169840625 0.446196825 0.567169840625 0.422196825
3 0.5339333328125 0.44127301562500004 0.5314079359375 0.4515873015625 0.6014873015625 0.46875079375000006 0.6040142859375 0.4584349203125 0.5339333328125 0.44127301562500004
3 0.5596603171875 0.4691841265625 0.5585428578125 0.4760174609375 0.6013619046875001 0.483023809375 0.602479365625 0.4761904765625 0.5596603171875 0.4691841265625
3 0.1664412703125 0.39110317499999997 0.159371428125 0.41805396874999995 0.57154920625 0.5261873015625 0.578620634375 0.4992365078125 0.1664412703125 0.39110317499999997
3 0.3529952375 0.522679365625 0.34944444375 0.5475396828125 0.5761111109375 0.579920634375 0.5796619046875 0.5550603171875 0.3529952375 0.522679365625
3 0.5861428578125001 0.553380953125 0.3562126984375 0.669696825 0.4072825390625 0.77064761875 0.6372126984375 0.6543317453124999 0.5861428578125001 0.553380953125
3 0.811825396875 0.41211111093749997 0.732471428125 0.4432587296875 0.7374349203125 0.4559047625 0.8167888890624999 0.42475714218749994 0.811825396875 0.41211111093749997
3 0.73425079375 0.4896365078125 0.729128571875 0.5203634921875 0.8752841265625 0.544723809375 0.8804047625000001 0.513996825 0.73425079375 0.4896365078125
3 0.7618047625 0.534028571875 0.7172682546875 0.5859888890625 0.8767857140625 0.722719046875 0.921323809375 0.6707571421875 0.7618047625 0.534028571875
3 0.7518301593750001 0.5162412703125 0.7337809531249999 0.5480777781249999 0.86774444375 0.624026984375 0.8857936515624999 0.5921904765625 0.7518301593750001 0.5162412703125
3 0.706276190625 0.550796825 0.6484047625 0.61025555625 0.701980953125 0.662403175 0.75985396875 0.60294444375 0.706276190625 0.550796825
3 0.618628571875 0.5529063484375001 0.5688523812499999 0.6671634921875 0.5950396828125 0.6785714281249999 0.6448158734375 0.5643142859375 0.618628571875 0.5529063484375001
3 0.6139841265625 0.3962412703125 0.5520142859375 0.5614936515625 0.7174841265625 0.62354603125 0.7794555562500001 0.4582920640625 0.6139841265625 0.3962412703125
0 0.211522221875 0.1066142859375 0.1168650796875 0.6517857140625 0.8767857140625 0.783730159375 0.9714428578125001 0.23855872968749997 0.211522221875 0.1066142859375