2 0.2944478296875 0.7873536265625 0.7172464875 0.4297301125 0.52338153125 0.2048842359375 0.100582875 0.5625077515625 0.2944478296875 0.7873536265625
2 0.23939954531250002 0.6842562328125 0.280919453125 0.6768488046875001 0.2738915671875 0.6474907421875 0.23237159687500003 0.6548965890625 0.23939954531250002 0.6842562328125
2 0.2651321609375 0.6500023500000001 0.3580865453125 0.6521683046875 0.355545540625 0.58973786875 0.26259115781250003 0.5875719125 0.2651321609375 0.6500023500000001
2 0.41356849687499997 0.6761373828125 0.49399283125000004 0.6061454312500001 0.45461148281249997 0.561600834375 0.3741887296875 0.631592821875 0.41356849687499997 0.6761373828125
2 0.5179028812500001 0.5950030171875 0.5183364218750001 0.5585700625000001 0.46709077031249996 0.5546839875 0.466658809375 0.591116978125 0.5179028812500001 0.5950030171875
2 0.36291854375 0.78012499375 0.505495290625 0.72300403125 0.473126696875 0.6514720421875 0.330549953125 0.70859300625 0.36291854375 0.78012499375
2 0.4292804140625 0.822201378125 0.5705582609375 0.766317059375 0.548947621875 0.7180473359375 0.407669775 0.7739316546875 0.4292804140625 0.822201378125
2 0.4923368953125 0.868580365625 0.611815525 0.830982978125 0.5897434484375 0.7714537265625 0.47026323750000004 0.8090510765625 0.4923368953125 0.868580365625
2 0.57871436875 0.9191943578125 0.714486875 0.790077375 0.624478375 0.6959004890625 0.48870593281249997 0.825019053125 0.57871436875 0.9191943578125
2 0.748420046875 0.8104996390625001 0.9268696515625001 0.6075771640625 0.6935097531250001 0.3989388171875 0.51505856875 0.6018612546875 0.748420046875 0.8104996390625001
2 0.87230925625 0.68372815625 0.9510973625 0.62861630625 0.9220089671875 0.5887670875000001 0.8432192828125 0.6438789 0.87230925625 0.68372815625
0 0.6182449703125 1 0.9493543921875001 0.62922891875 0.4553952625 0.18158860625 0.1067196796875 0.5720299984375 0.5789731484375 1 0.6182449703125 1