3 0.3231401390625 0.13670242187499998 0.46331314843750004 0.28248096875 0.47148096875 0.274626296875 0.33130968906249997 0.1288477515625 0.3231401390625 0.13670242187499998
3 0.3641764703125 0.2841141875 0.46074048437500004 0.302024221875 0.46241003437500006 0.2930259515625 0.3658460203125 0.2751141875 0.3641764703125 0.2841141875
3 0.337076125 0.32863840781250003 0.338915225 0.339062284375 0.4670674734375 0.316448096875 0.46522837343749995 0.30602249062500003 0.337076125 0.32863840781250003
3 0.23556574375 0.45567820000000003 0.2437231828125 0.46983564062500005 0.4424844296875 0.3552958484375 0.434325259375 0.34113840781250004 0.23556574375 0.45567820000000003
3 0.385185121875 0.4160778546875 0.3925674734375 0.42435467187500003 0.45050519062500005 0.37267993125 0.4431228375 0.36440311406250003 0.385185121875 0.4160778546875
3 0.4128079578125 0.4589532875 0.42165051875000004 0.46373356406250005 0.46983564062500005 0.374589965625 0.46099307968750003 0.36981141875 0.4128079578125 0.4589532875
3 0.4480692046875 0.44235813124999995 0.45824913437500003 0.44715051875 0.4844083046875 0.39156055312500004 0.4742283734375 0.386769896875 0.4480692046875 0.44235813124999995
3 0.4688615921875 0.478584775 0.48010380625 0.4813373703125 0.49881141875 0.4049532875 0.4875674734375 0.4021989625 0.4688615921875 0.478584775
3 0.4992837375 0.45054325312500004 0.506731834375 0.45176124531250006 0.5143685125 0.40508996562500005 0.506920415625 0.403871971875 0.4992837375 0.45054325312500004
3 0.4141782 0.8791384078125001 0.4435536328125 0.8868442906249999 0.561415225 0.43758477500000004 0.5320397921875 0.42987716249999997 0.4141782 0.8791384078125001
3 0.5575916953125 0.6758010375 0.58468858125 0.6796712796875 0.6199826984375 0.43261245625000005 0.5928858124999999 0.4287422140625 0.5575916953125 0.6758010375
3 0.5910553640625 0.4216782 0.7178356406249999 0.6722941171875 0.8278685125 0.6166297578125 0.7010882359374999 0.36601384062500003 0.5910553640625 0.4216782
3 0.43707612500000004 0.1756920421875 0.47102595156250004 0.262185121875 0.48480968906250005 0.2567750859375 0.4508598609375 0.17028200625 0.43707612500000004 0.1756920421875
3 0.521576125 0.260245675 0.5550674734375 0.2658287203125 0.5816193765625 0.10652422187499999 0.548128028125 0.10094290624999999 0.521576125 0.260245675
3 0.5699619375 0.230212803125 0.6265968859375 0.2787560546875 0.775628028125 0.10488754375 0.71899135 0.056342560937499994 0.5699619375 0.230212803125
3 0.5505743937500001 0.24108477499999997 0.5852750859375 0.2607577859375 0.66805709375 0.1147422140625 0.6333564015625 0.09506920468749999 0.5505743937500001 0.24108477499999997
3 0.5882387546875 0.290737025 0.6530467125 0.353814878125 0.7098858124999999 0.295418684375 0.6450778546875 0.2323391 0.5882387546875 0.290737025
3 0.5905380625000001 0.386269896875 0.7150743937499999 0.44052422187499995 0.72750865 0.41198096875 0.60297231875 0.35772664375 0.5905380625000001 0.386269896875
3 0.41977854687500005 0.3913321796875 0.5998979234374999 0.4588771625 0.667532871875 0.2785207609375 0.48741176406250003 0.2109740484375 0.41977854687500005 0.3913321796875
0 0.10409515625000001 0.8300017296875 0.6983131484375 0.933174740625 0.8421280281250001 0.10488754375 0.24791003437499998 0.0017145328125000002 0.10409515625000001 0.8300017296875