2 0.9149419359375001 0.562411290625 0.46845 0.18767741875 0.27987741875 0.4123580640625 0.7263693546875001 0.7870919359374999 0.9149419359375001 0.562411290625
2 0.7842387093750001 0.6534935484375 0.7415435484375 0.6449548390625 0.735588709375 0.67472580625 0.7782838703125 0.6832661296875 0.7842387093750001 0.6534935484375
2 0.7505903218750001 0.5841209671875001 0.6557838703125001 0.5841209671875001 0.6557838703125001 0.64772419375 0.7505903218750001 0.64772419375 0.7505903218750001 0.5841209671875001
2 0.638490321875 0.626359678125 0.5534790328125 0.55307419375 0.51512580625 0.5975629031249999 0.600138709375 0.6708483875 0.638490321875 0.626359678125
2 0.5424064515625 0.5828870968750001 0.5404516125 0.54572419375 0.4882967734375 0.5484693546875 0.49025322656250003 0.5856322578125 0.5424064515625 0.5828870968750001
2 0.686240321875 0.7059177421875 0.538311290625 0.6442806453125 0.508238709375 0.7164564515625 0.6561677421875001 0.7780935484375 0.686240321875 0.7059177421875
2 0.6102241937499999 0.770714515625 0.46367258125 0.7103693546875001 0.4436161296875 0.7590790328125 0.5901677421875 0.81942419375 0.6102241937499999 0.770714515625
2 0.5477822578125 0.8050403218750001 0.4242435484375 0.763861290625 0.4041838703125 0.8240419359375 0.5277209671875001 0.8652209671875 0.5477822578125 0.8050403218750001
2 0.5296177421875 0.820885484375 0.3856435484375 0.6859903218750001 0.2976677421875 0.779888709375 0.4416419359375 0.9147822578125 0.5296177421875 0.820885484375
2 0.4934419359375 0.5926935484375 0.3028306453125 0.38152258125 0.073264515625 0.588737096875 0.26387419375 0.7999080640625 0.4934419359375 0.5926935484375
2 0.16017096718749999 0.6277435484375 0.07744516093750001 0.5696709671875 0.0494048390625 0.6096161296875 0.1321290328125 0.6676887093749999 0.16017096718749999 0.6277435484375
0 0.441653496875 1 0.90907258125 0.57197580625 0.536888709375 0.165537096875 0.051209678125000005 0.6102822578125 0.40808183124999997 1 0.441653496875 1