2 0.40421700468750005 0.9160571125000001 0.8438695125000001 0.492111525 0.6226787578125 0.2632862609375 0.18302625156250002 0.6872318468749999 0.40421700468750005 0.9160571125000001
2 0.319593128125 0.7658568796874999 0.3326341109375 0.7217699484375 0.30155646875 0.71159660625 0.288513771875 0.755683328125 0.319593128125 0.7658568796874999
2 0.396428175 0.7392539124999999 0.4052409375 0.6388925046875 0.3376635328125 0.6306254328125 0.3288507703125 0.730986840625 0.396428175 0.7392539124999999
2 0.36197051562500004 0.6150955453125 0.44773741093749997 0.5346287843749999 0.40403400781250004 0.488245753125 0.3182669625 0.5687142234375 0.36197051562500004 0.6150955453125
2 0.4170909375 0.5190323859375 0.4567576375 0.5217933984375 0.458689015625 0.466225859375 0.4190221671875 0.46346655312499996 0.4170909375 0.5190323859375
2 0.273002734375 0.6553024765625 0.35224194531249997 0.5067174156250001 0.278351715625 0.46550147812500003 0.1991125046875 0.6140865390625 0.273002734375 0.6553024765625
2 0.211223303125 0.5664101578125 0.288961815625 0.419115296875 0.239072921875 0.391552459375 0.1613344078125 0.53884731875 0.211223303125 0.5664101578125
2 0.1805569953125 0.4958479578125 0.2357926328125 0.3704231984375 0.17371631875 0.3413659609375 0.11848083125 0.46678901406250006 0.1805569953125 0.4958479578125
2 0.16541025468749998 0.47455959999999997 0.322117359375 0.33968310156250003 0.2305296515625 0.23434776093749998 0.073824259375 0.3692244703125 0.16541025468749998 0.47455959999999997
2 0.4112232515625 0.46592427968749994 0.653307340625 0.29159233281249997 0.4544846359375 0.0216418296875 0.2124006953125 0.1959720671875 0.4112232515625 0.46592427968749994
2 0.429030190625 0 0.365128046875 0.07369333125000001 0.40496249375 0.10857034218749999 0.474353478125 0.0285456234375 0.4417486484375 0 0.429030190625 0
0 0.42748328906250005 0 0 0.3126750125 0 0.3805344765625 0.3946004484375 0.9086006734375 0.8610315078124999 0.5674380078125 0.4370102546875 0 0.42748328906250005 0