2 0.5598049484375001 0.2019329 0.0798819515625 0.5094040296875 0.2532482375 0.7634844484375 0.733171234375 0.45601332031249997 0.5598049484375001 0.2019329
2 0.2487978546875 0.618660275 0.2049960953125 0.6206963875 0.20873412187499998 0.6514561046875 0.25253600625 0.6494183765625 0.2487978546875 0.618660275
2 0.34012547031249996 0.5707747171875 0.244313746875 0.55628630625 0.2394430796875 0.6200542671875 0.335254803125 0.634542678125 0.34012547031249996 0.5707747171875
2 0.44589261875 0.555281853125 0.35436779375 0.6157656453125 0.389719165625 0.6662305109375 0.48124562031250007 0.6057469671875 0.44589261875 0.555281853125
2 0.45962102812500005 0.5499036796875 0.454799565625 0.5868640953125001 0.5072955734375 0.5975864734375 0.5121186640625 0.5606263015625 0.45962102812500005 0.5499036796875
2 0.4542366953125 0.64904248125 0.3000190078125 0.6882325671875 0.3248833140625 0.765191034375 0.479101 0.7260009484375 0.4542366953125 0.64904248125
2 0.524605828125 0.7267087234375 0.3718790984375 0.7648140265625 0.38841808125 0.816714909375 0.5411448078125 0.778609609375 0.524605828125 0.7267087234375
2 0.560356584375 0.7863647874999999 0.43235449687500005 0.808771171875 0.4480199359375 0.872173475 0.57602039375 0.8497668421875 0.560356584375 0.7863647874999999
2 0.605329153125 0.71419101875 0.4494982125 0.8274332937500001 0.531216346875 0.9350178124999999 0.6870471625000001 0.821777153125 0.605329153125 0.71419101875
2 0.7123359734375 0.4215902390625 0.5035323046875 0.60417875 0.7196659765625 0.8470127234374999 0.9284680171874999 0.6644239625 0.7123359734375 0.4215902390625
2 0.9257031078125 0.6446695625000001 0.8376529875 0.6902503171875 0.8629333046875001 0.734584334375 0.9509817937499999 0.68900333125 0.9257031078125 0.6446695625000001
0 0.588324578125 1 0.94910680625 0.68939536875 0.49233603906249995 0.1692763640625 0.0850811015625 0.519890278125 0.50671554375 1 0.588324578125 1