3 0.35365544843749996 0.2816950875 0.4042607953125 0.408935803125 0.4349611390625 0.3978188296875 0.384355815625 0.2705799796875 0.35365544843749996 0.2816950875
3 0.3468531828125 0.45549185625 0.38228400156250003 0.49148484375 0.41228969375 0.4620492484375 0.3768588953125 0.42605812343749994 0.3468531828125 0.45549185625
3 0.34368163281249997 0.5191173828125 0.3521820140625 0.537465390625 0.41434925937499995 0.5107503484375 0.4058488765625 0.4924023421875 0.34368163281249997 0.5191173828125
3 0.3944076890625 0.5645242796875001 0.4070812109375 0.6580199343750001 0.44896192968750004 0.6540350218750001 0.436286540625 0.5605393140625 0.3944076890625 0.5645242796875001
3 0.46771505468749996 0.591745021875 0.4801799625 0.7060715562500001 0.5004186515625 0.7046854203125 0.4879518796875 0.5903588328125 0.46771505468749996 0.591745021875
3 0.5117281874999999 0.570046971875 0.527127703125 0.613859390625 0.534908315625 0.611412865625 0.5195087968750001 0.5676004484375 0.5117281874999999 0.570046971875
3 0.5215045171875 0.5765701937500001 0.575188328125 0.5856207343750001 0.5779646015625 0.5641008609375 0.52428265625 0.555050375 0.5215045171875 0.5765701937500001
3 0.42972860312499994 0.275772184375 0.4494826578125 0.364042703125 0.489786403125 0.3566130234375 0.47003234843749997 0.2683425046875 0.42972860312499994 0.275772184375
3 0.45817624375 0.3283856609375 0.5062680640624999 0.334675621875 0.5181180640624999 0.20416327500000003 0.4700262421875 0.1978733140625 0.45817624375 0.3283856609375
3 0.493763053125 0.3808061484375 0.5512764812500001 0.43120230625 0.6401434234375001 0.32886403125 0.5826300171875001 0.2784697359375 0.493763053125 0.3808061484375
3 0.5971865015625 0.3981482234375 0.6199439546875001 0.4048418890625 0.6226023890625 0.3944969359375 0.5998449578125 0.3878051328125 0.5971865015625 0.3981482234375
3 0.5295616203125 0.419547603125 0.5401229421875 0.4902359484375 0.6101332562499999 0.48260037499999997 0.599573778125 0.4119102203125 0.5295616203125 0.419547603125
3 0.582881128125 0.49929123750000004 0.61647960625 0.5280103203125 0.6262761375 0.51642006875 0.592679525 0.487701040625 0.582881128125 0.49929123750000004
3 0.3945887640625 0.3270130046875 0.40929076249999996 0.60723216875 0.546617015625 0.6056237890625 0.5319150171875 0.325404628125 0.3945887640625 0.3270130046875
0 0.1636793734375 0.10033325312500001 0.3871787765625 0.9643618937499999 0.77043320625 0.8801371343750001 0.5469338031250001 0.01610849375 0.1636793734375 0.10033325312500001