3 0.5647960015625 0.48460528593749996 0.68050383125 0.4385860703125 0.6703960296875 0.4106679234375 0.5546865046875 0.4566871609375 0.5647960015625 0.48460528593749996
3 0.5063864640625 0.463988440625 0.53911589375 0.4317685578125 0.51234959375 0.40448211250000005 0.47961847031250004 0.4367020140625 0.5063864640625 0.463988440625
3 0.4620989015625 0.46586135781250004 0.47878412031249995 0.458131321875 0.4544901296875 0.40159798437500005 0.43780491093749996 0.40932801874999997 0.4620989015625 0.46586135781250004
3 0.3317994015625 0.4973372546875 0.4168220609375 0.4858105734375 0.4131982328125 0.4477269921875 0.328175621875 0.4592519765625 0.3317994015625 0.4973372546875
3 0.2857391953125 0.5441307109375 0.3897049359375 0.5327937406250001 0.3884443703125 0.5143908781250001 0.284478678125 0.525726153125 0.2857391953125 0.5441307109375
3 0.370558925 0.57549475 0.4104008421875 0.5614908125 0.408176034375 0.5544153203125 0.3683341171875 0.5684192546875 0.370558925 0.57549475
3 0.4135832796875 0.614649059375 0.42181356562500005 0.5658320406249999 0.40224397968750003 0.5633056703125 0.3940136453125 0.6121243859375001 0.4135832796875 0.614649059375
3 0.60226753125 0.5344620109375 0.682538534375 0.5164981671875 0.6757821703125 0.47984694843750003 0.5955111671875 0.4978107921875 0.60226753125 0.5344620109375
3 0.7409015218749999 0.5602261140625 0.7466214546875001 0.5164926140625 0.6279367890625001 0.5057165218749999 0.62221685625 0.5494500203125 0.7409015218749999 0.5602261140625
3 0.627501771875 0.6711929249999999 0.6733290843749999 0.6188916718749999 0.5802669093749999 0.5380782765625 0.534437903125 0.59037955 0.627501771875 0.6711929249999999
3 0.5678168484375 0.6552415468749999 0.5739022078125 0.6345465078125 0.564496459375 0.632128975 0.5584094078125 0.652824034375 0.5678168484375 0.6552415468749999
3 0.487697784375 0.6439024296875 0.55198164375 0.6342999046875 0.5450363984375 0.5706325984375 0.480754184375 0.5802368 0.487697784375 0.6439024296875
3 0.456943 0.6585823625 0.48305936562499996 0.62803044375 0.47251953125 0.6191200265625 0.446403115625 0.6496736421875 0.456943 0.6585823625
3 0.3758233671875 0.5861423484375 0.630647665625 0.57277271875 0.6291850484375 0.4478916578125 0.374360746875 0.4612612875 0.3758233671875 0.5861423484375
0 0.12618779375 0.789675196875 0.9119138390625 0.5864304265625 0.8353219484375 0.23790842968749998 0.049595903125 0.4411532 0.12618779375 0.789675196875