3 0.62755848125 0.7533911953125 0.6073256781249999 0.4782010703125 0.3838447296875 0.486850959375 0.4040791078125 0.7620411578125 0.62755848125 0.7533911953125
3 0.6010033265625 0.3659678921875 0.57739200625 0.30973056250000003 0.5449404421875 0.32240290312500003 0.5685517609375 0.378640234375 0.6010033265625 0.3659678921875
3 0.46560273125 0.44925407812499996 0.40340159375000006 0.42257464999999994 0.38058725312499997 0.47958644687499996 0.4427883875 0.506265875 0.46560273125 0.44925407812499996
3 0.3728163265625 0.3543344734375 0.3460719 0.3530903484375 0.3456634390625 0.388150628125 0.372407865625 0.389394753125 0.3728163265625 0.3543344734375
3 0.50456565 0.3008264984375 0.47246950937500004 0.29933341874999997 0.471856809375 0.351924625 0.5039529484374999 0.35341770625 0.50456565 0.3008264984375
3 0.4189433453125 0.5355950265625 0.4040254671875 0.48895900625 0.374118315625 0.49757401718749994 0.389036175 0.5442116078125 0.4189433453125 0.5355950265625
3 0.4012727046875 0.6425851015624999 0.3925282 0.593742159375 0.3123331265625 0.6053690625 0.3210791890625 0.6542136484375 0.4012727046875 0.6425851015624999
3 0.647955790625 0.557818446875 0.6141981484375 0.553884415625 0.6100037031250001 0.605029734375 0.6437613625 0.6089621953125001 0.647955790625 0.557818446875
3 0.4160198859375 0.654440359375 0.41317784218750003 0.6429864734375 0.3710031421875 0.652053909375 0.37384676093749997 0.66350786875 0.4160198859375 0.654440359375
3 0.4939606703125 0.4508451453125 0.47378754375 0.44605790624999997 0.46590448125000006 0.48467114218749996 0.486077628125 0.48945681093750004 0.4939606703125 0.4508451453125
3 0.607527540625 0.4874812234375 0.5340381078124999 0.4115057703125 0.504926959375 0.439585709375 0.5784164078125 0.5155595890625 0.607527540625 0.4874812234375
0 0.8982082124999999 0.57213163125 0.49301635 0.1435993703125 0.0992540796875 0.5142516234375 0.5044459406249999 0.9427838828124999 0.8982082124999999 0.57213163125