3 0.461424190625 0.589721803125 0.42649687812500003 0.705029225 0.45450755625 0.71293103125 0.48943499375000005 0.5976252515625 0.461424190625 0.589721803125
3 0.4356106765625 0.518302365625 0.4070553046875 0.5522249453125 0.4358666984375 0.5763199671875 0.464422196875 0.5423990296875 0.4356106765625 0.518302365625
3 0.4054359234375 0.47962509999999997 0.39933535625 0.4963267 0.4563810765625 0.516036896875 0.4624816421875 0.4993352953125 0.4054359234375 0.47962509999999997
3 0.4446773015625 0.3699470078125 0.4406909484375 0.4531591046875 0.47803732656250003 0.4540837953125 0.48202532343750004 0.3708715375 0.4446773015625 0.3699470078125
3 0.5056154796875 0.3230648578125 0.5034227828125 0.4246292203125 0.5214277390625 0.42460046562500003 0.5236220859375 0.3230359390625 0.5056154796875 0.3230648578125
3 0.5542602921875 0.4014601265625 0.5440250671875 0.441038403125 0.55109539375 0.4427144078125 0.56133061875 0.40313612968749996 0.5542602921875 0.4014601265625
3 0.5989475140625 0.42338553437500004 0.5521675515625 0.4346830375 0.5562869671875 0.45348387343749996 0.6030652828124999 0.44218653124999996 0.5989475140625 0.42338553437500004
3 0.5048872796875 0.6265057656249999 0.4942351234375 0.705548871875 0.530454540625 0.7096078890624999 0.541106696875 0.6305647828125001 0.5048872796875 0.6265057656249999
3 0.557378053125 0.6488867390624999 0.5153305171875 0.6574047796875 0.5358927625 0.7717361375 0.5779402984375 0.7632180953125001 0.557378053125 0.6488867390624999
3 0.5897279296875 0.56100373125 0.542754853125 0.6089895546874999 0.629255990625 0.6937196046875 0.6762291921875 0.6457354265624999 0.5897279296875 0.56100373125
3 0.652495196875 0.5799994921875 0.6328850953125 0.5873075046875 0.636035275 0.596261978125 0.6556455015625 0.5889556078125 0.652495196875 0.5799994921875
3 0.5753032546875 0.5096472171875 0.5714231515625 0.5726211078125 0.6339333625 0.57502693125 0.6378116953124999 0.512051559375 0.5753032546875 0.5096472171875
3 0.6399167 0.47162443749999994 0.612419996875 0.4990208515625 0.6219812296875 0.5086334859375 0.6494762875 0.4812372359375 0.6399167 0.47162443749999994
3 0.45055474375 0.41458654062500006 0.4591984375 0.662545375 0.58077693125 0.655475071875 0.5721332375 0.40751623437499995 0.45055474375 0.41458654062500006
0 0.40341077500000005 0.101096428125 0.2724879046875 0.8766662109375 0.6179524609375 0.9272320109375001 0.7488753328125 0.15166222812500002 0.40341077500000005 0.101096428125