3 0.40831875 0.5248765625 0.3028046875 0.5660296875 0.312878125 0.5918578125 0.41839375 0.5507046875 0.40831875 0.5248765625
3 0.46275781250000003 0.544496875 0.43342656249999995 0.573828125 0.45885156250000003 0.5992531249999999 0.488184375 0.569921875 0.46275781250000003 0.544496875
3 0.503565625 0.543246875 0.4883796875 0.5501890625 0.5123078125 0.60253125 0.52749375 0.5955890625 0.503565625 0.543246875
3 0.6229312499999999 0.5156484375 0.5448015625 0.5253546874999999 0.549165625 0.560478125 0.6272953125 0.5507734375 0.6229312499999999 0.5156484375
3 0.6641703125 0.473034375 0.568559375 0.48236249999999997 0.570215625 0.49932968750000006 0.6658265625 0.490003125 0.6641703125 0.473034375
3 0.585078125 0.44322968749999997 0.548696875 0.455703125 0.5509390625 0.4622453125 0.5873203124999999 0.449771875 0.585078125 0.44322968749999997
3 0.5443359375 0.406696875 0.5380515625 0.45158125 0.5561734375 0.45411875 0.5624578125 0.4092328125 0.5443359375 0.406696875
3 0.3724125 0.47854374999999993 0.29883906250000003 0.49423125 0.3060546875 0.52806875 0.379628125 0.51238125 0.3724125 0.47854374999999993
3 0.2438234375 0.4533203125 0.23971874999999998 0.4935484375 0.34950156250000003 0.50475 0.35360625 0.464521875 0.2438234375 0.4533203125
3 0.3454671875 0.35230937500000004 0.304590625 0.4 0.3926125 0.4754484375 0.433490625 0.4277578125 0.3454671875 0.35230937500000004
3 0.4009578125 0.3676453125 0.3958984375 0.3866453125 0.40464062500000003 0.3889734375 0.4097015625 0.3699734375 0.4009578125 0.3676453125
3 0.4751765625 0.3789515625 0.416128125 0.3871078125 0.4242421875 0.44583593749999995 0.48328906250000003 0.437678125 0.4751765625 0.3789515625
3 0.50315625 0.3657578125 0.47988125000000004 0.3936234375 0.48984375 0.4019453125 0.5131187500000001 0.374078125 0.50315625 0.3657578125
3 0.5799359374999999 0.43336406250000004 0.345203125 0.4429453125 0.3499 0.5580078125 0.5846328125 0.5484265625 0.5799359374999999 0.43336406250000004
0 0.804784375 0.2485390625 0.0853515625 0.42734375 0.16535468749999999 0.7492421874999999 0.8847875000000001 0.5704374999999999 0.804784375 0.2485390625