2 0.9284487734375 0.0600368796875 0.44152830156249995 0.1881535390625 0.451694009375 0.23840904218749998 0.9386162640625001 0.110292278125 0.9284487734375 0.0600368796875
2 1 0.22793045781250001 0.9457670546875001 0.014283609375 0 0.3103408078125 0 0.354446453125 0.13758852187499998 0.89646465625 1 0.6265007859375 1 0.22793045781250001
2 0.867585778125 0.25189874375 0.8672921546874999 0.30231180156250004 0.9071372 0.299993684375 0.907430821875 0.249580628125 0.867585778125 0.25189874375
2 0.7805271578124999 0.18312894531249999 0.6974404421875 0.2311186 0.7407385359374999 0.3124015703125 0.823825253125 0.2644119171875 0.7805271578124999 0.18312894531249999
2 0.6471183984375 0.2305010296875 0.5634753531250001 0.2462524421875 0.5774783593749999 0.357640740625 0.66111963125 0.34188764531250004 0.6471183984375 0.2305010296875
2 0.3993518453125 0.370173034375 0.332987134375 0.40186998125000006 0.3555706375 0.4548644859375 0.4219371234375 0.4231692171875 0.3993518453125 0.370173034375
2 0.2173735109375 0.4000459453125 0.192990003125 0.487902709375 0.24023829062500002 0.49819045937500006 0.2646218 0.41033369999999997 0.2173735109375 0.4000459453125
2 0.234702071875 0.545541540625 0.22853260468749997 0.689668209375 0.33186431875 0.687479821875 0.33803379843750003 0.543351371875 0.234702071875 0.545541540625
2 0.6016930109375 0.5334556203124999 0.55828220625 0.5876391109375 0.6219841859375 0.6371987015625 0.6653949921875 0.583015209375 0.6016930109375 0.5334556203124999
2 0.3976743921875 0.6290753671875 0.37307380156250003 0.683431809375 0.42931019062500003 0.70596764375 0.4539125765625 0.651609315625 0.3976743921875 0.6290753671875
2 0.37639940781250003 0.698228434375 0.3249684640625 0.7522796328125 0.3731637921875 0.797882509375 0.42459295468749997 0.743831415625 0.37639940781250003 0.698228434375
2 0.3039806109375 0.7084091578125 0.24787445312499998 0.7673737593750001 0.27890380000000004 0.79673581875 0.335009959375 0.7377712171875 0.3039806109375 0.7084091578125
2 0.43712321875000004 0.4919674140625 0.42872292187500005 0.5188091203125 0.47076906249999995 0.52950646875 0.4791693578125 0.5026647609375 0.43712321875000004 0.4919674140625
0 1 0.280065465625 0.9359463 0.0224480453125 0 0.3107247453125 0 0.3498835609375 0.1375498890625 0.9030974859375 1 0.63746031875 1 0.280065465625