2 0.20492182187500002 0.4253364390625 0.082410265625 0.8909541390625 0.130466990625 0.9006768031249999 0.252978646875 0.435057396875 0.20492182187500002 0.4253364390625
2 0.322741628125 0 0.038658701562499995 0.9075147453125 0.3597355453125 0.9890181390624999 0.454889703125 0.9884639312499999 0.6161605703124999 0.984710309375 0.8822443281250001 0.1346940234375 0.35162875 0 0.322741628125 0
2 0.3140856609375 0.8324731234374999 0.26587817343750003 0.8327538999999999 0.26366147500000003 0.8708557234375001 0.3118689609375 0.8705749468749999 0.3140856609375 0.8324731234374999
2 0.2460071609375 0.6700524234375 0.20011705468750002 0.7495040953125 0.27784389531250003 0.7909078984375 0.3237340015625 0.7114562249999999 0.2460071609375 0.6700524234375
2 0.2604788984375 0.54194830625 0.245416609375 0.62193196875 0.3519300609375 0.635320646875 0.3669939578125 0.5553386812500001 0.2604788984375 0.54194830625
2 0.40928817031250003 0.321543946875 0.3789779640625 0.3850052015625 0.4296555640625 0.406602375 0.4599641640625 0.343139421875 0.40928817031250003 0.321543946875
2 0.49155696562499995 0.187671690625 0.40754393593750005 0.2109884203125 0.4173816 0.256169596875 0.5013946265625 0.23285286562500002 0.49155696562499995 0.187671690625
2 0.684495225 0.22165930312499998 0.5466740984375 0.22755885625 0.54457975 0.3263698203125 0.6824025796875001 0.3204702546875 0.684495225 0.22165930312499998
2 0.5869299 0.5369823593749999 0.5351169375 0.5784939421875 0.58250829375 0.6394089609375 0.6343212578124999 0.597897378125 0.5869299 0.5369823593749999
2 0.6785316671875 0.3598768234375 0.6265533203125 0.38340113750000004 0.6481014078125 0.43717890156249994 0.7000815593749999 0.41365287031250003 0.6785316671875 0.3598768234375
2 0.7443673984375 0.31387609375 0.6926809406250001 0.363056934375 0.736288790625 0.4091420125 0.7879751500000001 0.3599628765625 0.7443673984375 0.31387609375
2 0.7588011578125 0.24015494531249998 0.7024162578125 0.293806459375 0.7304937265625 0.3234782734375 0.7868786265625001 0.269826759375 0.7588011578125 0.24015494531249998
2 0.521111221875 0.41309129375 0.49544383906249995 0.42112407812499997 0.505673178125 0.46133069843749996 0.5313405609374999 0.453297915625 0.521111221875 0.41309129375
0 0.3230930546875 0 0.04646594375 0.8981236499999999 0.410837228125 0.9887205078125 0.4548896921875 0.9884639312499999 0.6268446734374999 0.9844616343749999 0.8885869703125 0.13465708125 0.34700767187500003 0 0.3230930546875 0