3 0.6038718750000001 0.5008921875000001 0.5805953125000001 0.228228125 0.358778125 0.2471640625 0.382053125 0.519828125 0.6038718750000001 0.5008921875000001
3 0.4458046875 0.671840625 0.42170781249999995 0.6170203125 0.3896296875 0.6311203125 0.41372656250000006 0.685940625 0.4458046875 0.671840625
3 0.607190625 0.5079640624999999 0.545115625 0.48431562499999997 0.5231203125 0.542053125 0.5851953125 0.5657015624999999 0.607190625 0.5079640624999999
3 0.642928125 0.59725625 0.61635625 0.59725625 0.61635625 0.6321328125 0.642928125 0.6321328125 0.642928125 0.59725625
3 0.5180359375 0.639109375 0.48614687500000003 0.639109375 0.48614687500000003 0.691425 0.5180359375 0.691425 0.5180359375 0.639109375
3 0.6134062499999999 0.48978124999999995 0.5980531250000001 0.444103125 0.5684546874999999 0.454053125 0.5838078125 0.4997296875 0.6134062499999999 0.48978124999999995
3 0.6735125 0.3797515625 0.6642625 0.33159375 0.5847640625 0.3468640625 0.5940125 0.39502031249999997 0.6735125 0.3797515625
3 0.3779265625 0.39385625 0.34435937499999997 0.3915078125 0.3407859375 0.44255000000000005 0.374353125 0.44489999999999996 0.3779265625 0.39385625
3 0.6147125 0.33605 0.61175625 0.32479375 0.5699828124999999 0.33575937499999997 0.5729375 0.347015625 0.6147125 0.33605
3 0.5224109375 0.5068546875 0.5023234375000001 0.5030296875 0.49494218749999996 0.5417828124999999 0.5150296875 0.545609375 0.5224109375 0.5068546875
3 0.4841828125 0.553484375 0.41032812500000004 0.4813484375 0.3817453125 0.5106109375 0.4556 0.5827484375 0.4841828125 0.553484375
0 0.88615625 0.4604875 0.47883906249999997 0.053171875 0.0921171875 0.43989375 0.499434375 0.847209375 0.88615625 0.4604875