3 0.23688758437500002 0.6331912749999999 0.5296812078124999 0.6081979859375 0.509347315625 0.37000335624999997 0.216553690625 0.394998321875 0.23688758437500002 0.6331912749999999
3 0.649189596875 0.60006208125 0.708057046875 0.5741862421875 0.6929161078125 0.5397399328125 0.6340486578125 0.565615771875 0.649189596875 0.60006208125
3 0.5535469796875 0.45671644218749996 0.578941275 0.390058725 0.516941275 0.366439596875 0.49154697968749994 0.433097315625 0.5535469796875 0.45671644218749996
3 0.6502768453125001 0.356597315625 0.6502768453125001 0.32806375781249997 0.6128255031250001 0.32806375781249997 0.6128255031250001 0.356597315625 0.6502768453125001 0.356597315625
3 0.713946309375 0.4964194625 0.713946309375 0.462176175 0.65776845625 0.462176175 0.65776845625 0.4964194625 0.713946309375 0.4964194625
3 0.4590503359375 0.40803523437500006 0.50809899375 0.3915486578125 0.4974161078125 0.3597651 0.448365771875 0.376251678125 0.4590503359375 0.40803523437500006
3 0.3439479859375 0.3905218125 0.3956593953125 0.3805906046875 0.37926342343749997 0.2952214765625 0.3275503359375 0.3051543625 0.3439479859375 0.3905218125
3 0.4466979859375 0.6525117453125 0.44922147656250005 0.6164664421875 0.39440939531249997 0.6126291953125 0.391887584375 0.648674496875 0.4466979859375 0.6525117453125
3 0.33202349062500003 0.40639429531250004 0.3441107375 0.40322147656249996 0.3323355703125 0.358362415625 0.32024832187499996 0.3615369125 0.33202349062500003 0.40639429531250004
3 0.5532567109375 0.4869748328125 0.557365771875 0.4654043625 0.5157499999999999 0.4574781875 0.5116426171875 0.4790486578125 0.5532567109375 0.4869748328125
3 0.5197835578125 0.6085285234375 0.5972466437499999 0.5292214765625001 0.565822146875 0.4985285234375 0.48836073750000003 0.5778355703125 0.5197835578125 0.6085285234375
0 0.44384563750000006 0.919538590625 0.88123154375 0.48215100624999996 0.46595973125 0.0668791953125 0.028573825000000004 0.504266778125 0.44384563750000006 0.919538590625