2 0.9381097875 0.67887985625 0.427940903125 0.7298110906249999 0.4286151796875 0.7830322140625 0.938782271875 0.732101525 0.9381097875 0.67887985625
2 0 0.8214418625000001 0.9657420562500001 0.7708854140625 0.98151149375 0.3201291890625 0.9423851953125 0.14504882187499998 0 0.1943827546875 0 0.8214418625000001
2 0.877388090625 0.5529718171875 0.8663102625000001 0.5034013171875 0.826310134375 0.5156156000000001 0.8373879625 0.5651861 0.877388090625 0.5529718171875
2 0.7913244453125 0.56877885625 0.6986804281250001 0.5517226375 0.673144646875 0.647574428125 0.7657886640625 0.664630646875 0.7913244453125 0.56877885625
2 0.6134337000000001 0.551638115625 0.5271374234375 0.5665497937499999 0.53708761875 0.68140784375 0.623385296875 0.6664938625 0.6134337000000001 0.551638115625
2 0.3589060828125 0.558575015625 0.2863256890625 0.5514913328125 0.2752744734375 0.61192999375 0.34785346562499997 0.6190159765625001 0.3589060828125 0.558575015625
2 0.20568311874999998 0.6284661546875 0.1627098109375 0.5507640781250001 0.118067015625 0.578094109375 0.16104032343750002 0.6557961859375 0.20568311874999998 0.6284661546875
2 0.2500056453125 0.4706769984375 0.21305025781250003 0.3308968390625 0.110134403125 0.3663401 0.14708939999999998 0.5061185078125 0.2500056453125 0.4706769984375
2 0.5660792015625 0.3124738171875 0.5114463515625001 0.274877125 0.458893509375 0.3468929421875 0.5135263578125 0.384489634375 0.5660792015625 0.3124738171875
2 0.341729365625 0.3218336828125 0.3057066046875 0.2772208140625 0.25477329375 0.31989071875 0.290793871875 0.36450238437500004 0.341729365625 0.3218336828125
2 0.292928140625 0.2416260953125 0.2303738703125 0.2070775390625 0.1923483984375 0.26955192031249997 0.254904459375 0.3040999328125 0.292928140625 0.2416260953125
2 0.205408296875 0.28019476718749997 0.1371657140625 0.24250624687500003 0.11268435937500001 0.282730571875 0.1809269390625 0.320419090625 0.205408296875 0.28019476718749997
2 0.3986392359375 0.4594142953125 0.38456757812500003 0.43602095781249994 0.3451700609375 0.4618616828125 0.35924171875 0.4852550203125 0.3986392359375 0.4594142953125
0 0 0.8208916343749999 0.9542584125 0.766413640625 0.969397940625 0.26592408125 0.9399162406249999 0.13400087656249998 0 0.18766244375000002 0 0.8208916343749999