3 0.324598615625 0.1785207609375 0.3503702421875 0.48043252656249996 0.5959826984375 0.4594653984375 0.5702093421875001 0.1575536328125 0.324598615625 0.1785207609375
3 0.35875951562499997 0.6036626296875001 0.3854411765625 0.664363321875 0.4209602078125 0.6487508656250001 0.39427854687499997 0.5880501734375 0.35875951562499997 0.6036626296875001
3 0.5065692046875 0.5050415218750001 0.5753027687500001 0.53122664375 0.5996574390625 0.4672958484375 0.5309238749999999 0.44111072656249994 0.5065692046875 0.5050415218750001
3 0.609806228125 0.6047837375 0.6392283734374999 0.6047837375 0.6392283734374999 0.566166090625 0.609806228125 0.566166090625 0.609806228125 0.6047837375
3 0.4656297578125 0.6704359859375 0.500939446875 0.6704359859375 0.500939446875 0.61250865 0.4656297578125 0.61250865 0.4656297578125 0.6704359859375
3 0.5567664359375 0.40760207656249997 0.5737664359375 0.4581782 0.6065397921875 0.4471626296875 0.5895397921875001 0.396584775 0.5567664359375 0.40760207656249997
3 0.5748252593750001 0.288915225 0.58506574375 0.34223702500000003 0.673093425 0.32533045 0.6628512109375 0.2720069203125 0.5748252593750001 0.288915225
3 0.3046764703125 0.39486505156249996 0.341844290625 0.397467128125 0.3458010375 0.340948096875 0.30863321875 0.3383477515625 0.3046764703125 0.39486505156249996
3 0.558458478125 0.2766193765625 0.561730103125 0.2890830453125 0.607986159375 0.2769411765625 0.604712803125 0.264477509375 0.558458478125 0.2766193765625
3 0.47536851249999995 0.5047422140625 0.4976107265625 0.5089792390625 0.5057837375 0.4660674734375 0.483541521875 0.46183217968749996 0.47536851249999995 0.5047422140625
3 0.35002941249999997 0.47022664374999995 0.43180622812499997 0.5501020765625 0.46345501718750004 0.5176989625 0.38167819999999997 0.437825259375 0.35002941249999997 0.47022664374999995
0 0.4212577859375 0 0.029333909375 0.391923875 0.4803425609375 0.8429307953125 0.9085467125 0.41472664375 0.493818478125 0 0.4212577859375 0