2 0.44959499843749995 0.755496128125 0.9326594640625 0.70727113125 0.9320227046875 0.6568768640625 0.4489565421875 0.7051023765625 0.44959499843749995 0.755496128125
2 0.004786960937499999 0.65590706875 0.0352695984375 0.7923092125 0.958187009375 0.7439946265625 0.9731186953125001 0.3171848265625 0.93607098125 0.151405603125 0.020760703125 0.1993221609375 0.004786960937499999 0.65590706875
2 0.8261624078124999 0.502286021875 0.8366517265625 0.5492230890625 0.8745268484375 0.5376576890625 0.8640375296875 0.490720621875 0.8261624078124999 0.502286021875
2 0.6811338375 0.6272345359375 0.768856140625 0.6433846437499999 0.7930353343750001 0.5526249796875 0.7053130296875 0.536474871875 0.6811338375 0.6272345359375
2 0.5523048390625 0.6592705515625 0.634017953125 0.6451488765625 0.624595034375 0.536394840625 0.5428832484375 0.5505143359375 0.5523048390625 0.6592705515625
2 0.3044005171875 0.5934837125 0.37312375000000003 0.6001932531249999 0.383589196875 0.5429632171875001 0.31486463750000004 0.53625585625 0.3044005171875 0.5934837125
2 0.15554470468749998 0.5614453593750001 0.19623505624999998 0.6350195140625 0.23850620312499998 0.609141390625 0.19781585156249998 0.5355672359375 0.15554470468749998 0.5614453593750001
2 0.14803351250000002 0.3609407828125 0.18302527500000002 0.49329346249999995 0.2804740953125 0.45973478281249996 0.24548196249999998 0.32738044374999997 0.14803351250000002 0.3609407828125
2 0.4782647921875 0.3425267546875 0.5299952703125 0.378126121875 0.57975624375 0.3099361453125 0.5280257640625 0.274336778125 0.4782647921875 0.3425267546875
2 0.2849884625 0.316959025 0.319095446875 0.3592006953125 0.36732499375 0.31879876875 0.33321594062500004 0.2765559578125 0.2849884625 0.316959025
2 0.2258798890625 0.26929447500000003 0.285112659375 0.3020071234375 0.3211163328125 0.242852209375 0.2618852578125 0.2101390453125 0.2258798890625 0.26929447500000003
2 0.150448003125 0.28177301093749996 0.2150651953125 0.3174593265625 0.23824598125000002 0.2793719203125 0.1736287859375 0.243685603125 0.150448003125 0.28177301093749996
2 0.3705829015625 0.45138778124999995 0.383907003125 0.473538346875 0.4212115265625 0.4490704109375 0.407887425 0.42691984375 0.3705829015625 0.45138778124999995
0 0.005311790625 0.6582555421875 0.0351635015625 0.7918344625 0.947313434375 0.739760415625 0.961648675 0.2658593640625 0.933733190625 0.14094457968750002 0.0193806265625 0.19314666875 0.005311790625 0.6582555421875