3 0.4719334578125 0.40514254375 0.1766956140625 0.43676380468750003 0.19821847812499999 0.676642821875 0.493456615625 0.6450232234375 0.4719334578125 0.40514254375
3 0.6550888453125 0.40448772499999996 0.5920776937500001 0.39018965156249996 0.5830704484375 0.4272291015625 0.6460816015625 0.44152717499999994 0.6550888453125 0.40448772499999996
3 0.5590780125 0.611754490625 0.5221754953125 0.5506106296875 0.46472214218749996 0.5859474609374999 0.5016246609375 0.6470913265625 0.5590780125 0.611754490625
3 0.6408016625 0.6594327484375 0.6358036546875 0.6311662640625 0.598599646875 0.6383779281249999 0.6035976578125 0.6666444140625 0.6408016625 0.6594327484375
3 0.680559175 0.5143153546875 0.6745610375 0.4803925765625 0.61875419375 0.4912102359375 0.6247523328125 0.5251330125 0.680559175 0.5143153546875
3 0.488442609375 0.6239199609375 0.4368300484375 0.6170325515624999 0.43178333437500005 0.650576046875 0.48339756093749997 0.6574631328125 0.488442609375 0.6239199609375
3 0.3786650265625 0.6564269234375 0.3255555546875 0.6565462656250001 0.32421936875 0.7442722374999999 0.3773308015625 0.7441542328125 0.3786650265625 0.6564269234375
3 0.390556771875 0.4124448796875 0.381736165625 0.37722288125 0.327959884375 0.3915785578125 0.336778825 0.426800878125 0.390556771875 0.4124448796875
3 0.3234927265625 0.64393413125 0.31092954375000004 0.6431185390625 0.307089471875 0.6898235015624999 0.319652946875 0.6906407546875 0.3234927265625 0.64393413125
3 0.524447271875 0.541268675 0.516587009375 0.520691346875 0.47663611250000004 0.536556584375 0.48449470625 0.5571342328125 0.524447271875 0.541268675
3 0.5528863984375 0.47036938125 0.4620432734375 0.4067210015625 0.43620423124999996 0.44317748124999995 0.5270456890624999 0.5068261859375001 0.5528863984375 0.47036938125
0 0 0.6098259515625 0.503451553125 0.9536649421875 0.8432407843749999 0.46231488125000003 0.33212956718750003 0.1132446203125 0 0.5935184718750001 0 0.6098259515625