3 0.5173759234374999 0.6029110125 0.7987744921875 0.5727719984374999 0.7782605125 0.3441373109375 0.4968616625 0.374274740625 0.5173759234374999 0.6029110125
3 0.34280594375 0.6035351375 0.4028634484375 0.6171629890625 0.41144847812499996 0.5818597624999999 0.3513909734375 0.5682319109375 0.34280594375 0.6035351375
3 0.43431626874999996 0.40598400156250003 0.46948898124999994 0.46426174375 0.5242492078125001 0.4305813265625 0.4890764953125 0.3723035796875 0.43431626874999996 0.40598400156250003
3 0.356423415625 0.36054066093750003 0.36118714218750003 0.38748215468749997 0.3966472109375 0.3806085375 0.3918834828125 0.3536670421875 0.356423415625 0.36054066093750003
3 0.3185295359375 0.498855678125 0.3242465109375 0.531188325 0.37743740937500003 0.5208777437500001 0.3717204328125 0.488545096875 0.3185295359375 0.498855678125
3 0.5016406375 0.3943887875 0.550833859375 0.40095335 0.555644009375 0.3689822046875 0.5064492 0.3624179515625 0.5016406375 0.3943887875
3 0.606272396875 0.3634055890625 0.6568923625 0.363291840625 0.6581659140625 0.2796780234375 0.6075440796875 0.279790496875 0.606272396875 0.3634055890625
3 0.5949380765625001 0.5959509734374999 0.6033452171875 0.629521940625 0.6546007359375 0.6158391875 0.6461951828125 0.5822679125 0.5949380765625001 0.5959509734374999
3 0.6588584953125001 0.37531278125 0.6708327781250001 0.3760901421875 0.674492846875 0.331574475 0.662518284375 0.33079553125 0.6588584953125001 0.37531278125
3 0.46732369374999994 0.47316579374999995 0.47481550625 0.49277855937500004 0.5128937046875001 0.47765700625 0.5054034828125 0.458043934375 0.46732369374999994 0.47316579374999995
3 0.44021765156250003 0.5407416828125 0.5268025046875 0.6014065453125 0.5514303421875 0.5666589625 0.46484707812500003 0.5059937921875 0.44021765156250003 0.5407416828125
0 0.163473628125 0.5484186281250001 0.65062650625 0.881126221875 0.9744881171875001 0.4128081953125 0.4873352390625 0.0801006015625 0.163473628125 0.5484186281250001