3 0.27745283125000003 0.45652076406250003 0.4046916828125 0.5071260875 0.41580865468750006 0.47642574375 0.288567940625 0.425820396875 0.27745283125000003 0.45652076406250003
3 0.4329309765625 0.44902384375000004 0.46892210156249997 0.4844546421875 0.49835769531249996 0.45444895 0.4623647078125 0.41901813125 0.4329309765625 0.44902384375000004
3 0.49927519374999996 0.478013825 0.5176232015625 0.48651420781250004 0.5443382421875 0.42434696250000004 0.5259902359375 0.41584658125 0.49927519374999996 0.478013825
3 0.5674121671875 0.5084514890625 0.660907875 0.521126878125 0.6648927875 0.479246159375 0.5713971328125 0.4665726375 0.5674121671875 0.5084514890625
3 0.5972316859375 0.560116828125 0.7115582734375 0.5725836 0.712944409375 0.5523449109375 0.598617875 0.5398800031250001 0.5972316859375 0.560116828125
3 0.5744733 0.5916737453125 0.6182857187499999 0.6070732640625 0.6207322421875 0.5992926515625 0.5769198249999999 0.5838931359374999 0.5744733 0.5916737453125
3 0.5619232265624999 0.5964476046875 0.5709737125000001 0.6501295500000001 0.5924935859375 0.6473532765625001 0.583443046875 0.593669465625 0.5619232265624999 0.5964476046875
3 0.2752153578125 0.542197296875 0.36348587656250003 0.5619513515625 0.3709155546875 0.52164760625 0.2826450359375 0.5018935515625 0.2752153578125 0.542197296875
3 0.2047461671875 0.542191190625 0.21103612656249998 0.5902830125 0.341548475 0.5784330125 0.3352585140625 0.5303411921875 0.2047461671875 0.542191190625
3 0.2853425875 0.6547949656250001 0.33573688281249997 0.7123083718750001 0.43807515781250006 0.6234414296875 0.387679 0.5659280015625 0.2853425875 0.6547949656250001
3 0.394677984375 0.67200990625 0.4013697890625 0.6947673375 0.411714740625 0.6921089031250001 0.40502107499999995 0.66935145 0.394677984375 0.67200990625
3 0.41878307187499997 0.6717387265625 0.4894732265625 0.6822982046875 0.4971088 0.612287890625 0.4264204546875 0.60172656875 0.41878307187499997 0.6717387265625
3 0.49457389375 0.664844475 0.5232929203125 0.6984410859375 0.534883171875 0.6886445546875 0.5061640890625 0.6550460765625 0.49457389375 0.664844475
3 0.33227748125 0.604079965625 0.6124966406250001 0.6187819640625001 0.6141050203125 0.48145571093750006 0.3338858578125 0.4667537125 0.33227748125 0.604079965625
0 0.022981345312500002 0.6190987515625 0.8870099859374999 0.8425981546875001 0.9712347453125 0.459343725 0.1072061046875 0.235844321875 0.022981345312500002 0.6190987515625