3 0.6929138515625 0.5392888515625 0.5788445953125 0.49479898593750005 0.567952703125 0.522721284375 0.6820236484375 0.5672111484375 0.6929138515625 0.5392888515625
3 0.5517010140624999 0.5477195953125 0.5199915546875 0.516010134375 0.492503378125 0.5434966218749999 0.5242145265625 0.57520608125 0.5517010140624999 0.5477195953125
3 0.49229222968749997 0.5221638515625 0.475875 0.514658784375 0.45000675625 0.5712449328125 0.4664239859375 0.57875 0.49229222968749997 0.5221638515625
3 0.4312956078125 0.495315878125 0.34683108125 0.48482263437500006 0.342113175 0.5227956078125 0.426577703125 0.5332871625 0.4312956078125 0.495315878125
3 0.40561148593749996 0.4488378375 0.3022483109375 0.43875337812500004 0.3004577703125 0.4570979734375 0.4038209453125 0.46718074375 0.40561148593749996 0.4488378375
3 0.42708445937499995 0.4200168921875 0.387753378125 0.4065320953125 0.3853293921875 0.41360472968749995 0.4246604734375 0.4270895265625 0.42708445937499995 0.4200168921875
3 0.4385929046875 0.41556081093749997 0.43179898593750005 0.3670371625 0.4122077703125 0.369778715625 0.4190016890625 0.4183040546875 0.4385929046875 0.41556081093749997
3 0.6972010140625 0.46166891874999993 0.6176621625000001 0.444709459375 0.6098614859375 0.481290540625 0.6894003375 0.49824999999999997 0.6972010140625 0.46166891874999993
3 0.761114865625 0.46093074375 0.756677365625 0.417440878125 0.63799324375 0.42955067500000005 0.6424307437500001 0.473040540625 0.761114865625 0.46093074375
3 0.6909831078125 0.359797296875 0.6467922296874999 0.308239865625 0.55163175625 0.38980574375 0.5958243249999999 0.44136317500000005 0.6909831078125 0.359797296875
3 0.592271959375 0.345359796875 0.586802365625 0.32481925624999997 0.5773496625 0.32733614843750003 0.5828209453125 0.3478766890625 0.592271959375 0.345359796875
3 0.5704020265625 0.345859796875 0.506565878125 0.33704222968750003 0.4977956078125 0.40053040468749995 0.5616300671875 0.40934966250000004 0.5704020265625 0.345859796875
3 0.5014797296875 0.352903715625 0.47631756718749996 0.322778715625 0.46554729687499996 0.3317736484375 0.490709459375 0.3619003375 0.5014797296875 0.352903715625
3 0.647077703125 0.4062246625 0.3933125 0.3958665546875 0.388234796875 0.5202584453125 0.642 0.5306165546875 0.647077703125 0.4062246625
0 0.9279983109375 0.3893581078125 0.15023310781250002 0.19605574375 0.06374324375 0.5440540546875 0.8415084453125001 0.73735641875 0.9279983109375 0.3893581078125