2 0.107240984375 0.8939459015625 0.553891803125 0.8021672125 0.5442836062499999 0.7554016390625 0.09763114687499999 0.8471803281250001 0.107240984375 0.8939459015625
2 0 0.5768284625 0.091575409375 0.9351 0.96838360625 0.7109819671875 0.8293327875 0.1669737703125 0 0.3789565734375 0 0.5768284625
2 0.1621295078125 0.720740984375 0.1621295078125 0.6743901640625001 0.125536065625 0.6743901640625001 0.125536065625 0.720740984375 0.1621295078125 0.720740984375
2 0.2424786890625 0.7886491796875 0.31855409843750004 0.7489573765624999 0.278340984375 0.6718819671875 0.20226557343749998 0.7115737703125 0.2424786890625 0.7886491796875
2 0.364788525 0.7522180328125 0.44154754062499996 0.7422065578125 0.42808688593750005 0.6390098359375 0.3513295078125 0.6490229515625 0.364788525 0.7522180328125
2 0.5916655734375 0.6370147546875 0.6524655734375 0.6114131140625 0.6314344265625 0.5614639343750001 0.5706327875 0.5870639343749999 0.5916655734375 0.6370147546875
2 0.7586901640625 0.6192770484375 0.7806213109375 0.5397770484375 0.737159015625 0.5277868859375 0.71522786875 0.6072868859375 0.7586901640625 0.6192770484375
2 0.741991803125 0.48453278749999995 0.7468885249999999 0.35230491875 0.651968853125 0.348788525 0.6470721312500001 0.4810180328125 0.741991803125 0.48453278749999995
2 0.40490000000000004 0.47601147499999996 0.44449180312500003 0.4285 0.385703278125 0.3795098359375 0.346111475 0.42702131093749995 0.40490000000000004 0.47601147499999996
2 0.5918213109375 0.39898360624999996 0.6141311468749999 0.35030655781250003 0.5623459015625001 0.3265704921875 0.5400344265625 0.3752491796875 0.5918213109375 0.39898360624999996
2 0.610996721875 0.336519671875 0.6579573765625 0.28955901562499997 0.613436065625 0.2450377046875 0.5664770484375 0.2919983609375 0.610996721875 0.336519671875
2 0.6774737703125 0.331031146875 0.728703278125 0.2798016390625 0.70003934375 0.251136065625 0.6488098359375 0.30236557343750003 0.6774737703125 0.331031146875
2 0.5563131140625 0.5229754093750001 0.5638868859375 0.4987377046875 0.5252016390625001 0.4866491796875 0.51762786875 0.5108868859375 0.5563131140625 0.5229754093750001
0 0 0.5267902484375 0.1005540984375 0.9281163937500001 0.967163934375 0.7109819671875 0.8293327875 0.160875409375 0 0.368667625 0 0.5267902484375