3 0.7033311953125 0.404221125 0.5815543796875 0.44110805624999994 0.58990125625 0.470690421875 0.7116763359375 0.433803359375 0.7033311953125 0.404221125
3 0.5419537375 0.3836887703125 0.5061279109375 0.41384625937499997 0.5315765328125 0.4442742671875 0.567400625 0.4141166453125 0.5419537375 0.3836887703125
3 0.4829192875 0.3755356890625 0.465280634375 0.3819785328125 0.48609668125 0.44222483593749995 0.5037353359375001 0.43578199531250006 0.4829192875 0.3755356890625
3 0.437329746875 0.41921156249999997 0.349448984375 0.42342157187499996 0.3504253859375 0.46286502812499997 0.43830631875000003 0.45865328281249995 0.437329746875 0.41921156249999997
3 0.40719917656250004 0.48546300468750003 0.2999364828125 0.48777872499999997 0.2999059421875 0.5067956015624999 0.4071688078125 0.5044781406250001 0.40719917656250004 0.48546300468750003
3 0.42452900624999995 0.5283433046875 0.38273016718749997 0.5391527843749999 0.384500203125 0.5466197953124999 0.4262990453125 0.5358103171875 0.42452900624999995 0.5283433046875
3 0.41781706874999996 0.536942628125 0.40588571250000005 0.586347209375 0.42574155156250004 0.5906960078125 0.43767273749999996 0.5412931671875 0.41781706874999996 0.536942628125
3 0.703879996875 0.475759865625 0.6204021281250001 0.48700966875 0.6246888796875 0.5252611984375 0.708166746875 0.5140113953125 0.703879996875 0.475759865625
3 0.6530347515625 0.49803882968749996 0.6440387999999999 0.54244546875 0.7647847875 0.564161371875 0.7737807390625 0.5197547328125001 0.6530347515625 0.49803882968749996
3 0.601903159375 0.5270018249999999 0.5512250625 0.5766103546875 0.6407106812500001 0.6679648234375 0.691387040625 0.6183561609375 0.601903159375 0.5270018249999999
3 0.5790046249999999 0.6221888796874999 0.5712865921875 0.6428992171875 0.5807451968749999 0.646226271875 0.5884614953125 0.6255158015625 0.5790046249999999 0.6221888796874999
3 0.5634942390625 0.5572785765625 0.496987159375 0.561376375 0.4995264 0.6273918890625 0.5660350421875 0.6232959609375001 0.5634942390625 0.5572785765625
3 0.4857645953125 0.6005755749999999 0.4568310890625 0.629614996875 0.46698321875 0.63971093125 0.495916553125 0.6106732453125 0.4857645953125 0.6005755749999999
3 0.6584637625 0.43875742500000003 0.39659304687499997 0.42962877187500004 0.38912605624999996 0.5580285015625 0.6509967750000001 0.5671571546874999 0.6584637625 0.43875742500000003
0 0.884597978125 0.24157138437499998 0.0655143796875 0.3798397625 0.1189172046875 0.7446868203125 0.938000803125 0.6064184406249999 0.884597978125 0.24157138437499998