3 0.520640575 0.5937316296875 0.5627140578125001 0.70160543125 0.5891198078125 0.6913067093749999 0.5470463265625 0.583431309375 0.520640575 0.5937316296875
3 0.54069968125 0.5380750796875 0.5706869015625 0.5680623 0.5966805109375 0.5420686906250001 0.566693290625 0.5120798718749999 0.54069968125 0.5380750796875
3 0.539421725 0.49635463281250003 0.54651916875 0.5118801921875 0.6000319484375 0.48741693281250004 0.5929345046875001 0.4718913734375 0.539421725 0.49635463281250003
3 0.5112060703125 0.3743194890625 0.52112939375 0.45419648593749995 0.5570383390625 0.449734825 0.5471166140625 0.369857828125 0.5112060703125 0.3743194890625
3 0.467638978125 0.332158146875 0.47717571875000003 0.42990734843749995 0.49452236406249994 0.42821405781250005 0.48498722031249997 0.33046485625 0.467638978125 0.332158146875
3 0.43716773125 0.41301916875 0.44992012812500004 0.4502140578125 0.45660862656249995 0.44792172499999994 0.44385622968750005 0.41072683750000005 0.43716773125 0.41301916875
3 0.399817890625 0.4546725234375 0.44570607031250004 0.46109744375000006 0.44830031875 0.4425702875 0.40241054375 0.4361453671875 0.399817890625 0.4546725234375
3 0.473271565625 0.6304408953125 0.4893099046875 0.70565974375 0.5239041531249999 0.698282746875 0.5078658140625001 0.6230638984375 0.473271565625 0.6304408953125
3 0.44748402499999995 0.7619057515625001 0.4886118203125 0.7661022359375 0.5000638984375 0.6538642171875 0.45893610156250003 0.64966773125 0.44748402499999995 0.7619057515625001
3 0.34421405781250003 0.6579888171875 0.3929712453125 0.6997795531250001 0.470107028125 0.6097891375 0.421349840625 0.5679968046874999 0.34421405781250003 0.6579888171875
3 0.359892971875 0.6012571890625 0.379317890625 0.6064297125 0.3816980828125 0.5974920125 0.3622731625 0.5923178906250001 0.359892971875 0.6012571890625
3 0.3714520765625 0.52537859375 0.379790734375 0.585747603125 0.43983226875000003 0.5774520765625 0.4314920125 0.5170846640625 0.3714520765625 0.52537859375
3 0.357963259375 0.4967731625 0.3864520765625 0.520568690625 0.3949600640625 0.5103833859375 0.36646964843749996 0.486587859375 0.357963259375 0.4967731625
3 0.4270814703125 0.4182763578125 0.436876996875 0.6582587859375 0.5545127796875 0.65345686875 0.544717253125 0.41347444062500005 0.4270814703125 0.4182763578125
0 0.23812300312499998 0.1883993609375 0.42092651718749996 0.9239217249999999 0.7500239609375 0.84212939375 0.5672204468750001 0.106607028125 0.23812300312499998 0.1883993609375