3 0.5918578125 0.687121875 0.5507046875 0.58160625 0.5248765625 0.5916812499999999 0.5660296875 0.6971953125 0.5918578125 0.687121875
3 0.5992531249999999 0.5411484375 0.569921875 0.511815625 0.544496875 0.5372421875 0.573828125 0.5665734375 0.5992531249999999 0.5411484375
3 0.60253125 0.4876921875 0.5955890625 0.47250625 0.543246875 0.49643437500000004 0.5501890625 0.5116203125000001 0.60253125 0.4876921875
3 0.560478125 0.450834375 0.5507734375 0.3727046875 0.5156484375 0.37706875 0.5253546874999999 0.4551984375 0.560478125 0.450834375
3 0.49932968750000006 0.429784375 0.490003125 0.3341734375 0.473034375 0.33582968750000003 0.48236249999999997 0.431440625 0.49932968750000006 0.429784375
3 0.4622453125 0.4490609375 0.449771875 0.4126796875 0.44322968749999997 0.414921875 0.455703125 0.451303125 0.4622453125 0.4490609375
3 0.45411875 0.44382656249999997 0.4092328125 0.43754218749999996 0.406696875 0.4556640625 0.45158125 0.4619484375 0.45411875 0.44382656249999997
3 0.52806875 0.6939453125 0.51238125 0.620371875 0.47854374999999993 0.6275875 0.49423125 0.7011609375 0.52806875 0.6939453125
3 0.50475 0.6504984375 0.464521875 0.64639375 0.4533203125 0.7561765625 0.4935484375 0.76028125 0.50475 0.6504984375
3 0.4754484375 0.6073875 0.4277578125 0.566509375 0.35230937500000004 0.6545328125000001 0.4 0.695409375 0.4754484375 0.6073875
3 0.3889734375 0.5953593749999999 0.3699734375 0.5902984375 0.3676453125 0.5990421875 0.3866453125 0.6041015625 0.3889734375 0.5953593749999999
3 0.44583593749999995 0.5757578125 0.437678125 0.5167109375 0.3789515625 0.5248234375 0.3871078125 0.583871875 0.44583593749999995 0.5757578125
3 0.4019453125 0.51015625 0.374078125 0.48688125 0.3657578125 0.49684375000000003 0.3936234375 0.52011875 0.4019453125 0.51015625
3 0.5580078125 0.6501 0.5484265625 0.41536718749999996 0.43336406250000004 0.4200640625 0.4429453125 0.654796875 0.5580078125 0.6501
0 0.7492421874999999 0.8346453125 0.5704374999999999 0.11521250000000001 0.2485390625 0.195215625 0.42734375 0.9146484375 0.7492421874999999 0.8346453125