3 0.6679783515625 0.6504948578125 0.5976458484375 0.551185484375 0.5733372906249999 0.568403078125 0.643669384375 0.667710825 0.6679783515625 0.6504948578125
3 0.6377440609375 0.49638595468749996 0.59953959375 0.4734290125 0.57964180625 0.5065467953125 0.617845865625 0.5295021109375 0.6377440609375 0.49638595468749996
3 0.6272662828125 0.439802309375 0.6160811749999999 0.4257745609375 0.567731009375 0.4643269890625 0.578916115625 0.4783547375 0.6272662828125 0.439802309375
3 0.5738424046875 0.412307003125 0.5434156031249999 0.333374490625 0.50792995625 0.34705470312500003 0.5383583890625 0.42598681093749996 0.5738424046875 0.412307003125
3 0.5046195390625 0.406255984375 0.47004287343750006 0.3089998703125 0.45278240312499995 0.3151374765625 0.487360696875 0.41239318437500005 0.5046195390625 0.406255984375
3 0.4709674796875 0.43599274374999997 0.44850618124999997 0.4013053328125 0.4422683703125 0.40534353437500004 0.46472967187499997 0.4400309453125 0.4709674796875 0.43599274374999997
3 0.4611344 0.4326479984375 0.41270440312499995 0.43776380000000004 0.4147711328125 0.4573161953125 0.46319949843749997 0.45220079999999996 0.4611344 0.4326479984375
3 0.60324789375 0.67419006875 0.5677679828125 0.601562909375 0.534365875 0.6178813843750001 0.5698457859375 0.69050854375 0.60324789375 0.67419006875
3 0.567643028125 0.6349554296875 0.5246356828125001 0.6411329421875 0.541494315625 0.7585002203125 0.5845016609375 0.752322709375 0.567643028125 0.6349554296875
3 0.5258880234375 0.5976262 0.465541653125 0.567404875 0.4097627078125 0.6787869765625001 0.470108671875 0.7090066703125 0.5258880234375 0.5976262
3 0.4326057578125 0.60756445 0.4114815125 0.607226965625 0.41132714843749996 0.616948053125 0.43245098750000005 0.6172839078125001 0.4326057578125 0.60756445
3 0.486793284375 0.5723477265625 0.4629395890625 0.5129081578125 0.4038221875 0.5366313515625001 0.4276746625 0.5960729546875 0.486793284375 0.5723477265625
3 0.423982040625 0.515362878125 0.3888786203125 0.49834101875 0.382793821875 0.5108903406249999 0.4178956109375 0.5279126062499999 0.423982040625 0.515362878125
3 0.6230641046875001 0.6206961859375 0.5520585375 0.378462896875 0.43331949375 0.4132690640625 0.5043250593749999 0.65550235 0.6230641046875001 0.6206961859375
0 0.8704088171875 0.7633868609375 0.49698405 0.05981107812499999 0.182180553125 0.22689376718749998 0.5556053203125 0.93046955 0.8704088171875 0.7633868609375