3 0.2996472515625 0.5678096734375 0.4186742671875 0.5317556734375 0.41051586875 0.502841296875 0.2914905484375 0.5388954265625 0.2996472515625 0.5678096734375
3 0.45738070156250005 0.5878783953125 0.4923975578125 0.5584018828125 0.46752358281250006 0.5286609578125 0.4325084203125 0.5581376015624999 0.45738070156250005 0.5878783953125
3 0.5150821156250001 0.5958473734374999 0.532322478125 0.5895500140625 0.51197646875 0.5306641109375 0.49473610625 0.5369614687500001 0.5150821156250001 0.5958473734374999
3 0.5596422140625 0.55315773125 0.645538571875 0.5490427859375 0.64458421875 0.5104899890625 0.5586876953125001 0.5146066312500001 0.5596422140625 0.55315773125
3 0.5890924171874999 0.48840228906250005 0.6939330499999999 0.486138859375 0.6939629015625 0.4675513953125 0.5891221 0.46981652812499997 0.5890924171874999 0.48840228906250005
3 0.57215390625 0.446490253125 0.6130089015625 0.43592485937500003 0.611278834375 0.42862645781250003 0.5704238375 0.4391918515625 0.57215390625 0.446490253125
3 0.5787142843749999 0.4380851078125 0.5903762218749999 0.38979611406250003 0.5709687421874999 0.38554551406250004 0.55930696875 0.43383280781250005 0.5787142843749999 0.4380851078125
3 0.2991108421875 0.4978863234375 0.3807037265625 0.48689055000000003 0.376513771875 0.44950276406249995 0.2949208890625 0.4604985390625 0.2991108421875 0.4978863234375
3 0.34880796875 0.47611043437499995 0.3576007859375 0.4327065265625 0.23958132031249998 0.4114809828125 0.23078850312500002 0.454884890625 0.34880796875 0.47611043437499995
3 0.3987849765625 0.44780144218749995 0.44831872968750003 0.3993131046875 0.360853753125 0.3100214796875 0.3113216984375 0.35850994531249997 0.3987849765625 0.44780144218749995
3 0.42116644687499993 0.35476377187499997 0.4287102015625 0.3345210875 0.4194651796875 0.331269159375 0.41192311875 0.35151197343749996 0.42116644687499993 0.35476377187499997
3 0.43632659843750005 0.418208359375 0.5013319046875 0.41420309218750007 0.498850003125 0.34967825 0.4338431671875 0.353681690625 0.43632659843750005 0.418208359375
3 0.51230105625 0.3758890359375 0.5405812265625001 0.3475053421875 0.5306583375 0.33763738125 0.5023783374999999 0.3660193765625 0.51230105625 0.3758890359375
3 0.3435015484375 0.5340532265625 0.5994590546875 0.5429757484375 0.6067574359375 0.4174753671875 0.35079992656250003 0.40855284531249997 0.3435015484375 0.5340532265625
0 0.12247358906250001 0.7267866796875 0.9230617515624999 0.591640490625 0.8708647968750001 0.23503191406249999 0.07027663437500001 0.3701781046875 0.12247358906250001 0.7267866796875