2 0.14580868125 0.10838745937500001 0.23581672031249998 0.546421221875 0.2816800640625 0.5369983921875 0.191672025 0.098963021875 0.14580868125 0.10838745937500001
2 0.46938787968750006 0 0.10544855312500001 0.093024115625 0.325242765625 0.9529163984375 0.8587556265625 0.81654823125 0.6500406375 0 0.46938787968750006 0
2 0.31567202499999997 0.1622170421875 0.3611286171875 0.1622170421875 0.3611286171875 0.12632958125 0.31567202499999997 0.12632958125 0.31567202499999997 0.1622170421875
2 0.2490739546875 0.24101607656250001 0.288 0.31562379375 0.363588425 0.2761864953125 0.3246623796875 0.20157877812499997 0.2490739546875 0.24101607656250001
2 0.2848022515625 0.3609662375 0.29462057812500003 0.4362443734375 0.39582636718750003 0.42304340781249994 0.38600643125 0.34776688125 0.2848022515625 0.3609662375
2 0.3977829578125 0.5834662374999999 0.422890675 0.643093246875 0.47187620625 0.6224678453125 0.446770096875 0.562839228125 0.3977829578125 0.5834662374999999
2 0.41517845624999994 0.7472684890625 0.49314469531249994 0.7687765265625 0.5049035374999999 0.7261527328125 0.4269372984375 0.7046446953125 0.41517845624999994 0.7472684890625
2 0.5473231515625 0.7308922828125 0.6769999999999999 0.735694534375 0.680448553125 0.642606109375 0.550770096875 0.6378038578125 0.5473231515625 0.7308922828125
2 0.5556800640625 0.40030385781250005 0.6022749203125 0.4391318328125 0.6503199359375 0.3814774921875 0.6037250796875 0.34264951718750003 0.5556800640625 0.40030385781250005
2 0.6312218656249999 0.5836189703125 0.6789598078125 0.6054983921875 0.7022379421875 0.55471221875 0.6544983921874999 0.5328311890624999 0.6312218656249999 0.5836189703125
2 0.6924807078125 0.6024244375000001 0.7385353703125 0.6484791000000001 0.7821977484375 0.6048167203125 0.7361430875 0.558763665625 0.6924807078125 0.6024244375000001
2 0.69786334375 0.6676189703125 0.7481045015625 0.717860128125 0.7762170421875 0.689749196875 0.725975884375 0.6395080390625 0.69786334375 0.6676189703125
2 0.5096221859375001 0.5487958203125001 0.5333922828125 0.5562234734375 0.5452475890625 0.5182845656249999 0.5214774921875 0.5108569125 0.5096221859375001 0.5487958203125001
0 0.5187142140625001 0 0.11229742812500002 0.10182958125 0.325242765625 0.9517202578124999 0.864736334375 0.81654823125 0.6601473343750001 0 0.5187142140625001 0