3 0.5686183265625 0.5649106015625 0.6459594609375 0.674114996875 0.6726909703125 0.6551833484375 0.5953493859375001 0.545977165625 0.5686183265625 0.5649106015625
3 0.5755511265625 0.496889946875 0.6175624640625 0.52213290625 0.6394436406249999 0.4857165140625 0.59743185625 0.46047176562500003 0.5755511265625 0.496889946875
3 0.56245334375 0.45046266875 0.5747531171875 0.46588837187500004 0.6279216859375001 0.42349394843750005 0.6156219109375 0.4080682453125 0.56245334375 0.45046266875
3 0.4966927359375 0.321503453125 0.5301535546875 0.40830164843750005 0.5691737781249999 0.393258559375 0.5357147531249999 0.30645992031249997 0.4966927359375 0.321503453125
3 0.436049378125 0.286405471875 0.47407361875 0.3933533296875 0.4930524140625 0.38660451875 0.4550299640625 0.27965621406249996 0.436049378125 0.286405471875
3 0.4244875546875 0.3856011375 0.44918726875 0.42374536875 0.45604671249999995 0.4193047359375 0.43134700312499996 0.381160503125 0.4244875546875 0.3856011375
3 0.39425004218750004 0.4427532046875 0.44750460312499996 0.43712802812499996 0.4452337046875 0.41562666562499995 0.39197735 0.4212522890625 0.39425004218750004 0.4427532046875
3 0.5257631609375 0.6193197359375 0.564778871875 0.699184653125 0.6015097109374999 0.6812399375 0.5624940015625 0.6013750203125 0.5257631609375 0.6193197359375
3 0.533601996875 0.7739521328125 0.580895296875 0.7671589937500001 0.5623565937499999 0.6380953171875 0.51506329375 0.644888459375 0.533601996875 0.7739521328125
3 0.388742496875 0.6862949578124999 0.45510232031250003 0.7195262359375 0.5164404375 0.59704599375 0.45008016875 0.5638129203125 0.388742496875 0.6862949578124999
3 0.39046284375 0.6182933921875 0.41369180781250003 0.6186627171875 0.4138620015625 0.607974653125 0.390632590625 0.6076035359375 0.39046284375 0.6182933921875
3 0.382209965625 0.5299726203125 0.4084394921875 0.5953379578125 0.47344965937500005 0.569248359375 0.44721879218750005 0.503885259375 0.382209965625 0.5299726203125
3 0.3590859890625 0.5016663546875 0.3976858953125 0.5203849968750001 0.4043788765625 0.5065846078125 0.36577717656250003 0.4878664125 0.3590859890625 0.5016663546875
3 0.41464686562499997 0.39431649687500003 0.4927285875 0.66068986875 0.623300734375 0.6224150500000001 0.5452190109374999 0.3560416734375 0.41464686562499997 0.39431649687500003
0 0.1384803328125 0.1893677171875 0.549119253125 0.9630592984374999 0.89529491875 0.7793257578125 0.48465600000000003 0.005634175 0.1384803328125 0.1893677171875