2 0.0494662390625 0.9832601890625 0.561485703125 0.8485395765625 0.5507959890625 0.795693584375 0.03877465 0.93041430625 0.0494662390625 0.9832601890625
2 1 0.572143565625 0.8810924828125 0.1037175765625 0 0.37952923125 0 0.90824398125 0.0232917046875 1 0.1314740234375 1 1 0.72812188125 1 0.572143565625
2 0.1134665015625 0.7815085374999999 0.11377525937499999 0.7284968671875001 0.071876346875 0.7309344765625 0.0715675890625 0.7839461437499999 0.1134665015625 0.7815085374999999
2 0.205012678125 0.8538231703125 0.2923822140625 0.8033598234375001 0.24685226093749998 0.7178870078124999 0.1594827234375 0.76835035625 0.205012678125 0.8538231703125
2 0.345298178125 0.8040092265625001 0.433252721875 0.7874458843750001 0.4185279109375 0.6703159234375 0.330575234375 0.6868810328125 0.345298178125 0.8040092265625001
2 0.6058362046875 0.657137634375 0.6756217765625 0.6238068234374999 0.651874175 0.56808064375 0.5820867359374999 0.6014096890625 0.6058362046875 0.657137634375
2 0.7971948640625001 0.62572488125 0.8228352546875 0.53333941875 0.7731514875000001 0.5225213734375 0.7475110968750001 0.61490683125 0.7971948640625001 0.62572488125
2 0.7789730796875001 0.4727295140625 0.7854605593749999 0.32117363593750003 0.6768024687499999 0.3234748265625 0.6703149749999999 0.4750325765625 0.7789730796875001 0.4727295140625
2 0.39306508125 0.48543841875 0.43871355625 0.42846196562500005 0.37172796875 0.37634775781249996 0.32607949375 0.4333242125 0.39306508125 0.48543841875
2 0.6076001234375 0.3848898203125 0.6334687859375 0.3277315 0.5743336140624999 0.30403402343749997 0.5484630640625 0.36119432812499996 0.6076001234375 0.3848898203125
2 0.62997175625 0.3121721609375 0.6840537796875 0.2553348203125 0.63337415625 0.207381278125 0.5792940062499999 0.2642185125 0.62997175625 0.3121721609375
2 0.70612348125 0.3014666578125 0.765121709375 0.23946264374999998 0.7324929109375 0.20858707656250003 0.6734946828124999 0.27059109062500003 0.70612348125 0.3014666578125
2 0.5661178515625 0.5290651937499999 0.5749511546875 0.50083989375 0.5307376875 0.4895911359375 0.5219043859375 0.5178164359374999 0.5661178515625 0.5290651937499999
0 1 0.5748153609375 0.8811331062500001 0.09674285 0 0.36813443281249997 0 0.8555470765625 0.0359166078125 1 0.11556333437499999 1 1 0.72758855625 1 0.5748153609375