3 0.422327725 0.3762569046875 0.316749653125 0.301484809375 0.2984469640625 0.3273282296875 0.40402330624999994 0.402099890625 0.422327725 0.3762569046875
3 0.5049924125 0.374243621875 0.48058636093749996 0.3336275765625 0.44537981562500006 0.3547818046875 0.46978413750000003 0.395397415625 0.5049924125 0.374243621875
3 0.5556549515625 0.3566578875 0.54074173125 0.3447667421875 0.49975576093749996 0.3961689140625 0.51466898125 0.40806005624999997 0.5556549515625 0.3566578875
3 0.6538875843749999 0.433910321875 0.5699726218750001 0.40156289218749996 0.5554293046875001 0.4392867625 0.6393438375 0.4716359265625 0.6538875843749999 0.433910321875
3 0.6798008015625 0.511914553125 0.5764055984375 0.47515530781250004 0.569881 0.493503578125 0.673275771875 0.5302645546875 0.6798008015625 0.511914553125
3 0.5816687484374999 0.5348107046874999 0.5447917671875 0.5109315828125001 0.5404986625 0.5175631390625 0.5773756437500001 0.5414422640625001 0.5816687484374999 0.5348107046874999
3 0.5429089171875 0.5728723953125 0.5483476421875 0.5213853562499999 0.5275606109375001 0.5191899015625 0.5221223171875 0.5706752078124999 0.5429089171875 0.5728723953125
3 0.368770328125 0.4080207484375 0.29155873125 0.3703012421875 0.2742101859375 0.4058117890625 0.351421784375 0.4435312953125 0.368770328125 0.4080207484375
3 0.3267025203125 0.4538756859375 0.333269975 0.408153590625 0.20849412968749997 0.3902307921875 0.2019266765625 0.43595288749999994 0.3267025203125 0.4538756859375
3 0.40508451875 0.5166999031249999 0.372955534375 0.45254429375000005 0.25454440312500004 0.5118446015625 0.286671653125 0.5759997796875 0.40508451875 0.5166999031249999
3 0.362748740625 0.574172478125 0.362389953125 0.5517148093750001 0.352056975 0.5518793484375 0.3524140296875 0.5743365859375 0.362748740625 0.574172478125
3 0.463021228125 0.5194662171875 0.39982965937500003 0.49410680781250005 0.374606825 0.55695716875 0.43780055625000003 0.5823152828125 0.463021228125 0.5194662171875
3 0.4785078875 0.59820213125 0.4604115578125 0.5608828796875 0.4470696546875 0.567353503125 0.465166415625 0.6046710203125001 0.4785078875 0.59820213125
3 0.6059530671875 0.42472182031249994 0.3484293046875 0.349234175 0.3114260734375 0.475468375 0.5689498328125 0.5509560203125 0.6059530671875 0.42472182031249994
0 0.9447191203124999 0.48327277031250004 0.1967315765625 0.086276340625 0.019102139062500002 0.42095115468750005 0.7670896828125 0.8179475843749999 0.9447191203124999 0.48327277031250004