2 0.756673625 0.5519255828125 0.705404525 0.038368676562499995 0.651829225 0.0390456296875 0.703098871875 0.5526043406250001 0.756673625 0.5519255828125
2 0.26991203750000003 0 0.1144511390625 0.0347418140625 0.1649824734375 1 0.7618221171874999 1 0.7958104578125 0.9924044140625 0.7444461140625 0.011229757812500001 0.42345285625000006 0 0.26991203750000003 0
2 0.48748015625 0.1515881375 0.5373800281250001 0.140436703125 0.5250845859375 0.1001707921875 0.4751847140625 0.11132222812499999 0.48748015625 0.1515881375
2 0.6203157859374999 0.3057713359375 0.6374853359375 0.21251174375 0.54099665625 0.18680628906250002 0.52382710625 0.2800658828125 0.6203157859374999 0.3057713359375
2 0.6543740078125 0.442732396875 0.6393609312499999 0.35586131249999997 0.5237420234375 0.3658790328125 0.5387527828125 0.45274870624999997 0.6543740078125 0.442732396875
2 0.5844345109375 0.7062851640625001 0.591567578125 0.6332239203125 0.5307250156250001 0.6220978640625 0.523594265625 0.6951605187500001 0.5844345109375 0.7062851640625001
2 0.5503738046875 0.864537190625 0.628592175 0.8212783453125001 0.6010805484375 0.7763389203125 0.522862178125 0.819597765625 0.5503738046875 0.864537190625
2 0.3372127921875 0.8725225109375 0.477919959375 0.8353219671875 0.44224295781249995 0.7317218921875 0.3015340265625 0.76892283125 0.3372127921875 0.8725225109375
2 0.3176364171875 0.52144606875 0.3554829203125 0.46645021093750005 0.28298859374999996 0.4135481796875 0.2451420890625 0.46854403749999995 0.3176364171875 0.52144606875
2 0.290454778125 0.7269225640625 0.335362865625 0.6906626484375 0.2924106515625 0.6393887109375 0.24750135 0.6756508265625001 0.290454778125 0.7269225640625
2 0.2397815015625 0.78976224375 0.27455906875 0.726790528125 0.21167012343749997 0.6885141984375001 0.1768920078125 0.7514841109375 0.2397815015625 0.78976224375
2 0.25304771875 0.8699556109375 0.290986659375 0.80125959375 0.2504950640625 0.77661556875 0.21255612343750002 0.8453115890625 0.25304771875 0.8699556109375
2 0.4333690703125 0.6359251546875 0.45691784375 0.621759996875 0.4309054203125 0.582100703125 0.40735664375 0.5962658609375 0.4333690703125 0.6359251546875
0 0.761822121875 1 0.795305740625 0.9925172078125 0.7399446281250001 0.022789704687500002 0.23612955625 0.0075495812499999995 0.1033297859375 0.0372271734375 0.158296278125 1 0.761822121875 1