3 0.5217989296875001 0.392674321875 0.2466088046875 0.37244151875 0.2379588421875 0.5959208921875 0.513149040625 0.6161552703125001 0.5217989296875001 0.392674321875
3 0.6902694375 0.42260799374999997 0.6340321078125 0.3989966734375 0.6213597656250001 0.43144823906249996 0.677597096875 0.45505955781249996 0.6902694375 0.42260799374999997
3 0.5774253500000001 0.5965984062499999 0.550745921875 0.53439726875 0.493734125 0.5572116125 0.520413553125 0.6194127468749999 0.5774253500000001 0.5965984062499999
3 0.6469096515625 0.6539281 0.6456655265625 0.6271836734375 0.610605246875 0.627592134375 0.611849371875 0.6543365609375 0.6469096515625 0.6539281
3 0.7006665812499999 0.527530490625 0.6991735015625 0.49543435 0.64658229375 0.49604705156250006 0.648075375 0.528143190625 0.7006665812499999 0.527530490625
3 0.51104099375 0.5959745328125 0.4644049734375 0.5810566546875 0.4557883921875 0.610963825 0.5024259828125001 0.625881684375 0.51104099375 0.5959745328125
3 0.40625784062500003 0.6074718 0.35741489843749996 0.5987272953125 0.34578635156250004 0.6789208109375 0.3946309375 0.6876668734375 0.40625784062500003 0.6074718
3 0.44611558437500004 0.3858018515625 0.442181553125 0.352044209375 0.3910378046875 0.3562386375 0.394970265625 0.38999629687500004 0.44611558437500004 0.3858018515625
3 0.35701352656249996 0.5868221578124999 0.345559640625 0.5839801140625 0.33649213125 0.6261532390625 0.347946090625 0.6289968578125 0.35701352656249996 0.5868221578124999
3 0.55394209375 0.52621245625 0.5491548546875 0.5060393296875 0.5105431890625 0.513922371875 0.5153288578125 0.5340955187499999 0.55394209375 0.52621245625
3 0.5884942296875 0.46596189218750006 0.5125187765625 0.392472459375 0.48444041093749995 0.42158359218749997 0.560414290625 0.495073040625 0.5884942296875 0.46596189218750006
0 0.8564006296875 0.50698365 0.42786836875 0.1017917875 0.057216117187500005 0.495554059375 0.48574837656250003 0.9007459203125 0.8564006296875 0.50698365