3 0.6600542578125 0.8058897437500001 0.627473253125 0.5016747703125 0.3802989046875 0.5238523500000001 0.4128816234375 0.82806701875 0.6600542578125 0.8058897437500001
3 0.40305701406249994 0.4093361921875 0.4177898265625 0.3444091609375 0.379624175 0.33512804687500003 0.3648913625 0.40005507968750004 0.40305701406249994 0.4093361921875
3 0.56660126875 0.531282928125 0.6296042374999999 0.4932583734375 0.593192971875 0.43405812812500005 0.53019000625 0.47208268281250004 0.56660126875 0.531282928125
3 0.6206259046875 0.393334821875 0.649751846875 0.388184846875 0.6423209078125 0.3498496390625 0.6131949671875 0.3549996125 0.6206259046875 0.393334821875
3 0.4689835203125 0.37256747031250004 0.5039377328125 0.3663869546875 0.492791159375 0.3088832828125 0.4578369453125 0.3150637953125 0.4689835203125 0.37256747031250004
3 0.6331949140625001 0.565223253125 0.640291403125 0.512039675 0.6057283375 0.5068412296875 0.5986315140625 0.560023090625 0.6331949140625001 0.565223253125
3 0.729739975 0.6760577453125001 0.72961838125 0.6213314375000001 0.6392236875 0.6199566453124999 0.639346659375 0.6746809328125 0.729739975 0.6760577453125001
3 0.3663225 0.6722034984375 0.40261577031250007 0.6631164140625 0.387823271875 0.6077033265625 0.351530334375 0.6167921265625 0.3663225 0.6722034984375
3 0.673635703125 0.6937084828125 0.6744778046875 0.680763009375 0.626351046875 0.67680648125 0.6255106578125 0.6897516515625 0.673635703125 0.6937084828125
3 0.5157086421875 0.5190067078125 0.5369119625 0.5109091703125 0.52056400625 0.46974183125 0.4993610171875 0.4778410875 0.5157086421875 0.5190067078125
3 0.4194903109375 0.5606679375 0.48507427812500004 0.467064409375 0.4475089921875 0.44043800156249996 0.38192535625 0.5340432484375001 0.4194903109375 0.5606679375
0 0.5981277203124999 1 0.9454993500000001 0.491375934375 0.439209590625 0.1412552734375 0.07952570625 0.667907034375 0.55974663125 1 0.5981277203124999 1