3 0.2295059015625 0.6119183406250001 0.513573203125 0.632805440625 0.5225021203125 0.4021154296875 0.2384348953125 0.3812299546875 0.2295059015625 0.6119183406250001
3 0.625274596875 0.4421401171875 0.6833260359375 0.4665130921875 0.6964071609375 0.433014703125 0.6383557234375 0.408641728125 0.625274596875 0.4421401171875
3 0.49353199999999997 0.5719603734375001 0.5210720546875 0.636167996875 0.5799229421875001 0.612617709375 0.5523828875000001 0.548410084375 0.49353199999999997 0.5719603734375001
3 0.6141731578125 0.6446112359375 0.615457415625 0.6722183859374999 0.6516486718750001 0.6717967484375 0.6503644140625 0.6441895984375 0.6141731578125 0.6446112359375
3 0.6513107546875 0.5088227625 0.652852 0.5419542609375 0.707139696875 0.5413217968749999 0.705598453125 0.508190296875 0.6513107546875 0.5088227625
3 0.45436221093749996 0.6274465296875 0.502504240625 0.642845609375 0.5113971546875 0.6119737109375001 0.46325674687499996 0.5965746109375 0.45436221093749996 0.6274465296875
3 0.3408117171875 0.6975956765625 0.3912319359375 0.70662386875 0.40323390000000003 0.6238418578125 0.3528153796875 0.614815271875 0.3408117171875 0.6975956765625
3 0.3875228953125 0.3645044 0.391582209375 0.399351015625 0.444377378125 0.395021265625 0.4403164421875 0.3601746671875 0.3875228953125 0.3645044
3 0.331217684375 0.6431259234375 0.3430411265625 0.6460612718750001 0.352401059375 0.6025260984374999 0.34057769375 0.5995923765625 0.331217684375 0.6431259234375
3 0.5108832921875 0.52727470625 0.5158233375 0.5480986 0.5556821609375 0.5399612453125 0.5507404953124999 0.5191373718750001 0.5108832921875 0.52727470625
3 0.48393848906250003 0.43195725625000003 0.5623631390625 0.5078173328125 0.5913488828125 0.47776711406250005 0.5129226078125 0.4019070546875 0.48393848906250003 0.43195725625000003
0 0.042932765625 0.5083138671875 0.48528864687500006 0.926576434375 0.8678974234375 0.5201121546875 0.4255415421875 0.10184958749999999 0.042932765625 0.5083138671875