3 0.24864166718749997 0.6473033328125 0.5394833328125 0.6224766671874999 0.519285 0.38587 0.2284433328125 0.41069833281249996 0.24864166718749997 0.6473033328125
3 0.658195 0.614395 0.7166699999999999 0.5886916671875 0.70163 0.5544749999999999 0.6431549999999999 0.5801783328125001 0.658195 0.614395
3 0.56319 0.47200499999999995 0.588415 0.4057916671875 0.5268283328125001 0.38233 0.5016033328125 0.4485433328125 0.56319 0.47200499999999995
3 0.6592749999999999 0.3725533328125 0.6592749999999999 0.34421 0.6220733328125 0.34421 0.6220733328125 0.3725533328125 0.6592749999999999 0.3725533328125
3 0.72252 0.5114433328125 0.72252 0.47742833281249997 0.6667166671875 0.47742833281249997 0.6667166671875 0.5114433328125 0.72252 0.5114433328125
3 0.46932333281250005 0.4236483328125 0.5180450000000001 0.40727166718749996 0.5074333328125 0.37570000000000003 0.45871000000000006 0.3920766671875 0.46932333281250005 0.4236483328125
3 0.3549883328125 0.40625166718749994 0.406355 0.3963866671875 0.3900683328125 0.3115866671875 0.3387 0.3214533328125 0.3549883328125 0.40625166718749994
3 0.45705333281250005 0.6664950000000001 0.45956 0.63069 0.4051133328125 0.6268783328125 0.40260833281249997 0.6626833328124999 0.45705333281250005 0.6664950000000001
3 0.3431433328125 0.42201833281249995 0.35514999999999997 0.4188666671875 0.3434533328125 0.3743066671875 0.3314466671875 0.37746 0.3431433328125 0.42201833281249995
3 0.5629016671875 0.5020616671875 0.5669833328125 0.48063500000000003 0.525645 0.4727616671875 0.5215650000000001 0.49418833281249996 0.5629016671875 0.5020616671875
3 0.5296516671875 0.6228049999999999 0.6065983328125 0.5440266671875 0.5753833328125 0.5135383328125 0.49843833281250005 0.5923166671875 0.5296516671875 0.6228049999999999
0 0.45422 0.9317416671875 0.8886900000000001 0.49727 0.47618666718749997 0.0847666671875 0.0417166671875 0.5192383328125 0.45422 0.9317416671875