3 0.8286055359375 0.3986487890625 0.526693771875 0.3728754328125 0.50572664375 0.6184878890625 0.8076384078125001 0.6442595156250001 0.8286055359375 0.3986487890625
3 0.398108996875 0.574579584375 0.3374083046875 0.5478979234375 0.3217958484375 0.5834169546875 0.38249653906250003 0.610098615625 0.398108996875 0.574579584375
3 0.5450484421875 0.43793425625 0.518863321875 0.3692006921875 0.4549325265625 0.39355536406249997 0.481117646875 0.4622889265625 0.5450484421875 0.43793425625
3 0.4199930796875 0.359051903125 0.4199930796875 0.3296297578125 0.38137543281249997 0.3296297578125 0.38137543281249997 0.359051903125 0.4199930796875 0.359051903125
3 0.37365051875 0.5032283734375 0.37365051875 0.467918684375 0.3157231828125 0.467918684375 0.3157231828125 0.5032283734375 0.37365051875 0.5032283734375
3 0.58957439375 0.3793183390625 0.5389965390625 0.3623183390625 0.52798096875 0.3950916953125 0.57855709375 0.41209169531249995 0.58957439375 0.3793183390625
3 0.7141522484375 0.3060069203125 0.6608287203125001 0.29576470625 0.6439221453124999 0.3837923875 0.6972439453125 0.394032871875 0.7141522484375 0.3060069203125
3 0.64781141875 0.6602249140625001 0.6452110734375001 0.62305709375 0.5886920421874999 0.627013840625 0.5912941171874999 0.6641816609375 0.64781141875 0.6602249140625001
3 0.7216816609375 0.364145328125 0.70921799375 0.36087197187500003 0.6970761249999999 0.407128028125 0.7095397921875 0.4103996546875 0.7216816609375 0.364145328125
3 0.5243269890625 0.485316609375 0.5200916953125 0.46307439375000004 0.47717993124999997 0.47124740468750004 0.4814169546875 0.49348961874999997 0.5243269890625 0.485316609375
3 0.5483339093749999 0.58717993125 0.4684602078125 0.5054031140624999 0.43605709375 0.537051903125 0.5159325265625 0.6188287203125 0.5483339093749999 0.58717993125
0 1 0.48888053593749997 0.5714325265625 0.06031141875 0.1432283734375 0.48851557031250004 0.59423529375 0.9395242218750001 1 0.533759515625 1 0.48888053593749997