3 0.4751234375 0.40831875 0.43397031249999996 0.3028046875 0.40814218750000003 0.312878125 0.4492953125 0.41839375 0.4751234375 0.40831875
3 0.455503125 0.46275781250000003 0.426171875 0.43342656249999995 0.400746875 0.45885156250000003 0.430078125 0.488184375 0.455503125 0.46275781250000003
3 0.456753125 0.503565625 0.4498109375 0.4883796875 0.39746875 0.5123078125 0.40441093749999996 0.52749375 0.456753125 0.503565625
3 0.4843515625 0.6229312499999999 0.4746453125 0.5448015625 0.43952187499999995 0.549165625 0.4492265625 0.6272953125 0.4843515625 0.6229312499999999
3 0.526965625 0.6641703125 0.5176375 0.568559375 0.5006703124999999 0.570215625 0.509996875 0.6658265625 0.526965625 0.6641703125
3 0.5567703125000001 0.585078125 0.544296875 0.548696875 0.5377546875 0.5509390625 0.5502281250000001 0.5873203124999999 0.5567703125000001 0.585078125
3 0.593303125 0.5443359375 0.54841875 0.5380515625 0.54588125 0.5561734375 0.5907671875 0.5624578125 0.593303125 0.5443359375
3 0.5214562500000001 0.3724125 0.50576875 0.29883906250000003 0.47193125 0.3060546875 0.48761875000000005 0.379628125 0.5214562500000001 0.3724125
3 0.5466796875 0.2438234375 0.5064515625 0.23971874999999998 0.49524999999999997 0.34950156250000003 0.535478125 0.35360625 0.5466796875 0.2438234375
3 0.647690625 0.3454671875 0.6 0.304590625 0.5245515625 0.3926125 0.5722421875 0.433490625 0.647690625 0.3454671875
3 0.6323546875 0.4009578125 0.6133546875 0.3958984375 0.6110265625 0.40464062500000003 0.6300265625 0.4097015625 0.6323546875 0.4009578125
3 0.6210484375 0.4751765625 0.6128921875 0.416128125 0.5541640625 0.4242421875 0.5623218750000001 0.48328906250000003 0.6210484375 0.4751765625
3 0.6342421875 0.50315625 0.6063765625 0.47988125000000004 0.5980546875 0.48984375 0.625921875 0.5131187500000001 0.6342421875 0.50315625
3 0.5666359375 0.5799359374999999 0.5570546875 0.345203125 0.4419921875 0.3499 0.4515734375 0.5846328125 0.5666359375 0.5799359374999999
0 0.7514609375 0.804784375 0.57265625 0.0853515625 0.2507578125 0.16535468749999999 0.4295625 0.8847875000000001 0.7514609375 0.804784375