3 0.339225 0.29520625 0.33130625 0.293359375 0.32116406249999996 0.3368265625 0.3290828125 0.3386734375 0.339225 0.29520625
3 0.44504374999999996 0.24531718749999998 0.4176984375 0.2273765625 0.3748703125 0.29265625 0.40221406249999997 0.3105953125 0.44504374999999996 0.24531718749999998
3 0.47925312499999995 0.3427390625 0.4721296875 0.33611562500000003 0.44023124999999996 0.3704265625 0.4473546875 0.3770484375 0.47925312499999995 0.3427390625
3 0.507478125 0.3551578125 0.491140625 0.2770125 0.393134375 0.29750156250000004 0.4094703125 0.375646875 0.507478125 0.3551578125
3 0.44630000000000003 0.40549999999999997 0.4289171875 0.353846875 0.331221875 0.386725 0.3486046875 0.4383796875 0.44630000000000003 0.40549999999999997
3 0.3488765625 0.5228109375 0.33725625 0.5144 0.28106875 0.5920265625 0.2926890625 0.6004375 0.3488765625 0.5228109375
3 0.44906562499999997 0.5123 0.4135515625 0.47215937500000005 0.31468124999999997 0.559634375 0.350196875 0.599775 0.44906562499999997 0.5123
3 0.4139203125 0.5158828125 0.4096609375 0.5061484375 0.37818125 0.519921875 0.3824390625 0.52965625 0.4139203125 0.5158828125
3 0.4937265625 0.43974062500000005 0.49095781250000003 0.426071875 0.4346765625 0.43746875 0.43744375 0.4511359375 0.4937265625 0.43974062500000005
3 0.5312703125 0.447025 0.514115625 0.4167828125 0.422875 0.4685390625 0.44002968750000004 0.4987796875 0.5312703125 0.447025
3 0.5149468749999999 0.490609375 0.5107515625 0.4771859375 0.450984375 0.4958625 0.4551796875 0.5092875 0.5149468749999999 0.490609375
3 0.556565625 0.4748578125 0.500953125 0.4579328125 0.49525312499999996 0.4766640625 0.5508640625 0.4935890625 0.556565625 0.4748578125
3 0.6005515625 0.40052656249999996 0.5934296875 0.3989890625 0.58211875 0.4513890625 0.5892390625 0.45292656249999996 0.6005515625 0.40052656249999996
3 0.5784796875 0.7353953125 0.50813125 0.6862625 0.483334375 0.721765625 0.5536828125000001 0.7708984375 0.5784796875 0.7353953125
3 0.792 0.6917125000000001 0.721696875 0.6385859375 0.7090296875 0.6553484375 0.7793328125000001 0.708475 0.792 0.6917125000000001
3 0.78224375 0.78105625 0.6743765625 0.705978125 0.6651640624999999 0.7192140625000001 0.7730312500000001 0.7942921875 0.78224375 0.78105625
0 0.538190625 0.32568125000000003 0.38815625 0.141421875 0.0872421875 0.38644375000000003 0.2372765625 0.570703125 0.538190625 0.32568125000000003
0 0.7782296875 0.5074 0.50471875 0.2822796875 0.1696828125 0.6893328125 0.44319218749999995 0.914453125 0.7782296875 0.5074
0 0.9286640625 0.29845625 0.702371875 0.13845156249999999 0.5651140625 0.3325734375 0.79140625 0.492578125 0.9286640625 0.29845625
3 0.5197859375 0.2367921875 0.5122203125 0.2351578125 0.5058921875 0.264425 0.5134578125 0.266059375 0.5197859375 0.2367921875
3 0.47975312499999995 0.1796828125 0.478525 0.16892968749999998 0.44514375 0.17274375 0.44637343749999997 0.183496875 0.47975312499999995 0.1796828125
3 0.453515625 0.121484375 0.42366093749999995 0.121484375 0.42366093749999995 0.129296875 0.453515625 0.129296875 0.453515625 0.121484375
0 0.5348578125000001 0.11289843749999999 0.50744375 0.0608953125 0.3450421875 0.14650625 0.37245625000000004 0.19850937500000002 0.5348578125000001 0.11289843749999999
0 0.6527609375 0 0.407628125 0.19446406249999998 0.5244375 0.341709375 0.771809375 0.14546874999999998 0.656409375 0 0.6527609375 0
3 0.25625 0.959375 0.115625 0.08125
3 0.57734375 0.95 0.1109375 0.1
3 0.95390625 0.4421875 0.0921875 0.065625