3 0.2851208046875 0.6441208046875 0.28313758437500003 0.6526241609375 0.3298137578125 0.6635150999999999 0.3317969796875 0.6550117453125 0.2851208046875 0.6441208046875
3 0.23154865781249998 0.5304899328125 0.21228355781250002 0.5598540265625 0.28238255 0.605843959375 0.3016459734375 0.57648154375 0.23154865781249998 0.5304899328125
3 0.3361627515625 0.4937550328125 0.3290503359375 0.5014043625 0.3658942953125 0.53565771875 0.37300503281249997 0.5280083890625 0.3361627515625 0.4937550328125
3 0.34949832187499996 0.463446309375 0.2655838921875 0.48098993281249997 0.2875855703125 0.5862315437500001 0.3715 0.568689596875 0.34949832187499996 0.463446309375
3 0.40355704687499994 0.5291409390624999 0.34809060468749997 0.547807046875 0.3833959734375 0.6527147656250001 0.43886409375 0.6340486578125 0.40355704687499994 0.5291409390624999
3 0.5295285234375 0.6337567109375 0.52049664375 0.6462349 0.6038540265625 0.7065704703125 0.6128859062500001 0.69409228125 0.5295285234375 0.6337567109375
3 0.5182416109375 0.526171140625 0.475137584375 0.564307046875 0.5690704703125 0.670476509375 0.612174496875 0.6323389265625 0.5182416109375 0.526171140625
3 0.5220889265624999 0.5639110734375 0.51163590625 0.5684849 0.526426175 0.602288590625 0.5368791953125001 0.5977164421875 0.5220889265624999 0.5639110734375
3 0.44032550312499996 0.4782130875 0.42564765156249995 0.48118624218750006 0.43788590625 0.5416224828125 0.45256208124999997 0.5386510062500001 0.44032550312499996 0.4782130875
3 0.4481476515625 0.43789765156250005 0.41567281874999995 0.45631879218750004 0.47125000000000006 0.5542953015625 0.5037231546875 0.5358741609375001 0.4481476515625 0.43789765156250005
3 0.4949496640625 0.45542617500000004 0.480535234375 0.4599312078125 0.5005906046875 0.5241107375 0.5150067109375 0.5196057046875 0.4949496640625 0.45542617500000004
3 0.47803523437499995 0.4107349 0.4598607375 0.47045302031249997 0.47997483281250003 0.476573825 0.49814932812499996 0.4168573828125 0.47803523437499995 0.4107349
3 0.39821644218749996 0.363501678125 0.39656543593750004 0.371149328125 0.45283389218750003 0.38329530156249997 0.4544849 0.375649328125 0.39821644218749996 0.363501678125
3 0.757807046875 0.3872030203125 0.7050469796875001 0.46274496718749997 0.743171140625 0.4893724828125 0.7959312078125 0.4138305375 0.757807046875 0.3872030203125
3 0.710899328125 0.1579194625 0.653850671875 0.23341275156250002 0.6718506718749999 0.2470151 0.728899328125 0.1715218125 0.710899328125 0.1579194625
3 0.8068389265624999 0.16839597343749999 0.7262181203125 0.284226509375 0.7404312078124999 0.294119128125 0.8210520140625001 0.178288590625 0.8068389265624999 0.16839597343749999
0 0.3178456375 0.43046644218749996 0.11998322187499999 0.59157718125 0.383093959375 0.9147063765624999 0.5809563765625 0.7535956374999999 0.3178456375 0.43046644218749996
0 0.512979865625 0.1727063765625 0.27123993281250003 0.4664093953125 0.7083439593749999 0.8261795296875001 0.9500838921874999 0.5324781875 0.512979865625 0.1727063765625
0 0.2886107375 0.0111661078125 0.1167936234375 0.25416442968749997 0.32524664375 0.40155536875 0.4970637578125 0.158557046875 0.2886107375 0.0111661078125
3 0.2223942953125 0.450229865625 0.2206392625 0.4583540265625 0.25206711406250004 0.465149328125 0.25382214687500004 0.45702516718749997 0.2223942953125 0.450229865625
3 0.1610687921875 0.4932181203125 0.14952181250000002 0.4945369125 0.15361745 0.53038255 0.1651644296875 0.52906208125 0.1610687921875 0.4932181203125
3 0.098573825 0.5213926171875001 0.098573825 0.5534513421875 0.10696308750000001 0.5534513421875 0.10696308750000001 0.5213926171875001 0.098573825 0.5213926171875001
0 0.0893540265625 0.4340453015625 0.0335117453125 0.46348322187499996 0.125442953125 0.6378741609375 0.181285234375 0.6084362421875 0.0893540265625 0.4340453015625
0 0 0.347623425 0.176941275 0.5706677859375 0.335057046875 0.4452349 0.124328859375 0.179600671875 0 0.2782304484375 0 0.347623425
3 0.97734375 0.73359375 0.0453125 0.125
3 0.9671875 0.38828125 0.065625 0.11875
3 0.44296875 0.0171875 0.0703125 0.034375