3 0.668294184375 0.31162655156249996 0.66826146875 0.3024836046875 0.618077796875 0.3023663796875 0.6181105109375 0.311509325 0.668294184375 0.31162655156249996
3 0.7503112265625 0.4149428390625 0.7628483203124999 0.380445371875 0.6803263078125 0.350034621875 0.6677905187500001 0.3845299796875 0.7503112265625 0.4149428390625
3 0.6525998937499999 0.4770645375 0.6579990421875 0.46758475781250003 0.6121913625000001 0.44131536875000005 0.606793921875 0.450794753125 0.6525998937499999 0.4770645375
3 0.6463319249999999 0.5111290890625 0.727588284375 0.47346365468749996 0.679761084375 0.37127033125 0.5985043203125 0.40893405468750005 0.6463319249999999 0.5111290890625
3 0.5753939031249999 0.4568357625 0.6273962656250001 0.42472600156249996 0.566095815625 0.3260070265625 0.51409174375 0.358117184375 0.5753939031249999 0.4568357625
3 0.4217928421875 0.37977105624999996 0.4279815671875 0.36491236250000003 0.328487921875 0.3229880703125 0.3222991953125 0.33784676406249997 0.4217928421875 0.37977105624999996
3 0.45926975625 0.486879734375 0.493976021875 0.4378173125 0.3726408859375 0.351620715625 0.33793502656249996 0.40068485000000004 0.45926975625 0.486879734375
3 0.446237359375 0.4492807046875 0.4557825484375 0.44215191562499995 0.4325518609375 0.4111465640625 0.4230062671875 0.41827363906250004 0.446237359375 0.4492807046875
3 0.5502311109375 0.5174571968749999 0.5644670828125 0.51096638125 0.5374056703125001 0.4521872671875 0.523171003125 0.45867597499999996 0.5502311109375 0.5174571968749999
3 0.5519964828124999 0.5604327015624999 0.5806340203125 0.53398855 0.5003541593749999 0.447116365625 0.47171833281250003 0.47356012343750004 0.5519964828124999 0.5604327015624999
3 0.500081884375 0.5535729296875 0.5136795890625 0.5455812171875001 0.477750203125 0.484824225 0.46415078750000005 0.49281633124999996 0.500081884375 0.5535729296875
3 0.52810560625 0.595186309375 0.5322022671875 0.529976153125 0.5102319828125 0.5284690999999999 0.5061349203125001 0.5936775421875 0.52810560625 0.595186309375
3 0.62083040625 0.624576065625 0.62066585 0.61638443125 0.56040646875 0.6172461828125 0.560570621875 0.625436103125 0.62083040625 0.624576065625
3 0.24875465000000002 0.68509564375 0.28426642812499997 0.5955941390625 0.238995815625 0.577406784375 0.20348403906249998 0.666908290625 0.24875465000000002 0.68509564375
3 0.35190758125 0.9079797578125 0.3918003484375 0.8175177203124999 0.3701774140625 0.8078794265625 0.330284646875 0.8983414625 0.35190758125 0.9079797578125
3 0.2516341421875 0.9198893640625 0.305802453125 0.7827196546875 0.28893340156249997 0.775974315625 0.234765090625 0.913144025 0.2516341421875 0.9198893640625
0 0.686543209375 0.5373219687499999 0.849224475 0.32633755625 0.5031426765625 0.0586313171875 0.3404614125 0.2696157296875 0.686543209375 0.5373219687499999
0 0.5499785046875 0.84627305 0.7253465140625 0.4896721515625 0.19315207031249998 0.22556604687499998 0.017783656249999998 0.582165234375 0.5499785046875 0.84627305
0 0.569610434375 0.8569602765625 0.8165988375 0.95784130625 0.8178498968750001 0.957552059375 0.9339461703125 0.6698414296874999 0.685983928125 0.568562640625 0.569610434375 0.8569602765625
3 0.7790174375000001 0.49467420000000006 0.7788438046875 0.48597188750000003 0.7451841406249999 0.48644161406249997 0.7453577734375 0.4951439234375 0.7790174375000001 0.49467420000000006
3 0.8311161859375 0.4363689578125 0.8425618703125 0.4323035296875 0.8297338796875 0.396695703125 0.8182886 0.400762840625 0.8311161859375 0.4363689578125
3 0.8879833359375 0.3929024171875 0.8802423953125 0.3601935703125 0.871695371875 0.362169659375 0.8794363109375001 0.3948785078125 0.8879833359375 0.3929024171875
0 0.9184675109375 0.4798493375 0.968251803125 0.4366607921875 0.8324831421875001 0.2803877546875 0.78269885 0.323576296875 0.9184675109375 0.4798493375
0 1 0.5228639703125 0.7962441203124999 0.36108744531250003 0.665442125 0.52630816875 0.9442734953125 0.7476922015625 1 0.677302059375 1 0.5228639703125
3 0.04921875 0.72890625 0.071875 0.1328125
3 0.6578125 0.98046875 0.0765625 0.0390625