3 0.708033003125 0.3071023109375 0.7099834984375 0.2987392734375 0.6640775578125 0.288028053125 0.6621270625 0.2963910890625 0.708033003125 0.3071023109375
3 0.760721121875 0.41885808593749996 0.7796683171875001 0.3899785484375 0.710726071875 0.344747525 0.691780528125 0.3736254125 0.760721121875 0.41885808593749996
3 0.6578333328125 0.4549867984375 0.6648283828125 0.447463696875 0.628592409375 0.413775578125 0.621599009375 0.42129867968749996 0.6578333328125 0.4549867984375
3 0.644717821875 0.4847953796875 0.727247525 0.4675412546875 0.7056089109375 0.364036303125 0.6230792078125 0.381288778125 0.644717821875 0.4847953796875
3 0.5915511546875 0.42018481875 0.6461023109374999 0.4018267328125 0.6113795375 0.298650165625 0.5568267328125 0.3170082515625 0.5915511546875 0.42018481875
3 0.467658415625 0.3172953796875 0.47654125468749997 0.3050231015625 0.39455940625 0.24568316874999999 0.3856765671875 0.25795544531250003 0.467658415625 0.3172953796875
3 0.47875907656249994 0.42310561093750004 0.521151815625 0.385599009375 0.4287689765625 0.28118151875 0.3863762375 0.31868976875 0.47875907656249994 0.42310561093750004
3 0.474975246875 0.3859884484375 0.485255775 0.3814900984375 0.4707095703125 0.348244225 0.46042904218749997 0.35274092343749996 0.474975246875 0.3859884484375
3 0.5553894390624999 0.47027227656250004 0.5698250828125 0.46734818437500003 0.557788778125 0.407909240625 0.5433547859375001 0.4108316828125 0.5553894390624999 0.47027227656250004
3 0.5476963703125 0.5099224421875 0.5796353140625 0.49180528125 0.524975246875 0.3954455453125 0.493037953125 0.41356270625 0.5476963703125 0.5099224421875
3 0.5016666671875 0.49268316875 0.515843234375 0.488252475 0.49611881249999995 0.42513201250000004 0.48194059375 0.42956270625000004 0.5016666671875 0.49268316875
3 0.5183019796874999 0.5366369640624999 0.5361765671875001 0.477904290625 0.5163943890625 0.4718844890625 0.49851980156250003 0.5306155109375 0.5183019796874999 0.5366369640624999
3 0.5968036296875 0.583090759375 0.5984273921875001 0.57556930625 0.5430874593749999 0.5636237625 0.541463696875 0.5711435640625 0.5968036296875 0.583090759375
3 0.2431468640625 0.559780528125 0.295036303125 0.48548514843749996 0.2575412546875 0.4592970296875 0.205651815625 0.533592409375 0.2431468640625 0.559780528125
3 0.289280528125 0.785280528125 0.3453877890625 0.7110330031250001 0.32768481875 0.697655115625 0.27157755781250004 0.771902640625 0.289280528125 0.785280528125
3 0.1949240921875 0.7749768984375 0.274214521875 0.66105775625 0.2602359734375 0.6513283828125 0.1809455453125 0.765247525 0.1949240921875 0.7749768984375
0 0.675848184375 0.5172310234374999 0.8704455453125 0.358778878125 0.6116765671875 0.0409818484375 0.4170792078125 0.19943399374999998 0.675848184375 0.5172310234374999
0 0.48393399375 0.7707376234375001 0.72168481875 0.4818811875 0.2917937296875 0.1280478546875 0.054042904687500004 0.41690264062500004 0.48393399375 0.7707376234375001
0 0.7046006593749999 0.9296122109375 0.8735825078125 0.6906237625 0.66856930625 0.5456650171875 0.499587459375 0.784653465625 0.7046006593749999 0.9296122109375
3 0.769724421875 0.4977937296875 0.7714504953125 0.4898036296875 0.7405412546875 0.48312046249999996 0.73881518125 0.49111056093750005 0.769724421875 0.4977937296875
3 0.830037953125 0.45551485156249993 0.8413943890625 0.45421782187500004 0.8373663359375 0.418963696875 0.8260099015625 0.4202623765625 0.830037953125 0.45551485156249993
3 0.89150165 0.42780528125000006 0.89150165 0.39627557812499997 0.883250825 0.39627557812499997 0.883250825 0.42780528125000006 0.89150165 0.42780528125000006
0 0.9005693062500001 0.513711221875 0.9554900984374999 0.4847590765625 0.8650759078125001 0.313245875 0.810155115625 0.3421980203125 0.9005693062500001 0.513711221875
0 1 0.613267871875 0.8144273921874999 0.379343234375 0.6589207921875 0.5027062703125 0.8661716171875 0.7639570953125 1 0.6577913703125 1 0.613267871875
3 0.025 0.21953125 0.05 0.121875
3 0.03515625 0.55859375 0.0703125 0.1171875
3 0.553125 0.95390625 0.06875 0.0921875