3 0.6158988078125 0.2701047 0.6159337546875 0.2798717359375 0.6695429328125 0.2799969640625 0.669507984375 0.2702299265625 0.6158988078125 0.2701047
3 0.6823963640625 0.32102674531250003 0.6690048890625 0.3578767359375 0.757158409375 0.3903655578125 0.770551278125 0.353513315625 0.6823963640625 0.32102674531250003
3 0.60961056875 0.4185382609375 0.6038447015624999 0.42866470156250003 0.652777359375 0.45672764531250004 0.6585450515625 0.44660078125 0.60961056875 0.4185382609375
3 0.6817925578125 0.3437119921875 0.5949892578125 0.3839466171875 0.64608154375 0.4931174234375 0.7328844125 0.45288096875 0.6817925578125 0.3437119921875
3 0.56036856875 0.2953590421875 0.5048147296875001 0.32966101875 0.5703013359375 0.4351180671875 0.6258533484375 0.40081651406249996 0.56036856875 0.2953590421875
3 0.30654170468749997 0.2921340140625 0.2999305390625 0.3080069515625 0.4062155609375 0.3527929703125 0.41282672500000006 0.3369200328125 0.30654170468749997 0.2921340140625
3 0.35370852343750003 0.32272110625 0.3166336640625 0.375134328125 0.4462506265625 0.467212821875 0.483325921875 0.4148014296875 0.35370852343750003 0.32272110625
3 0.41770898437500004 0.3863101515625 0.40751181406250003 0.39392371718749997 0.432328646875 0.42704730468749996 0.442525384375 0.41943190937499997 0.41770898437500004 0.3863101515625
3 0.5297200515625 0.43015226718750005 0.514513734375 0.437083890625 0.543420946875 0.4998774828125 0.558628659375 0.492943609375 0.5297200515625 0.43015226718750005
3 0.4901394265625 0.42473522968750005 0.459548934375 0.45298402187500003 0.545306821875 0.54578646875 0.5758991421874999 0.51753725625 0.4901394265625 0.42473522968750005
3 0.4659925375 0.4650170046875 0.451464834375 0.473554646875 0.48984856718750003 0.5384584546875 0.5043744421875 0.5299212328125 0.4659925375 0.4650170046875
3 0.500691503125 0.511641053125 0.496314778125 0.5813005812500001 0.5197851703125 0.5829123375 0.524161465625 0.5132509765625 0.500691503125 0.511641053125
3 0.55429086875 0.606478003125 0.5544662265625 0.6152269640625 0.6188393078125001 0.6143082203125 0.61866351875 0.6055574296875 0.55429086875 0.606478003125
3 0.2109409234375 0.5639191921875 0.17300513281250002 0.6595300171875 0.22136588906250002 0.6789588281250001 0.2593016796875 0.5833480046874999 0.2109409234375 0.5639191921875
3 0.35107689531249997 0.81012375625 0.3084610734375 0.9067606749999999 0.3315599765625 0.9170568734375 0.3741757984375 0.8204199546875 0.35107689531249997 0.81012375625
3 0.26428721718750003 0.776040821875 0.2064214109375 0.9225736515625 0.22444193281249997 0.9297794234375001 0.28230774062499997 0.78324659375 0.26428721718750003 0.776040821875
0 0.4931182859375 0.00973243125 0.3193324984375 0.23511851093749997 0.6890376265625 0.5210982109375 0.8628234140625001 0.2957121328125 0.4931182859375 0.00973243125
0 0 0.581593125 0.5431510984375 0.8511381046875 0.730489621875 0.4701958484375 0.16196791093750001 0.188062021875 0 0.5174122421875 0 0.581593125
0 0.9533281625000001 0.6626633703125 0.6884401687499999 0.5544713531250001 0.5641230921875 0.8625548343749999 0.827970771875 0.9703219421875 0.8293072265625 0.9700129499999999 0.9533281625000001 0.6626633703125
3 0.7516813515625 0.4667447953125 0.7518668359375 0.47604111875 0.7878240890625 0.4755393328125 0.7876386046875 0.46624300625000004 0.7516813515625 0.4667447953125
3 0.8420024046875 0.370872884375 0.8297758765625 0.3752176421875 0.843479065625 0.4132542109375 0.8557060249999999 0.40891127968749996 0.8420024046875 0.370872884375
3 0.8868281625 0.3339901140625 0.89509749375 0.3689316484375 0.90422793125 0.3668206703125 0.8959585984375 0.3318791375 0.8868281625 0.3339901140625
0 0.8449393296875 0.2466258265625 0.7917567921875001 0.2927623921875 0.9367929390624999 0.459702534375 0.9899754765625 0.413565965625 0.8449393296875 0.2466258265625
0 1 0.4866846984375 0.806226653125 0.3328340296875 0.6664961953125 0.5093326171875 0.9643604234375 0.7458281875 1 0.7008105625 1 0.4866846984375
3 0.02265625 0.7265625 0.0453125 0.140625
3 0.6578125 0.9875 0.08125 0.025