3 0.690185384375 0.6217448453125 0.6812424421875 0.62177684375 0.6811277796875 0.6708627484374999 0.6900707234375 0.6708307484375 0.690185384375 0.6217448453125
3 0.6435598859375 0.6826316703125 0.6098191140625 0.6703701015625 0.5800715359375 0.7510856687499999 0.6138143703125001 0.7633485140625 0.6435598859375 0.6826316703125
3 0.5542759046875 0.6159871765625 0.5450038828125 0.6107078046875001 0.51930875 0.6555117703125 0.528581159375 0.6607928125 0.5542759046875 0.6159871765625
3 0.6227887078125 0.6820788109375 0.585948878125 0.6025995390625 0.485989359375 0.6493809140625 0.5228308625 0.728859790625 0.6227887078125 0.6820788109375
3 0.6670618765625 0.5708999703125001 0.6356541296875 0.5200334875 0.5390950203125 0.5799946609375 0.5705023796875001 0.630859471875 0.6670618765625 0.5708999703125001
3 0.67001479375 0.3384897484375 0.655481134375 0.3324364 0.6144739359375 0.4297536234375 0.6290075953125001 0.43580697031250004 0.67001479375 0.3384897484375
3 0.6420084875 0.3816768671875 0.5940176312500001 0.34773019843749997 0.509708259375 0.46641072968749997 0.5576974406249999 0.500357796875 0.6420084875 0.3816768671875
3 0.5837847671875 0.4402772890625 0.576813596875 0.4309405046875 0.5464848109375 0.4536634171875 0.5534576578125 0.4629998046875 0.5837847671875 0.4402772890625
3 0.5436418296875 0.5428374218750001 0.5372950624999999 0.5289141374999999 0.47979967968750004 0.5553823046875 0.48614850781249996 0.569306865625 0.5436418296875 0.5428374218750001
3 0.5486018046875001 0.5065964125 0.5227365046875 0.47858699375 0.4377642640625 0.557109059375 0.46362994999999996 0.5851201515625 0.5486018046875001 0.5065964125
3 0.5117188046875001 0.4844869171875 0.5039015265625 0.47118498906250006 0.444473978125 0.50633009375 0.452290871875 0.5196303484375 0.5117188046875001 0.4844869171875
3 0.46902866093749995 0.5162581578125 0.40524665468750004 0.5122507187500001 0.403770890625 0.533740796875 0.46755457500000003 0.5377478421874999 0.46902866093749995 0.5162581578125
3 0.382193578125 0.5653350765625 0.3741828109375 0.5654956390625 0.3750240359375 0.6244372406250001 0.383036478125 0.6242762843749999 0.382193578125 0.5653350765625
3 0.42116148906250006 0.2509552828125 0.333617828125 0.21622032500000002 0.3158283234375 0.2605006421875 0.40337198281250003 0.2952356 0.42116148906250006 0.2509552828125
3 0.1957304359375 0.3792672828125 0.10724725625 0.34024717031249996 0.0978198 0.361397103125 0.1863029796875 0.400417215625 0.1957304359375 0.3792672828125
3 0.22693762187500002 0.2998004828125 0.0927685 0.2468171046875 0.086170715625 0.2633171453125 0.2203398375 0.316300525 0.22693762187500002 0.2998004828125
0 0.9285887421875 0.50932393125 0.7222196140625 0.35020131875 0.46036944999999996 0.6887125765625 0.666738578125 0.8478351890625 0.9285887421875 0.50932393125
0 0.7653057109375 0.20611436875 0.41650712968750003 0.0345821390625 0.1581766734375 0.555135225 0.5069769265625 0.726667059375 0.7653057109375 0.20611436875
0 0.0493318921875 0.8171469296874999 0.3307488515625 0.9307035984375001 0.42981216718750004 0.6881655296875 0.1477232296875 0.5743377062499999 0.049048971875 0.8159232375000001 0.0493318921875 0.8171469296874999
3 0.510136796875 0.7460707375 0.50162485 0.746240571875 0.5020842984375 0.77916393125 0.5105962468749999 0.778994096875 0.510136796875 0.7460707375
3 0.597919515625 0.8287709515625 0.593941346875 0.8175760375 0.5591141125 0.8301230187499999 0.563090609375 0.8413183296875 0.597919515625 0.8287709515625
3 0.6316903015625 0.8698145359374999 0.599696959375 0.8773861421875001 0.6016298234375 0.8857462 0.6336231640625 0.8781745921875 0.6316903015625 0.8698145359374999
0 0.711683228125 0.8314600734375001 0.669439434375 0.7827648125 0.5165848671875 0.9155635343749999 0.5588286625000001 0.9642587953125 0.711683228125 0.8314600734375001
0 0.470789434375 1 0.6327488421874999 0.7960137796875 0.47114232187500005 0.668073078125 0.254601065625 0.9408050125 0.329372371875 1 0.470789434375 1
3 0.27265625 0.065625 0.1296875 0.0703125
3 0.025 0.66171875 0.0421875 0.075