3 0.1321770953125 0.922371084375 0.1262486296875 0.9924868421875 0.1503546875 0.9948020703125 0.1562831515625 0.9246863140625001 0.1321770953125 0.922371084375
3 0.2918823078125 0.9273632468749999 0.2915328890625 0.957373825 0.29792127968750004 0.957522425 0.2982707 0.9275118484375 0.2918823078125 0.9273632468749999
3 0.29792127968750004 0.957522425 0.295808928125 0.9579213546875 0.30184791875 0.9880788171875 0.3039602734375 0.9876798875 0.29792127968750004 0.957522425
3 0.29354263125 0.8577919812499999 0.2874778921875 0.8630414359374999 0.3050930703125 0.8833051421875 0.311156096875 0.8780556484375 0.29354263125 0.8577919812499999
3 0.3171635875 0.8728546484375 0.311156096875 0.8780556484375 0.341972490625 0.9135053109375001 0.3479799828125 0.9083043125 0.3171635875 0.8728546484375
3 0.3457362625 0.9102486750000001 0.338228378125 0.918319478125 0.3711278703125 0.94894895625 0.37863575156249996 0.9408781515625 0.3457362625 0.9102486750000001
3 0.3812971484375 0.7122976453125001 0.3805614 0.7124916875 0.391196921875 0.7512264046875 0.39193267187499997 0.7510323609375 0.3812971484375 0.7122976453125001
3 0.3935705890625 0.7506618796875 0.39193267187499997 0.7510323609375 0.40295382812499997 0.7975133453125001 0.40459346093750004 0.7971429015625 0.3935705890625 0.7506618796875
3 0.401205484375 0.868595 0.352789540625 0.9800243453125 0.3623852953125 0.984280146875 0.410801240625 0.8728507999999999 0.401205484375 0.868595
3 0.47072034531250007 1 0.5157277437500001 0.971284065625 0.45295379375 0.8740235875 0.40332965468750004 0.9056879640625001 0.46420006718750007 1 0.47072034531250007 1
3 0.438129625 0.7506649000000001 0.41830939218749996 0.7582364312500001 0.46873257187500006 0.8867716609375 0.488552825 0.8791984156250001 0.438129625 0.7506649000000001
3 0.49931186875 0.7251182703125 0.4329996875 0.740099284375 0.43579469218750005 0.7518861171875 0.50210689375 0.7369033875000001 0.49931186875 0.7251182703125
3 0.6856270906249999 1 0.69448630625 0.9959158796875001 0.6309112625 0.8607915 0.577386690625 0.8854673359375 0.631275621875 1 0.6856270906249999 1
3 0.5052534390625001 0.933603734375 0.4949708078125 0.9384752484375 0.5139415875 0.9777472015625 0.52422248125 0.9728773625 0.5052534390625001 0.933603734375
3 0.443521225 0.6371051546875 0.4374314984375 0.6501067703125 0.488119734375 0.674289990625 0.494209440625 0.6612900890625 0.443521225 0.6371051546875
3 0.49651269375 0.656298203125 0.4940878515625 0.6615533546875 0.5384916203125 0.682416159375 0.5409147453125 0.6771609656249999 0.49651269375 0.656298203125
3 0.5384916203125 0.682416159375 0.5361434765624999 0.687427603125 0.5987845828125 0.7173137171875 0.6011310078125 0.712302234375 0.5384916203125 0.682416159375
3 0.7065745999999999 0.8769754578125 0.6950447875 0.9891117453125 0.714263440625 0.9913081390625 0.725794971875 0.8791718921875 0.7065745999999999 0.8769754578125
3 0.6616565140625 0.7855036875 0.6347584234375 0.8770766015625 0.647466184375 0.880941275 0.6743642750000001 0.7893683593749999 0.6616565140625 0.7855036875
3 0.15375577812500002 0.1666955578125 0.1397895453125 0.2685572046875 0.157376653125 0.27116714218750004 0.171344603125 0.1693055375 0.15375577812500002 0.1666955578125
3 0.21571860625 0.0959416 0.19158501249999998 0.10115529999999999 0.22722032812499998 0.2579781375 0.251353903125 0.252766153125 0.21571860625 0.0959416
3 0.24498135312499997 0.34508947343749996 0.218663703125 0.398907875 0.28601238125 0.432407334375 0.312330034375 0.378588934375 0.24498135312499997 0.34508947343749996
3 0.3418845625 0.358210434375 0.3212160296875 0.383904615625 0.403702384375 0.45054398124999995 0.42437263437499995 0.42484984062500003 0.3418845625 0.358210434375
3 0.39443368749999996 0.3523976328125 0.393987653125 0.3907063421875 0.45276428593749996 0.39207355 0.45321032031249997 0.353764840625 0.39443368749999996 0.3523976328125
3 0.4991065671875 0.30132545781250003 0.41927734218749996 0.328541334375 0.46018954218749997 0.44494981874999995 0.54001705 0.417733903125 0.4991065671875 0.30132545781250003
3 0.431800653125 0.163238775 0.41306299687500003 0.1816955078125 0.538094075 0.3084778078125 0.5568300140625 0.290021034375 0.431800653125 0.163238775
3 0.5233457875 0.29766270625 0.49677700625 0.3540177375 0.7305290062500001 0.4662338265625 0.7570977859375 0.4098787921875 0.5233457875 0.29766270625
3 0.5221516390625001 0.133333759375 0.49916751875000004 0.13896561093749998 0.522479634375 0.229977725 0.54546375625 0.22434587343749998 0.5221516390625001 0.133333759375
3 0.4983953625 0.09551786875 0.43412045781249997 0.237084571875 0.44805723124999997 0.2435357578125 0.5123338546875 0.10196909218750001 0.4983953625 0.09551786875
3 0.6712190890625 0.15614188906249998 0.625362303125 0.325875909375 0.64009045625 0.330010753125 0.6859489828124999 0.16027505625 0.6712190890625 0.15614188906249998
3 0.7425834124999999 0.44551177343750004 0.7395964609375001 0.46629195625 0.8861930234375001 0.489015140625 0.889179975 0.46823495781249996 0.7425834124999999 0.44551177343750004
3 0.838175025 0.22221393437499998 0.8227668328125001 0.22824175000000002 0.8516883578125001 0.3002943296875 0.867094853125 0.2942647546875 0.838175025 0.22221393437499998
3 0.8065722875000001 0.149256075 0.7848064671875 0.19542589375 0.789114621875 0.197493478125 0.810882140625 0.1513254140625 0.8065722875000001 0.149256075
3 0.7936025203125 0.098552965625 0.790357409375 0.10034356562499999 0.8179030546874999 0.149523075 0.8211481656249999 0.147732475 0.7936025203125 0.098552965625
3 0.9081307875 0.4928455875 0.9070851859375001 0.49486588906250006 0.942146690625 0.513307103125 0.9431922687500001 0.51128851875 0.9081307875 0.4928455875
3 0.9209188921875 0.5883630859375 0.91822494375 0.5919450359375 0.9371325671875 0.6062491421875 0.939828234375 0.6026672343749999 0.9209188921875 0.5883630859375
3 0.942919825 0.44690488124999994 0.9177984859375 0.45049733124999997 0.9185381484375 0.45527845625 0.94365776875 0.45168596718750004 0.942919825 0.44690488124999994
3 0.4994466734375 0.867566909375 0.4724615375 0.8957991203125 0.4814927 0.9044331796874999 0.5084778562500001 0.8761992515625 0.4994466734375 0.867566909375
3 0.17667347656250001 0.9383777046875 0.1709384578125 0.9390614625 0.17741694375 0.9885680875 0.1831519640625 0.9878843312500001 0.17667347656250001 0.9383777046875
3 0.631755325 0.38729635625 0.573527840625 0.44853039062500005 0.5835193921874999 0.45803656875 0.6417486125 0.396800859375 0.631755325 0.38729635625
3 0.3272505171875 0.08515062500000001 0.3258050359375 0.08581227500000001 0.3445110234375 0.125843728125 0.3459547859375 0.1251820359375 0.3272505171875 0.08515062500000001
3 0.9003686249999999 1 0.894001059375 0.9857019609375 0.8931861328125 0.9860572515625 0.899395471875 1 0.9003686249999999 1
3 0.919704703125 0.7172851484375 0.9193083546875 0.7184261375000001 0.9384009109375 0.725256478125 0.938797240625 0.7241172078125 0.919704703125 0.7172851484375
0 0.941592153125 1 0.9520895218750001 0.0984078078125 0.0614911421875 0.07769152812499999 0.05084559843749999 0.99201013125 0.394332178125 1 0.941592153125 1