3 0.108402746875 0.9081044859375 0.12428460625 0.8351996968750001 0.099676084375 0.8323507171875001 0.08379422187499999 0.905255509375 0.108402746875 0.9081044859375
3 0.266200446875 0.8719664984375 0.27073523125 0.8407224093749999 0.264149021875 0.84045156875 0.2596142375 0.8716956578125 0.266200446875 0.8719664984375
3 0.26601205625 0.9038566671874999 0.2682521296875 0.9034796437500001 0.266200446875 0.8719664984375 0.263960371875 0.872343521875 0.26601205625 0.9038566671874999
3 0.283938534375 0.794813325 0.2909389375 0.7894571406249999 0.27554105624999997 0.76803619375 0.26853888124999997 0.77339230625 0.283938534375 0.794813325
3 0.31787945624999997 0.8269314281250001 0.3248156828125 0.82162473125 0.2978751625 0.78415044375 0.2909389375 0.7894571406249999 0.31787945624999997 0.8269314281250001
3 0.3431029875 0.8643692609375 0.3519900109375 0.856101465625 0.32222483281250003 0.8236086468750001 0.31333781250000003 0.83187644375 0.3431029875 0.8643692609375
3 0.391354678125 0.6588426875 0.3921425765625 0.6586539984375 0.3865299578125 0.6181257 0.3857420609375 0.6183143890625 0.391354678125 0.6588426875
3 0.397076784375 0.7072556 0.3988240109375 0.7068996546874999 0.39388803125 0.6582979796874999 0.3921425765625 0.6586539984375 0.397076784375 0.7072556
3 0.3291480890625 0.901001246875 0.39471578281249997 0.785848184375 0.3853836859375 0.7812421656249999 0.319815990625 0.89639523125 0.3291480890625 0.901001246875
3 0.433815971875 0.9223239015625 0.48954218593750004 0.89025505 0.4381468734375 0.7878354937500001 0.382422171875 0.819906203125 0.433815971875 0.9223239015625
3 0.4526924796875 0.8013970046875001 0.4742437625 0.79387108125 0.4399705796875 0.6591109312500001 0.418419553125 0.6666350640625 0.4526924796875 0.8013970046875001
3 0.43738596406249997 0.6603401625 0.5080496296875 0.645943575 0.5067979109375 0.63362076875 0.4361345015625 0.648015571875 0.43738596406249997 0.6603401625
3 0.612204278125 0.943874065625 0.6709889203125 0.919153221875 0.6240306546875 0.7772908859375 0.5652439828125 0.8020134437499999 0.612204278125 0.943874065625
3 0.486796146875 0.89695274375 0.4981058765625 0.8920685531249999 0.48394967031249997 0.850827628125 0.47263791250000003 0.8557135312499999 0.486796146875 0.89695274375
3 0.5022914359375 0.5804891546875 0.5103972406249999 0.5670628468750001 0.46133875 0.5409575359375001 0.4532326859375 0.55438563125 0.5022914359375 0.5804891546875
3 0.553255984375 0.589866496875 0.5564927953125001 0.584438228125 0.5134734625 0.5619065812499999 0.5102348796875 0.567334778125 0.553255984375 0.589866496875
3 0.6107579578125 0.62730156875 0.6138815515625 0.6221256828125 0.553255984375 0.589866496875 0.5501306203125 0.5950423078125 0.6107579578125 0.62730156875
3 0.6920832140625001 0.9147145374999999 0.7196033421875 0.7981550421875 0.700031075 0.7955185593749999 0.6725127171875 0.912078128125 0.6920832140625001 0.9147145374999999
3 0.6383496281250001 0.7985739984375 0.6789022218749999 0.703706659375 0.66629729375 0.6994513718750001 0.6257447015625 0.7943187093749999 0.6383496281250001 0.7985739984375
3 0.21629709687499998 0.154700759375 0.24490813125000002 0.048884671875 0.22708072031249998 0.04584720625 0.1984714578125 0.1516633703125 0.21629709687499998 0.154700759375
3 0.277310684375 0 0.29036357343749997 0.14223618124999998 0.316047325 0.137247465625 0.303452603125 0 0.277310684375 0
3 0.32690934843749997 0.32494025937500004 0.361611321875 0.2693766828125 0.2966179 0.23326923906250002 0.261915925 0.288832815625 0.32690934843749997 0.32494025937500004
3 0.44610220937499995 0.3459650734375 0.47105254218750003 0.31958505625 0.3950105578125 0.24869337656249998 0.3700619953125 0.27507346718750003 0.44610220937499995 0.3459650734375
3 0.504973228125 0.2859706203125 0.5107619125 0.24608732500000002 0.450165234375 0.2435954390625 0.44437654843749996 0.2834787359375 0.504973228125 0.2859706203125
3 0.50529919375 0.34116637656250004 0.5916416046874999 0.3142768234375 0.5655203015625 0.1923155578125 0.47917612500000006 0.21920503593750001 0.50529919375 0.34116637656250004
3 0.60484655 0.20047194687499997 0.6267899546875 0.181593146875 0.5151155203125 0.047300728125000004 0.4931703484375 0.066179453125 0.60484655 0.20047194687499997
3 0.78192448125 0.368242796875 0.8172389250000001 0.31004235 0.59109786875 0.1889419953125 0.555783421875 0.24714243906250002 0.78192448125 0.368242796875
3 0.5996147015625 0.118444921875 0.6241680781250001 0.112998103125 0.612715271875 0.017802224999999998 0.5881618953125 0.0232490453125 0.5996147015625 0.118444921875
3 0.5804397546875 0 0.507245303125 0.1242395640625 0.520761584375 0.1312105609375 0.59806455625 0 0.5804397546875 0
3 0.707336759375 0.22474816718750001 0.7783679375 0.048833390625 0.763709059375 0.0442617671875 0.692679909375 0.220174828125 0.707336759375 0.22474816718750001
3 0.9397441687500001 0.3947942984375 0.945723065625 0.37320988593750004 0.797272859375 0.34688370156250004 0.7912939640625 0.368468115625 0.9397441687500001 0.3947942984375
3 0.9303038765625 0.1976495578125 0.9470757796875 0.19165087187500002 0.9271866281250001 0.11609774375 0.9104132140625 0.12209456875 0.9303038765625 0.1976495578125
3 0.8798860953125001 0.08946436875 0.908818425 0.041784503125 0.9046489484375 0.0395513453125 0.875718128125 0.08723306875 0.8798860953125001 0.08946436875
3 0.8995698093750001 0 0.9163301 0.0400352984375 0.9199352031249999 0.0382296984375 0.90393080625 0 0.8995698093750001 0
3 0.99423330625 0.421106753125 0.9955953578125 0.41902377656249995 0.9618995281249999 0.399181690625 0.960537215625 0.40126645625 0.99423330625 0.421106753125
3 0.9761227187499999 0.517797496875 0.979408696875 0.5141165937500001 0.9618418562500001 0.4988778296875 0.95855765 0.5025588062499999 0.9761227187499999 0.517797496875
3 1 0.35250447500000004 0.9777870203125 0.35525954843749996 0.97788709375 0.36025164374999996 1 0.35750873906249997 1 0.35250447500000004
3 0.4634329078125 0.82002009375 0.4952673140625 0.791110125 0.4871277171875 0.7819570125 0.45529357187499997 0.81086519375 0.4634329078125 0.82002009375
3 0.1372574671875 0.9021047781249999 0.143283715625 0.901496996875 0.143468296875 0.8498273015625 0.13744204843750002 0.850435084375 0.1372574671875 0.9021047781249999
3 0.6310270499999999 0.3570351609375 0.6997634640625 0.29432778593750003 0.6907501453125 0.284248996875 0.6220157609375 0.3469546578125 0.6310270499999999 0.3570351609375
3 0.883250196875 0.9301071984375 0.8841424015625 0.9297520374999999 0.8787475265625 0.9121432531250001 0.877855321875 0.9124984125 0.883250196875 0.9301071984375
3 0.96088469375 0.641744578125 0.961453009375 0.640565440625 0.9426576062500001 0.6331041390625 0.9420890312499999 0.6342850624999999 0.96088469375 0.641744578125
0 0.1369970671875 0 0.005878678125 0.9033887484375 0.9240548499999999 0.9411464109375001 1 0.41789414999999996 1 0 0.1369970671875 0