3 0.146759375 0.1740796875 0.0828171875 0.1694296875 0.0812203125 0.19138125 0.1451625 0.19603125 0.146759375 0.1740796875
3 0.14559687500000001 0.3194015625 0.11827499999999999 0.3194015625 0.11827499999999999 0.3252140625 0.14559687500000001 0.3252140625 0.14559687500000001 0.3194015625
3 0.11827499999999999 0.3252140625 0.1178671875 0.323296875 0.090546875 0.329109375 0.09095468749999999 0.3310265625 0.11827499999999999 0.3252140625
3 0.208953125 0.320175 0.20404687500000002 0.3147140625 0.1859765625 0.3309515625 0.1908828125 0.3364109375 0.208953125 0.320175
3 0.19574375 0.3418203125 0.1908828125 0.3364109375 0.1592703125 0.36481718750000003 0.16413125 0.37022656249999997 0.19574375 0.3418203125
3 0.1623140625 0.36820624999999996 0.154809375 0.3614625 0.127628125 0.3917125 0.1351328125 0.39845625 0.1623140625 0.36820624999999996
3 0.343234375 0.39845625 0.3430421875 0.3977890625 0.30801249999999997 0.4078734375 0.3082046875 0.408540625 0.343234375 0.39845625
3 0.3085765625 0.41002656249999997 0.3082046875 0.408540625 0.2661328125 0.4190578125 0.2665046875 0.4205453125 0.3085765625 0.41002656249999997
3 0.20139999999999997 0.4182203125 0.09895625 0.3753609375 0.0952859375 0.38413437500000003 0.1977296875 0.42699375 0.20139999999999997 0.4182203125
3 0.1975546875 0.4653484375 0.167684375 0.4205453125 0.0804921875 0.4786734375 0.1103609375 0.523478125 0.1975546875 0.4653484375
3 0.3095171875 0.45055781250000004 0.30220625 0.432609375 0.1862859375 0.47983593750000003 0.1935984375 0.497784375 0.3095171875 0.45055781250000004
3 0.3340640625 0.5059390625 0.319025 0.44577968749999997 0.30835625 0.44844687499999997 0.323396875 0.5086062499999999 0.3340640625 0.5059390625
3 0.213365625 0.6270796875 0.1897734375 0.5786546875 0.0681359375 0.637915625 0.0917265625 0.6863390625 0.213365625 0.6270796875
3 0.144434375 0.5135515625 0.1397828125 0.5042500000000001 0.104440625 0.521921875 0.109090625 0.5312218750000001 0.144434375 0.5135515625
3 0.4129890625 0.454259375 0.40102656249999996 0.4488578125 0.3800890625 0.4952203125 0.39205 0.500621875 0.4129890625 0.454259375
3 0.3966421875 0.5026640625 0.3918078125 0.5005140625 0.373759375 0.541125 0.37859375 0.5432734375 0.3966421875 0.5026640625
3 0.373759375 0.541125 0.3691484375 0.5390421875 0.3432734375 0.5963375 0.34788437499999997 0.59841875 0.373759375 0.541125
3 0.20023749999999998 0.696075 0.09793125 0.686775 0.09633906249999999 0.7042796874999999 0.1986453125 0.7135812500000001 0.20023749999999998 0.696075
3 0.282540625 0.6542484375 0.198625 0.6307515625 0.1953765625 0.6423515625 0.2792921875 0.6658484375 0.282540625 0.6542484375
3 0.8350031250000001 0.1857046875 0.741996875 0.1740796875 0.73999375 0.1901046875 0.833 0.20173125 0.8350031250000001 0.1857046875
3 0.9007125 0.24131718750000003 0.89545625 0.2194203125 0.7534765625000001 0.2534953125 0.7587312500000001 0.2753921875 0.9007125 0.24131718750000003
3 0.6745671875 0.2705734375 0.6250265625 0.24720468750000002 0.5959625 0.3088203125 0.6455031250000001 0.3321890625 0.6745671875 0.2705734375
3 0.6646765625 0.35885625 0.640853125 0.340328125 0.5819468750000001 0.4160640625 0.6057703125 0.43459375 0.6646765625 0.35885625
3 0.6710796875 0.40659375000000003 0.636203125 0.40659375000000003 0.636203125 0.460071875 0.6710796875 0.460071875 0.6710796875 0.40659375000000003
3 0.7197796875 0.5012640625 0.69331875 0.4289390625 0.5882343750000001 0.4673859375 0.6146953125 0.5397093749999999 0.7197796875 0.5012640625
3 0.8440359374999999 0.4385796875 0.826840625 0.42173125 0.7140953125 0.5368031249999999 0.731290625 0.55365 0.8440359374999999 0.4385796875
3 0.7236265625 0.5232734375 0.671771875 0.499703125 0.5745859375 0.7135140625 0.6264406250000001 0.737084375 0.7236265625 0.5232734375
3 0.8731671875 0.520446875 0.8675546875 0.49960000000000004 0.7852125 0.52176875 0.790825 0.542615625 0.8731671875 0.520446875
3 0.9070828125 0.4984375 0.7768734375 0.44147187499999996 0.771296875 0.4542171875 0.9015062500000001 0.511184375 0.9070828125 0.4984375
3 0.8555640625 0.6562812499999999 0.7001078125 0.6163671875000001 0.69665625 0.6298078125 0.8521140624999999 0.6697234375 0.8555640625 0.6562812499999999
3 0.5937015625 0.724259375 0.574725 0.7217625 0.557146875 0.8553484375 0.5761234375 0.8578453125 0.5937015625 0.724259375
3 0.7989625 0.8088453124999999 0.79315 0.7948937500000001 0.7281828124999999 0.8219640625 0.733996875 0.8359140625 0.7989625 0.8088453124999999
3 0.8646968749999999 0.7793265625 0.8222140625 0.7600171875 0.8204234375 0.7639578124999999 0.8629046875 0.78326875 0.8646968749999999 0.7793265625
3 0.9105703125 0.7669921875 0.908871875 0.764059375 0.86469375 0.7896359375 0.8663921875 0.79256875 0.9105703125 0.7669921875
3 0.554125 0.8753437500000001 0.5522640625 0.8744140625 0.5362218750000001 0.9065015624999999 0.5380812500000001 0.9074312499999999 0.554125 0.8753437500000001
3 0.46745937499999995 0.8879875 0.46414218749999997 0.885575 0.4515234375 0.902925 0.454840625 0.9053390625000001 0.46745937499999995 0.8879875
3 0.5966750000000001 0.9065015624999999 0.5928734375 0.8836890625 0.5885374999999999 0.8844125 0.5923390625 0.9072234375000001 0.5966750000000001 0.9065015624999999
3 0.204415625 0.5075703125000001 0.1781484375 0.4833234375 0.17048125 0.49162968749999997 0.19675 0.5158765625 0.204415625 0.5075703125000001
3 0.1331328125 0.2147234375 0.1323890625 0.2095140625 0.0874671875 0.21593125 0.0882109375 0.221140625 0.1331328125 0.2147234375
3 0.644340625 0.6228328125 0.587375 0.5705171874999999 0.578934375 0.57970625 0.6359015625 0.6320234375 0.644340625 0.6228328125
3 0.9128953125000001 0.342653125 0.9122625 0.3413453125 0.8762234375 0.35878437500000004 0.87685625 0.360090625 0.9128953125000001 0.342653125
3 0.105246875 0.8677109375000001 0.10490625 0.8669734375000001 0.0897921875 0.8739484375 0.0901328125 0.8746859375 0.105246875 0.8677109375000001
3 0.35009375 0.8882484375 0.349046875 0.8878999999999999 0.343234375 0.9053390625000001 0.3442796875 0.9056875 0.35009375 0.8882484375
0 0.9140578125 0.1008375 0.0816546875 0.1008375 0.0816546875 0.9111515625 0.9140578125 0.9111515625 0.9140578125 0.1008375