3 0.9137812437499999 0.87447574375 0.8485738609375 0.864787859375 0.84628919375 0.88706130625 0.9114965765624999 0.896749190625 0.9137812437499999 0.87447574375
3 0.8798928531250001 0.7350629890625 0.851971290625 0.7329506578125 0.8517984515625001 0.7388810796875 0.8797200140625 0.7409934109375 0.8798928531250001 0.7350629890625
3 0.9083454124999999 0.7332323859375001 0.9079856578125 0.7312447765625001 0.8798928531250001 0.7350629890625 0.880252609375 0.7370505984375 0.9083454124999999 0.7332323859375001
3 0.8108759187500001 0.723974890625 0.8060243187499999 0.71802544375 0.78707459375 0.7331937046875 0.7919261484375 0.7391447453125 0.8108759187500001 0.723974890625
3 0.8391753609375 0.69148695 0.8343685828125 0.68559201875 0.801217540625 0.7121305140625 0.8060243187499999 0.71802544375 0.8391753609375 0.69148695
3 0.8723118124999999 0.6664923421875 0.8648429343749999 0.6590315703125 0.8361655796875 0.6877938109375 0.84363445625 0.695254584375 0.8723118124999999 0.6664923421875
3 0.6884487359375 0.6360575234375 0.6882721703125 0.635361940625 0.6521737515625 0.6429426625 0.6523503171875 0.6436382421875 0.6884487359375 0.6360575234375
3 0.7315802171875 0.6278840781249999 0.7312444124999999 0.62633765 0.68793631875 0.63381710625 0.6882721703125 0.635361940625 0.7315802171875 0.6278840781249999
3 0.9051385406250001 0.676724671875 0.8017207046875001 0.625075575 0.797708946875 0.6337432421875 0.9011267828125 0.685392340625 0.9051385406250001 0.676724671875
3 0.92306818125 0.5814113875 0.8938761390625001 0.5333884875 0.8030400468750001 0.58595629375 0.8322337328125 0.6339777234375 0.92306818125 0.5814113875
3 0.81498693125 0.5720460953125001 0.8080476390625 0.5531681796875 0.6881802734375 0.5923908546875001 0.6951179703125 0.6112686515625 0.81498693125 0.5720460953125001
3 0.689303921875 0.594634371875 0.67572205 0.5320916796875 0.6647414171875 0.5339882671875 0.67832169375 0.5965308406250001 0.689303921875 0.594634371875
3 0.9404308109375 0.419893859375 0.9177622984375 0.3686641703125 0.791691265625 0.419721521875 0.814361328125 0.4709529265625 0.9404308109375 0.419893859375
3 0.8998801203125 0.5354340234375 0.8954045984375 0.5255858453125 0.85875965 0.540882125 0.863236721875 0.5507320171875 0.8998801203125 0.5354340234375
3 0.6173874859375 0.5413661546874999 0.6053246359375 0.5349302734375 0.5825473624999999 0.5806144984375 0.5946118078125 0.5870504999999999 0.6173874859375 0.5413661546874999
3 0.6252211109375 0.4950195375 0.6203445109375 0.4924537546875 0.6006923796875 0.5324916203125001 0.605568934375 0.5350589968749999 0.6252211109375 0.4950195375
3 0.658017965625 0.44104386093750003 0.653367709375 0.4385639046875 0.6252211109375 0.4950195375 0.6298713203124999 0.49750108906249996 0.658017965625 0.44104386093750003
3 0.9135820375 0.3500029703125 0.8093068562499999 0.33260312187499996 0.807159159375 0.350341434375 0.9114343874999999 0.3677396890625 0.9135820375 0.3500029703125
3 0.8105292875 0.405530603125 0.7254704953125 0.375069284375 0.7218058234375 0.386653475 0.8068646171875 0.41711479218749997 0.8105292875 0.405530603125
3 0.24051042968749997 0.8248466046875 0.14580850781250002 0.805793596875 0.14328485625 0.8219904343750001 0.2379868234375 0.841041846875 0.24051042968749997 0.8248466046875
3 0.228616646875 0.7591275453125 0.223897740625 0.73638018125 0.077786903125 0.7601695171875 0.082507403125 0.7829170015625 0.228616646875 0.7591275453125
3 0.39123311250000004 0.714857984375 0.3413000046875 0.6871850140625 0.30976583281250003 0.7478036484375 0.3596989390625 0.7754766171874999 0.39123311250000004 0.714857984375
3 0.40874533281250003 0.6065221046875 0.38494998593749996 0.5857746390624999 0.322498696875 0.658494465625 0.3462940875 0.6792403375 0.40874533281250003 0.6065221046875
3 0.35460681250000003 0.5574267796875 0.31896474375 0.554730375 0.3173745375 0.6092934421875 0.35301660468749996 0.611989846875 0.35460681250000003 0.5574267796875
3 0.4038459171875 0.5536729296875 0.378954775 0.47783645625000004 0.2704207046875 0.5089373687500001 0.2953118015625 0.584775434375 0.4038459171875 0.5536729296875
3 0.277286625 0.4731167796875 0.26021484687499996 0.4545987046875 0.1415731921875 0.5632868609374999 0.158644925 0.5818065296875 0.277286625 0.4731167796875
3 0.4251127109375 0.3036066609375 0.37282074375 0.275549134375 0.267143859375 0.48618406406250003 0.3194358265625 0.5142415890625001 0.4251127109375 0.3036066609375
3 0.2041614296875 0.4829578984375 0.1990456359375 0.461254171875 0.11423691875 0.4775065703125 0.1193527109375 0.49921029531250005 0.2041614296875 0.4829578984375
3 0.216373796875 0.5529557734375 0.0850004140625 0.4847660125 0.0789224140625 0.49734035 0.21029584375 0.5655285171875 0.216373796875 0.5529557734375
3 0.29787401562500004 0.3795735140625 0.140190978125 0.3268292234375 0.1362655421875 0.340277390625 0.293947028125 0.39301996875 0.29787401562500004 0.3795735140625
3 0.447152084375 0.1602430734375 0.42783325312500003 0.1562284125 0.40589703750000006 0.2911654703125 0.42521586874999995 0.29518013125000003 0.447152084375 0.1602430734375
3 0.271369371875 0.181081475 0.2658425109375 0.1663989609375 0.198646046875 0.1889942 0.20417126562500001 0.20367818437500002 0.271369371875 0.181081475
3 0.17537930156249998 0.233133153125 0.1325398546875 0.2101460984375 0.13059110937500001 0.21402970468750002 0.1734321984375 0.23701528593750001 0.17537930156249998 0.233133153125
3 0.1309008578125 0.20351141875 0.12925235156249998 0.200387796875 0.0833440234375 0.22306771250000001 0.0849925296875 0.22619133749999998 0.1309008578125 0.20351141875
3 0.47005744062500004 0.1096699453125 0.46818489999999996 0.10857764375000001 0.4508348625 0.140075734375 0.45270900000000003 0.14116815625 0.47005744062500004 0.1096699453125
3 0.556508571875 0.1198673390625 0.553190359375 0.1171478390625 0.53977868125 0.13387583281249998 0.5430969390625 0.13659373749999998 0.556508571875 0.1198673390625
3 0.41593670781250003 0.1281624765625 0.41273000312499997 0.10459484999999999 0.40827743125 0.104996146875 0.4114840875 0.128565365625 0.41593670781250003 0.1281624765625
3 0.8314892109375001 0.561234984375 0.8053648828125001 0.5344652890625 0.7972840140625 0.542347403125 0.8234067421875 0.5691169765625 0.8314892109375001 0.561234984375
3 0.90812726875 0.8489447203125 0.907522096875 0.843572159375 0.8614234140624999 0.8466465 0.8620285828125 0.8520190640624999 0.90812726875 0.8489447203125
3 0.4166899625 0.43979291875 0.360028090625 0.382010053125 0.351130509375 0.3907346859375 0.4077908328125 0.44851583906250003 0.4166899625 0.43979291875
3 0.1063064421875 0.642212521875 0.10569858125 0.6408308484374999 0.0683499828125 0.6558358328125 0.0689577953125 0.6572191015625 0.1063064421875 0.642212521875
3 0.9253178249999999 0.177398209375 0.924991653125 0.17661941406249998 0.9093384453125 0.1825674078125 0.9096646171874999 0.18334620625 0.9253178249999999 0.177398209375
3 0.66724625625 0.12577642656250002 0.6661883609375 0.1253401046875 0.6597281234375 0.1426834609375 0.660787615625 0.14311990624999998 0.66724625625 0.12577642656250002
0 0.9347401953125001 0.14006945625 0.084066653125 0.07571406562500001 0.05997141406249999 0.9024674328125 0.9106449546875 0.9668228234375 0.9347401953125001 0.14006945625