3 0.90262293125 0.897106946875 0.8365959515625001 0.8827233765625 0.83401574375 0.9050103375 0.9000427249999999 0.9193939125 0.90262293125 0.897106946875
3 0.8698941874999999 0.754195821875 0.8415976546874999 0.750088846875 0.8413523640625 0.756053715625 0.8696488984374999 0.760160690625 0.8698941874999999 0.754195821875
3 0.8987758484375 0.7543664406249999 0.8984343953125 0.75233769375 0.8698941874999999 0.754195821875 0.8702356437500001 0.75622456875 0.8987758484375 0.7543664406249999
3 0.8000196140625 0.7381311390625 0.79516873125 0.7317911515625 0.7757686296874999 0.745736403125 0.7806194468750001 0.7520779937500001 0.8000196140625 0.7381311390625
3 0.8291077093749999 0.707392190625 0.8243016437499999 0.7011103249999999 0.7903626671875 0.7255092859375 0.79516873125 0.7317911515625 0.8291077093749999 0.707392190625
3 0.8630136703125 0.6845482374999999 0.8555258546875001 0.6764996125 0.8260983984375001 0.7034567546875 0.8335862140625 0.711505378125 0.8630136703125 0.6845482374999999
3 0.676876396875 0.6408485921875 0.6767055078124999 0.640135025 0.640000634375 0.6452181515625 0.6401715218749999 0.64593171875 0.676876396875 0.6408485921875
3 0.720722053125 0.6356663078125 0.7203996874999999 0.634083915625 0.6763830750000001 0.6385542359375 0.6767055078124999 0.640135025 0.720722053125 0.6356663078125
3 0.8961898078124999 0.6971866375 0.7919002421875 0.6378045734375 0.787728753125 0.6462562843749999 0.892018321875 0.705638346875 0.8961898078124999 0.6971866375
3 0.9155008921875 0.60239308125 0.8864574046874999 0.5519240578125 0.79370006875 0.59847075625 0.822745240625 0.6489384109375 0.9155008921875 0.60239308125
3 0.80598219375 0.585297378125 0.7991662625 0.565779234375 0.6771193328125 0.596819096875 0.68393364375 0.6163370078125 0.80598219375 0.585297378125
3 0.6782326000000001 0.5991598828125 0.66519418125 0.5351625984374999 0.6540339046875 0.5362962312499999 0.66707070625 0.60029328125 0.6782326000000001 0.5991598828125
3 0.9350180218749999 0.4408338609375 0.9126293328124999 0.387594940625 0.7841502359375 0.43012318125000004 0.8065404781250001 0.483363940625 0.9350180218749999 0.4408338609375
3 0.8925232390625 0.5544110359375 0.8880998218749999 0.5441682625 0.85074955 0.5569889781249999 0.85517451875 0.5672335875 0.8925232390625 0.5544110359375
3 0.60591470625 0.5403775671875 0.59375503125 0.5330364609375 0.5701124859375 0.5774667921875001 0.5822737796874999 0.584808134375 0.60591470625 0.5403775671875
3 0.61440739375 0.4942209953125 0.609491225 0.49128954374999995 0.5890852062499999 0.53025045 0.5940013078125 0.5331835046875 0.61440739375 0.4942209953125
3 0.6483108546875 0.4421437359375 0.643623259375 0.4393148203125 0.61440739375 0.4942209953125 0.6190949203125 0.49705151406250003 0.6483108546875 0.4421437359375
3 0.9086093937499999 0.368490675 0.8030460749999999 0.343566784375 0.8006583171875 0.3612926109375 0.9062217015625 0.3862148984375 0.9086093937499999 0.368490675
3 0.8034255078125 0.417155053125 0.71750791875 0.3804281765625 0.713654071875 0.3918439609375 0.7995716625 0.42857083593749995 0.8034255078125 0.417155053125
3 0.22029502656250002 0.7993913078125 0.1244615890625 0.773479428125 0.121710678125 0.7896250078125 0.21754418437499998 0.8155352828125 0.22029502656250002 0.7993913078125
3 0.20900635156249997 0.7323122359375 0.2044882703125 0.7090514796875 0.05600410625 0.722677353125 0.0605238078125 0.7459383468749999 0.20900635156249997 0.7323122359375
3 0.374474196875 0.699214175 0.3241524671875 0.6677859734375 0.2914513875 0.726647940625 0.341773115625 0.75807614375 0.374474196875 0.699214175
3 0.3935155375 0.5912659234375 0.36962420156250003 0.5686693968750001 0.3054204171875 0.6375376078125 0.32931181875000004 0.6601325328125001 0.3935155375 0.5912659234375
3 0.3391809390625 0.537948775 0.30306021875 0.5327061921875 0.3008034171875 0.587586203125 0.3369241390625 0.5928287859375 0.3391809390625 0.537948775
3 0.3891695484375 0.537653559375 0.3648167453125 0.4594566609375 0.254361259375 0.4831136890625 0.2787139953125 0.5613121890625 0.3891695484375 0.537653559375
3 0.261748178125 0.44749746406249996 0.2446503984375 0.42762419218750003 0.1230270734375 0.5287633015625001 0.1401247875 0.548638175 0.261748178125 0.44749746406249996
3 0.4136915890625 0.2871249984375 0.3609817515625 0.2551421046875 0.2513059578125 0.45994910000000006 0.30401579375 0.4919319953125 0.4136915890625 0.2871249984375
3 0.1874595515625 0.4522357421875 0.1825265828125 0.429998721875 0.09631144999999999 0.44037107343750004 0.10124441875000001 0.46260809375 0.1874595515625 0.4522357421875
3 0.1990208859375 0.5236498859375 0.0665705578125 0.4456165046875 0.0602571390625 0.45785927031250007 0.1927075296875 0.5358910453125 0.1990208859375 0.5236498859375
3 0.2837341890625 0.35467614375 0.124415146875 0.29034601875 0.1202748078125 0.303621984375 0.279592296875 0.3679502703125 0.2837341890625 0.35467614375
3 0.4377382328125 0.1441939609375 0.41819008437500005 0.138779109375 0.394347503125 0.2732245796875 0.413895653125 0.2786394296875 0.4377382328125 0.1441939609375
3 0.2591920515625 0.152743659375 0.2537592796875 0.1375540109375 0.1853338046875 0.1555668265625 0.19076489375 0.17075784375 0.2591920515625 0.152743659375
3 0.1612130125 0.1984050453125 0.11803124843749999 0.17220218125 0.116008765625 0.1759783109375 0.1591922140625 0.20217980781249997 0.1612130125 0.1984050453125
3 0.1164470625 0.1653991546875 0.1148118015625 0.16213415625 0.06797835625000001 0.1817404078125 0.0696136171875 0.1850054078125 0.1164470625 0.1653991546875
3 0.46156838125000005 0.0948453078125 0.4596819109375 0.0936117515625 0.44171172031249994 0.1241287296875 0.44359980937500004 0.12536252187500002 0.46156838125000005 0.0948453078125
3 0.5491373546875 0.11124734843749999 0.5458037078125 0.10827136875000001 0.5320025625 0.1241809609375 0.5353362765624999 0.1271553359375 0.5491373546875 0.11124734843749999
3 0.40645431875 0.109649425 0.403479775 0.085669071875 0.39895869687499996 0.0857581 0.4019331765625 0.10974005625000001 0.40645431875 0.109649425
3 0.8228483875 0.575570196875 0.7966657734375 0.5467390359375 0.7883761625 0.554110746875 0.8145571578125 0.582941671875 0.8228483875 0.575570196875
3 0.8971892328125 0.87097436875 0.8966387890625 0.8655166359375001 0.84984359375 0.8653494671875 0.8503940390625001 0.8708072015624999 0.8971892328125 0.87097436875
3 0.40354127812499996 0.423786821875 0.34674969375 0.3615349765625 0.3376217328125 0.36969798125 0.394411765625 0.431947990625 0.40354127812499996 0.423786821875
3 0.08632394374999999 0.6058120125 0.08572368124999999 0.6043763984375 0.0476631171875 0.6168536796875 0.0482633140625 0.6182908984375 0.08632394374999999 0.6058120125
3 0.9225499156250001 0.1953583125 0.9222282609375 0.194550278125 0.9062806828125 0.199436203125 0.9066023359375001 0.20024423750000003 0.9225499156250001 0.1953583125
3 0.661391315625 0.1250478234375 0.66032341875 0.1245331234375 0.6535660125 0.1415553765625 0.654635528125 0.1420703109375 0.661391315625 0.1250478234375
0 0.9325476937499999 0.1584031546875 0.07045003749999999 0.033277779687499995 0.0362544171875 0.86483355625 0.8983520734375 0.9899589328125 0.9325476937499999 0.1584031546875