3 0.136444228125 0.08233590468749999 0.06561056093749999 0.0763467390625 0.063271628125 0.100699615625 0.13410529375 0.10668878125 0.136444228125 0.08233590468749999
3 0.1314009515625 0.24367632499999997 0.1010830984375 0.24332332812500002 0.1009329765625 0.2497771296875 0.1312508296875 0.2501301265625 0.1314009515625 0.24367632499999997
3 0.1009329765625 0.2497771296875 0.10052996249999999 0.2476431484375 0.0700637203125 0.2537439734375 0.0704667359375 0.25587795625 0.1009329765625 0.2497771296875
3 0.2016845515625 0.2453536484375 0.1963813484375 0.23922681250000002 0.17591016406249999 0.2570223515625 0.18121340625 0.26314745624999997 0.2016845515625 0.2453536484375
3 0.186467659375 0.2692164578125 0.18121340625 0.26314745624999997 0.14540077812500002 0.294279375 0.1506550296875 0.300348378125 0.186467659375 0.2692164578125
3 0.14869075781250002 0.298081684375 0.14053731875 0.290496928125 0.109594228125 0.32373327500000004 0.11774766875 0.3313180296875 0.14869075781250002 0.298081684375
3 0.348668590625 0.33400667500000003 0.3484725609375 0.33326339374999997 0.30934124218750003 0.3440078125 0.30953727343750004 0.34475109531250003 0.348668590625 0.33400667500000003
3 0.3099115484375 0.3464057828125 0.30953727343750004 0.34475109531250003 0.26258037500000003 0.3558850953125 0.2629546109375 0.3575415171875 0.3099115484375 0.3464057828125
3 0.190770921875 0.3541188515625 0.07820066249999999 0.30520718125 0.073901284375 0.3149011859375 0.18647154531250001 0.36381285625 0.190770921875 0.3541188515625
3 0.18528675156250002 0.40639700625 0.153298165625 0.356264771875 0.055043617187500005 0.419679740625 0.08703043125 0.4698136921875 0.18528675156250002 0.40639700625
3 0.309908496875 0.3914210546875 0.3022594421875 0.371397884375 0.1724081515625 0.42233734375000004 0.18005893906249998 0.44236053281250004 0.309908496875 0.3914210546875
3 0.335716696875 0.45322973749999995 0.32058229374999997 0.3862385921875 0.30867477656250003 0.389062215625 0.3238109125 0.45605338125 0.335716696875 0.45322973749999995
3 0.19865432031250002 0.586176565625 0.17372583125000002 0.5321039609375 0.0372196171875 0.5963316984375 0.0621464140625 0.6504025484375 0.19865432031250002 0.586176565625
3 0.12509656875 0.45923214375 0.120175175 0.448844228125 0.080501121875 0.46800924843749997 0.0854208203125 0.4783954078125 0.12509656875 0.45923214375
3 0.42463096875 0.3968678578125 0.41149623281250003 0.3907157796875 0.387065403125 0.44192300781249994 0.4001984078125 0.44807506718749995 0.42463096875 0.3968678578125
3 0.40524140624999994 0.45040190312500006 0.39993244687499996 0.4479522328125 0.37885603125 0.49281064687500004 0.38416503125 0.49525858125 0.40524140624999994 0.45040190312500006
3 0.37885603125 0.49281064687500004 0.37379327500000004 0.4904384609375 0.343601159375 0.5537209437499999 0.3486639546875 0.5560913937499999 0.37885603125 0.49281064687500004
3 0.18230465625 0.6626146125 0.0690202171875 0.650966746875 0.066801334375 0.6703821796875 0.180085734375 0.6820317796875 0.18230465625 0.6626146125
3 0.27471299843749997 0.6172366140625 0.18220247812499998 0.5900631171875 0.178298234375 0.6029009921874999 0.27080875625 0.6300744890625001 0.27471299843749997 0.6172366140625
3 0.8998570484374999 0.10413553125 0.7969524484375 0.0900262984375 0.7943157890625 0.1077934796875 0.8972203453125 0.1219044453125 0.8998570484374999 0.10413553125
3 0.9713354484375 0.166732790625 0.9660683656250001 0.14235209375 0.807639834375 0.1783522765625 0.8129051828125 0.2027329546875 0.9713354484375 0.166732790625
3 0.7196365734375 0.1962951546875 0.6652671296875 0.169708040625 0.631424671875 0.237746296875 0.6857941140625 0.2643334125 0.7196365734375 0.1962951546875
3 0.7063812671874999 0.2941905484375 0.68042400625 0.27331039218750003 0.6131023265625 0.3566413171875 0.6390595453125 0.37752320781250004 0.7063812671874999 0.2941905484375
3 0.7122535859375 0.34727771875 0.6735526359375 0.34682711718750003 0.6721714296875 0.4062055578125 0.710872378125 0.4066561609375 0.7122535859375 0.34727771875
3 0.763848684375 0.45302233437500006 0.736354146875 0.3723757453125 0.618753765625 0.413706840625 0.6462483437500001 0.494351696875 0.763848684375 0.45302233437500006
3 0.9033492234375 0.38502728125 0.8847035140624999 0.366097771875 0.756623103125 0.49240903124999996 0.7752688531249999 0.5113368046875 0.9033492234375 0.38502728125
3 0.7675489390625 0.4775097375 0.7106168921875 0.450668921875 0.597251834375 0.6868142859375 0.6541838828125 0.7136551 0.7675489390625 0.4775097375
3 0.9335604328124999 0.47630336250000005 0.92787091875 0.453083909375 0.8359269406250001 0.4766347171875 0.84161645625 0.4998541703125 0.9335604328124999 0.47630336250000005
3 0.9717635187500001 0.45230384843750004 0.8287473265624999 0.3873708375 0.8222300875 0.40145030937500004 0.9652462406250001 0.46638505468749997 0.9717635187500001 0.45230384843750004
3 0.9105187750000001 0.6268971 0.7390468640625001 0.580570790625 0.7348696828125 0.5954497437499999 0.9063432890625001 0.6417778125 0.9105187750000001 0.6268971
3 0.6181860578125 0.6989921156250001 0.597193109375 0.69597458125 0.5742372640625 0.8440721328125 0.5952302140625 0.8470896671875 0.6181860578125 0.6989921156250001
3 0.8437702234375 0.7955624828125 0.8376806890624999 0.7799965265625 0.7648903703125 0.809214178125 0.77098168125 0.82477841875 0.8437702234375 0.7955624828125
3 0.9174750921875001 0.7636361671875 0.87083254375 0.7416474890625 0.8687437906250001 0.7459997546875 0.915384565625 0.7679901484375 0.9174750921875001 0.7636361671875
3 0.9686973453125001 0.7505336046875 0.9668884109375 0.747255265625 0.9172053578125 0.7750829484375 0.9190142921875 0.7783612859375 0.9686973453125001 0.7505336046875
3 0.5703675968749999 0.866234515625 0.5683266109375 0.8651782078125001 0.5496965781250001 0.9005987046874999 0.55173583125 0.9016549875000001 0.5703675968749999 0.866234515625
3 0.47387210468749996 0.87915355625 0.4702534796875 0.8764320250000001 0.4558029140625 0.8955332421875 0.459421496875 0.8982565109375 0.47387210468749996 0.87915355625
3 0.6167786859375 0.9013797546875001 0.6131494546875 0.8760012015624999 0.608319375 0.8767484375000001 0.611948646875 0.9021252546874999 0.6167786859375 0.9013797546875001
3 0.1918095390625 0.45336592343750004 0.16328826093749998 0.42610448749999996 0.1545657984375 0.43522811875 0.1830888109375 0.46248957500000004 0.1918095390625 0.45336592343750004
3 0.12027371875 0.12728788124999998 0.119582959375 0.12149414218750001 0.069569440625 0.1280389609375 0.0702601984375 0.1338327015625 0.12027371875 0.12728788124999998
3 0.6769975374999999 0.5870292703125 0.615136534375 0.5282055999999999 0.605533021875 0.5382994546875 0.66739571875 0.597124878125 0.6769975374999999 0.5870292703125
3 0.9822369109375 0.279406665625 0.9815684859375 0.27794638437499997 0.9411271546875 0.2968439015625 0.9417956234375 0.2983024453125 0.9822369109375 0.279406665625
3 0.0724649125 0.8519601140624999 0.072105984375 0.8511368453125 0.0551544453125 0.8586861328125 0.055513371874999995 0.8595094046874999 0.0724649125 0.8519601140624999
3 0.3436300203125 0.877926934375 0.34247735 0.8775265296875 0.3355770734375 0.896814571875 0.3367280078125 0.8972149593750001 0.3436300203125 0.877926934375
0 0.9897723812500001 0.0109262046875 0.066092153125 0.0001716625 0.045163762499999996 0.8998887968749999 0.9688439890625 0.9106433390625 0.9897723812500001 0.0109262046875