3 0.850558125 0.8487613078124999 0.8600340875000001 0.9125422796875 0.8818203015625 0.9103075890625 0.872344340625 0.8465266171874999 0.850558125 0.8487613078124999
3 0.7216048625 0.85208441875 0.7236709859375 0.8793951968749999 0.7294716796875 0.8792261390625 0.72740555625 0.8519153609375 0.7216048625 0.85208441875
3 0.719936296875 0.9068734718749999 0.721880428125 0.90722535625 0.7256151171874999 0.8797470828125 0.7236709859375 0.8793951968749999 0.719936296875 0.9068734718749999
3 0.7070061375 0.8071425375000001 0.712825440625 0.8118880078125 0.7276634546875 0.7933527640625 0.7218425921875 0.7886073375 0.7070061375 0.8071425375000001
3 0.67528219375 0.8348667703125001 0.6810481734375 0.8395683999999999 0.7070061375 0.8071425375000001 0.701240159375 0.80244090625 0.67528219375 0.8348667703125001
3 0.6493027546875 0.8646744953125 0.656600321875 0.8719799921875 0.684733390625 0.8439299531250001 0.677435821875 0.8366244578125 0.6493027546875 0.8646744953125
3 0.6261508984375 0.6919662171875001 0.626831265625 0.6921389203125 0.6342461562499999 0.6568301546875001 0.6335657921875 0.65665745 0.6261508984375 0.6919662171875001
3 0.6173240140625 0.733998440625 0.6188366140625 0.7343269 0.6261508984375 0.6919662171875001 0.6246398578125001 0.6916377125000001 0.6173240140625 0.733998440625
3 0.616089546875 0.8029330640625 0.6666088203125 0.904088634375 0.6750868828125001 0.900164634375 0.624567609375 0.7990090640624999 0.616089546875 0.8029330640625
3 0.5264081140625 0.8930725984375 0.5733805140625 0.9216260640625 0.6247969609374999 0.8327786203124999 0.5778260000000001 0.8042235453125001 0.5264081140625 0.8930725984375
3 0.545755125 0.809121596875 0.5642200875000001 0.8159090921875001 0.60258465 0.6986622640625 0.5841198046875 0.6918763296875 0.545755125 0.809121596875
3 0.5251396734375 0.6796906296875 0.5863142453125 0.6929753984375 0.588169228125 0.6822334062500001 0.5269947734375 0.6689501984375 0.5251396734375 0.6796906296875
3 0.3652871421875 0.9164362484374999 0.41539618125000005 0.9386088875 0.46533833125 0.8152971734375001 0.41522761406250003 0.79312301875 0.3652871421875 0.9164362484374999
3 0.5187761546874999 0.8945676234375 0.5284089046875 0.8989452421875 0.5433722546875 0.86310341875 0.533737828125 0.8587242828124999 0.5187761546874999 0.8945676234375
3 0.5279161734375 0.610833159375 0.5342112703125 0.622632134375 0.5788962703125 0.600354675 0.57260105625 0.5885541390625 0.5279161734375 0.610833159375
3 0.486368828125 0.625524475 0.488878484375 0.6302943984375 0.52804208125 0.6110721140625001 0.5255308656250001 0.606302234375 0.486368828125 0.625524475
3 0.43365781875 0.6578252906250001 0.4360835265625 0.6623738218749999 0.49130575312499997 0.6348428859374999 0.488878484375 0.6302943984375 0.43365781875 0.6578252906250001
3 0.330014928125 0.8103532687499999 0.3470341546875 0.9123474296874999 0.36438288281250003 0.9102467609374999 0.347365215625 0.8082525531250001 0.330014928125 0.8103532687499999
3 0.37155214375 0.728350828125 0.40134712187500005 0.811548959375 0.41267790625 0.8079644531250001 0.3828829296875 0.7247663203125 0.37155214375 0.728350828125
3 0.7928543625 0.161368946875 0.8114905859375 0.2539992640625 0.8273315562500001 0.2515308609375 0.80869689375 0.1589005 0.7928543625 0.161368946875
3 0.7249593640625001 0.237749978125 0.7472091296875 0.24236565781250002 0.7704781921875 0.099452553125 0.748228309375 0.0948353140625 0.7249593640625001 0.237749978125
3 0.6768403421875 0.3525840671875 0.703907965625 0.4014248875 0.7632005656249999 0.370580525 0.73613294375 0.3217397046875 0.6768403421875 0.3525840671875
3 0.57764831875 0.3952792046875 0.597941934375 0.418554028125 0.6690694546875 0.35746890468750003 0.6487773984375 0.3341940375 0.57764831875 0.3952792046875
3 0.5472831484375 0.330737390625 0.54992056875 0.3655997890625 0.60329006875 0.3640443671875 0.6006526484375 0.32918196875 0.5472831484375 0.330737390625
3 0.472071284375 0.38941513906249997 0.5462488343749999 0.41376178750000003 0.5766709718749999 0.30760185624999997 0.5024918640625 0.28325525156250003 0.472071284375 0.38941513906249997
3 0.44934185781249997 0.273272646875 0.46745485000000003 0.28997097968749996 0.5737670125000001 0.1739245671875 0.5556524609375 0.157226278125 0.44934185781249997 0.273272646875
3 0.274208996875 0.383415290625 0.301652765625 0.43456337031250003 0.5076800546875 0.3311981671875 0.4802362875 0.2800500875 0.274208996875 0.383415290625
3 0.4558517375 0.21344151249999999 0.47708069374999995 0.21844539843750002 0.4929775703125 0.1354918703125 0.47174861406249996 0.1304879859375 0.4558517375 0.21344151249999999
3 0.47884925625 0.1018910296875 0.545547365625 0.2303906203125 0.55784508125 0.224445621875 0.4911485296875 0.0959459859375 0.47884925625 0.1018910296875
3 0.324367334375 0.1558743 0.37595784375 0.310108021875 0.38911015625 0.3062669375 0.33752132343749996 0.1520347328125 0.324367334375 0.1558743
3 0.157498415625 0.4372244 0.16142525624999998 0.45612063281250004 0.293410565625 0.434664271875 0.289483725 0.4157680390625 0.157498415625 0.4372244
3 0.167446484375 0.27877720625 0.1818078171875 0.28418316718750003 0.2039102234375 0.21845501875 0.1895474515625 0.2130506640625 0.167446484375 0.27877720625
3 0.210236653125 0.1483905453125 0.232720865625 0.1902928796875 0.23651807656249998 0.18838836875 0.2140353046875 0.146484428125 0.210236653125 0.1483905453125
3 0.20069181406249997 0.14517495625000001 0.20374710624999998 0.1467874015625 0.2259309015625 0.10188331875000001 0.22287560625 0.1002708734375 0.20069181406249997 0.14517495625000001
3 0.1108900078125 0.4766933546875 0.111958415625 0.47852493437500004 0.142767603125 0.46155599062499997 0.141699078125 0.45972285 0.1108900078125 0.4766933546875
3 0.1192727296875 0.5598393203125 0.121932740625 0.563084946875 0.13829324999999998 0.54996669375 0.13563479843749998 0.546721021875 0.1192727296875 0.5598393203125
3 0.10699433750000001 0.42245153437500005 0.13004642187499998 0.4255880921875 0.1304404984375 0.42123287343750004 0.10738685625 0.41809636250000004 0.10699433750000001 0.42245153437500005
3 0.5274613609375 0.8064975265625 0.55364546875 0.832050384375 0.5613550421875 0.8241447203125001 0.535171053125 0.7985934265625 0.5274613609375 0.8064975265625
3 0.8298065187500001 0.9064200515625 0.8350615546875 0.907011984375 0.8380686468749999 0.8619217078125001 0.8328136078125 0.8613297765624999 0.8298065187500001 0.9064200515625
3 0.3783410828125 0.3709024765625 0.4348599484375 0.4263248703125 0.4433920546875 0.4176204078125 0.3868748640625 0.3621995296875 0.3783410828125 0.3709024765625
3 0.6315001734375 0.12213642499999999 0.6328516234375 0.12273098906249999 0.647529934375 0.08619934375 0.6461769234375 0.0856048265625 0.6315001734375 0.12213642499999999
3 0.1774433640625 0.9235074609374999 0.1782051234375 0.9238264968750001 0.1840230078125 0.9085157031250001 0.18326124531250002 0.9081966671874999 0.1774433640625 0.9235074609374999
3 0.127285790625 0.670365490625 0.1277125671875 0.67140024375 0.1446766578125 0.6650828859375 0.1442497609375 0.6640465703125 0.127285790625 0.670365490625
0 0.0787453203125 0.1009776953125 0.1416929375 0.9330427531250001 0.9503610734375 0.9094745968750001 0.8874134578125 0.0774095390625 0.0787453203125 0.1009776953125