3 0.8654431062500001 0.0864354421875 0.855907546875 0.1506175515625 0.8778307828124999 0.152866296875 0.887366340625 0.0886841875 0.8654431062500001 0.0864354421875
3 0.7282223765625 0.11979099687500001 0.7261432578125 0.147273540625 0.731980434375 0.14744366250000002 0.7340595515625 0.1199611171875 0.7282223765625 0.11979099687500001
3 0.72642055625 0.0917858046875 0.7244641984375 0.092139903125 0.7282223765625 0.11979099687500001 0.730178734375 0.11943689843750001 0.72642055625 0.0917858046875
3 0.71730861875 0.187722759375 0.7114527171875 0.192498075 0.7263824828125001 0.2111498484375 0.7322399546875 0.20637457656249997 0.71730861875 0.187722759375
3 0.6853314953125 0.1598682765625 0.6795292515625 0.1645994765625 0.705650475 0.1972292765625 0.7114527171875 0.192498075 0.6853314953125 0.1598682765625
3 0.660729884375 0.1272528375 0.6533864203124999 0.13460428124999999 0.6816964249999999 0.162830734375 0.6890398906249999 0.1554792921875 0.660729884375 0.1272528375
3 0.6307736 0.30822498593750003 0.6300889546875 0.308398775 0.6375504828125 0.343929609375 0.6382351265625 0.34375581875 0.6307736 0.30822498593750003
3 0.62272866875 0.2657716734375 0.6212065546875001 0.2661021984375 0.6285684109375 0.3087293453125 0.6300889546875 0.308398775 0.62272866875 0.2657716734375
3 0.670801328125 0.0949422546875 0.6199643234375001 0.1967340234375 0.6284957078125 0.20068270312499997 0.6793327125 0.09889093437499999 0.670801328125 0.0949422546875
3 0.57698668125 0.0772945265625 0.5297188562499999 0.1060275734375 0.5814601265625 0.1954354265625 0.6287265015625 0.166700759375 0.57698668125 0.0772945265625
3 0.5677686421875 0.1836763859375 0.549187546875 0.19050656875 0.5877935140625 0.308489228125 0.606374490625 0.3016606140625 0.5677686421875 0.1836763859375
3 0.5900017562500001 0.307383246875 0.5284424390625 0.3207515671875 0.53030920625 0.3315595484375 0.5918684062499999 0.31819279843750004 0.5900017562500001 0.307383246875
3 0.41800873593750004 0.06020489375 0.3675845453125 0.0825169828125 0.4178391078125 0.20660576718749998 0.4682649875 0.184292153125 0.41800873593750004 0.06020489375
3 0.53173223125 0.10011799531250001 0.5220388984375 0.104523146875 0.5370946703125 0.1405919171875 0.546789690625 0.1361852390625 0.53173223125 0.10011799531250001
3 0.5375710890625001 0.378168921875 0.5312364015625 0.390042103125 0.5762023203125 0.41246124375 0.582537128125 0.400586490625 0.5375710890625001 0.378168921875
3 0.49195319218750005 0.37045846718750003 0.4894277515625 0.375258390625 0.528836090625 0.394601525 0.5313631 0.38980164687499996 0.49195319218750005 0.37045846718750003
3 0.43882619062500006 0.33817728593749996 0.4363852265625 0.342754425 0.49195319218750005 0.37045846718750003 0.4943957265625 0.36588137187499997 0.43882619062500006 0.33817728593749996
3 0.349216759375 0.08663151718749999 0.33209049375 0.1892671515625 0.349549903125 0.191381078125 0.3666745984375 0.0887453984375 0.349216759375 0.08663151718749999
3 0.4038713171875 0.188063940625 0.37388895 0.2717853296875 0.38529099843750003 0.2753923828125 0.4152733640625 0.19167099062499998 0.4038713171875 0.188063940625
3 0.8165943 0.7491202375 0.7978408671875 0.8423331359375 0.8137830375 0.8448171062500001 0.8325349 0.751604165625 0.8165943 0.7491202375
3 0.7519085578125 0.7608270109374999 0.72951885625 0.7654717203125 0.7529341484375001 0.90928521875 0.7753239671875 0.904638940625 0.7519085578125 0.7608270109374999
3 0.708335059375 0.6007674093750001 0.6810972 0.6499154046875 0.7407627109375 0.68095375625 0.76800056875 0.6318057609375 0.708335059375 0.6007674093750001
3 0.601702575 0.5835305375 0.5812813265625 0.60695174375 0.652857759375 0.6684210937499999 0.6732774390625 0.64499984375 0.601702575 0.5835305375
3 0.5533791890625 0.636817821875 0.55072518125 0.67189948125 0.6044303375 0.6734646859375 0.6070843453125 0.6383830265625 0.5533791890625 0.636817821875
3 0.5496843609375001 0.58835291875 0.4750402859375 0.612852690625 0.505652190625 0.71968025 0.5802978328124999 0.695180521875 0.5496843609375001 0.58835291875
3 0.4703948171875 0.712922284375 0.45216790781249994 0.7297256390625 0.55914713125 0.8465018578124999 0.577375609375 0.8296985484375 0.4703948171875 0.712922284375
3 0.303549953125 0.5674205078125001 0.27593358125 0.6188902734374999 0.4832566421875 0.7229055718749999 0.5108730109375 0.67143580625 0.303549953125 0.5674205078125001
3 0.48008120156249995 0.7848977125000001 0.45871872968750005 0.78993306875 0.47471558593749996 0.873408315625 0.49607805781250003 0.8683729609374999 0.48008120156249995 0.7848977125000001
3 0.54897848125 0.7728773624999999 0.4818608875 0.902185128125 0.4942375140625 0.9081675609375001 0.561353540625 0.7788597515625 0.54897848125 0.7728773624999999
3 0.3783223578125 0.6926585937499999 0.32640738125 0.8478623390625 0.3396440984375 0.8517260546875001 0.391557390625 0.6965238359375 0.3783223578125 0.6926585937499999
3 0.16244050937500001 0.5457276656250001 0.158488971875 0.5647427421875 0.291304378125 0.5863340484374999 0.295255915625 0.567318971875 0.16244050937500001 0.5457276656250001
3 0.1829512625 0.7187464984374999 0.16849960625 0.724186459375 0.1907395734375 0.7903263765624999 0.20519267812500003 0.7848880312500001 0.1829512625 0.7187464984374999
3 0.23418451875000001 0.813227290625 0.211558896875 0.8553931625000001 0.2153814390625 0.8573112671875001 0.2380056109375 0.8151437796875 0.23418451875000001 0.813227290625
3 0.20502853437500002 0.8570063890625 0.2019540265625 0.858628975 0.2242773390625 0.9038154734375 0.22735185000000002 0.9021928875 0.20502853437500002 0.8570063890625
3 0.11266255624999999 0.52318245625 0.11158742968749999 0.5250255546875 0.1425902671875 0.5421027921875 0.14366551249999998 0.540258121875 0.11266255624999999 0.52318245625
3 0.12269961250000001 0.43809061875 0.120022871875 0.44135665937499996 0.13648784687499999 0.45455746250000006 0.13916301874999998 0.451291378125 0.12269961250000001 0.43809061875
3 0.1308643234375 0.576452234375 0.1076672578125 0.57960851875 0.1080622453125 0.58399108125 0.1312608796875 0.58083484375 0.1308643234375 0.576452234375
3 0.557127515625 0.167433575 0.530778728125 0.19314714375 0.538536909375 0.2011009546875 0.5648855765625 0.1753889609375 0.557127515625 0.167433575
3 0.8403135140625 0.09200051875000001 0.835025428125 0.092596175 0.8380514296875001 0.13797003593749999 0.84333951875 0.1373743828125 0.8403135140625 0.09200051875000001
3 0.4375949171875 0.575710821875 0.38072058593749997 0.631481784375 0.3893080390625 0.6402394671875 0.44618068437499997 0.5844700296875 0.4375949171875 0.575710821875
3 0.636831821875 0.8812140984375001 0.635471871875 0.8818124031250001 0.6502409296875 0.918573759375 0.65160245 0.917975503125 0.636831821875 0.8812140984375001
3 0.1793259109375 0.0750802546875 0.178559359375 0.075401296875 0.18441383125 0.0908083859375 0.1851803859375 0.0904873421875 0.1793259109375 0.0750802546875
3 0.12851579062500001 0.32909409375 0.1280863296875 0.3301353546875 0.1451569921875 0.3364940171875 0.1455865734375 0.335451184375 0.12851579062500001 0.32909409375
0 0.1425840875 0.065806034375 0.07924057343749999 0.9031042062499999 0.892994675 0.9268205890625 0.9563381874999999 0.08952241875 0.1425840875 0.065806034375