3 0.145567375 0.086316359375 0.13445626718749998 0.01204445 0.108910684375 0.0161562234375 0.1200217921875 0.0904281359375 0.145567375 0.086316359375
3 0.2967724390625 0.0736122296875 0.2943497921875 0.0416733578125 0.28754814687499997 0.042267818750000005 0.28997079531250003 0.074206690625 0.2967724390625 0.0736122296875
3 0.29872892812499996 0.00914185 0.296449321875 0.0088612015625 0.29207018749999997 0.04139270625 0.2943497921875 0.0416733578125 0.29872892812499996 0.00914185
3 0.31389027812500003 0.1254056890625 0.3070668109375 0.12022870156250001 0.28966839375000003 0.1430132875 0.2964936890625 0.148190115625 0.31389027812500003 0.1254056890625
3 0.351088415625 0.09067507968750001 0.34432747343750003 0.08554594843749999 0.31389027812500003 0.1254056890625 0.32065121875 0.130534821875 0.351088415625 0.09067507968750001
3 0.3815507921875 0.053889198437499994 0.372993978125 0.045806031250000004 0.340006346875 0.08067427031249999 0.3485631609375 0.0887574390625 0.3815507921875 0.053889198437499994
3 0.4086976625 0.2551763234375 0.40789989374999996 0.25501989375 0.39920551249999997 0.29700044375 0.4000032796875 0.297156875 0.4086976625 0.2551763234375
3 0.41904769062499997 0.2052018796875 0.41727407968749997 0.2049192953125 0.4086976625 0.2551763234375 0.410469446875 0.25545906875 0.41904769062499997 0.2052018796875
3 0.42049517343750004 0.1241454109375 0.361258440625 0.0087735265625 0.3513174265625 0.013961353125000001 0.4105541625 0.1293332375 0.42049517343750004 0.1241454109375
3 0.46040824999999996 0 0.41028523593750005 0.08968238437500001 0.465361365625 0.120018190625 0.5256517765625001 0.0121448796875 0.5036000359374999 0 0.46040824999999996 0
3 0.5029663 0.11207607500000001 0.4813150765625 0.10536350937500001 0.4363304375 0.24570265624999998 0.457981521875 0.25241339375 0.5029663 0.11207607500000001
3 0.5271390968749999 0.26270176093750003 0.455408415625 0.25127216875 0.45323334062500004 0.2640165625 0.5249638859375 0.2754443265625 0.5271390968749999 0.26270176093750003
3 0.636496453125 0 0.5972595843749999 0.099333859375 0.6560172640624999 0.1219602125 0.7041893781249999 0 0.636496453125 0
3 0.5346006828125 0.0098679265625 0.5233057343749999 0.005383284375 0.505760353125 0.0485051390625 0.51705726875 0.052991449999999996 0.5346006828125 0.0098679265625
3 0.5238834906250001 0.34377284375 0.51650213125 0.33034311562499996 0.464106415625 0.3595603765625 0.47148791250000005 0.37299193124999996 0.5238834906250001 0.34377284375
3 0.572600125 0.32368058125 0.5696574109375 0.3182489953125 0.52373585625 0.3435007546875 0.5266803999999999 0.3489321828125 0.572600125 0.32368058125
3 0.6344067953125 0.282141896875 0.6315625140625001 0.2769646359375 0.5668113 0.31307189375 0.5696574109375 0.3182489953125 0.6344067953125 0.282141896875
3 0.718845634375 0 0.7355898015625 0.0995572703125 0.7559340031249999 0.0959056109375 0.739802496875 0 0.718845634375 0
3 0.7072292484375 0.195062403125 0.6722929343749999 0.0993693609375 0.6590069421875 0.1043531046875 0.6939432546875001 0.20004614531249998 0.7072292484375 0.195062403125
3 0.2132283296875 0.8898053609375 0.1913762953125 0.7822715 0.17280185312500002 0.78625205 0.1946520609375 0.8937860687500001 0.2132283296875 0.8898053609375
3 0.29283909375 0.795452759375 0.2667499734375 0.7915495640625 0.2394656703125 0.9610066890625 0.265554928125 0.964911709375 0.29283909375 0.795452759375
3 0.3492613953125 0.6572819546875001 0.3175230625 0.6017596828125 0.2479990984375 0.642036759375 0.279737434375 0.69755903125 0.3492613953125 0.6572819546875001
3 0.46556970781249996 0.6003616468749999 0.44177428750000003 0.5744074859375 0.35837320625 0.651013765625 0.3821668015625 0.676968090625 0.46556970781249996 0.6003616468749999
3 0.5011746046875001 0.6741016265625001 0.4980820796875 0.6333314375 0.43550329374999996 0.638800803125 0.43859581875 0.67957099375 0.5011746046875001 0.6741016265625001
3 0.5893648125000001 0.60004435625 0.5023874 0.576508640625 0.4667157046875 0.7032828109375 0.5536949484375 0.726818365625 0.5893648125000001 0.60004435625
3 0.6160163625 0.7349168171875 0.594777846875 0.71653873125 0.47012076406250003 0.8601050890625 0.491361109375 0.8784830187500001 0.6160163625 0.7349168171875
3 0.8213696453124999 0.5935883265624999 0.7891902609375 0.5353815625 0.547611496875 0.670857578125 0.57979088125 0.7290643421875 0.8213696453124999 0.5935883265624999
3 0.608383159375 0.805640146875 0.58349099375 0.801211290625 0.5648509984375 0.8997353625000001 0.5897431609375 0.9041642234375 0.608383159375 0.805640146875
3 0.5814172531249999 0.9382394734374999 0.5032099109375 0.7918528265625 0.48879013593750004 0.7996752484375 0.5669956515625 0.9460620562500001 0.5814172531249999 0.9382394734374999
3 0.7625561296875001 0.864286471875 0.7020633109375 0.68664085625 0.6866414734374999 0.69205029375 0.7471323265625001 0.86969424375 0.7625561296875001 0.864286471875
3 0.95821946875 0.5224176921875 0.9536150250000001 0.500489734375 0.7988547078125 0.534700534375 0.8034591546875 0.55662849375 0.95821946875 0.5224176921875
3 0.9465547921875 0.709212403125 0.9297153078125 0.7038425562499999 0.9037989718749999 0.7825568078125 0.92064014375 0.7879246671875 0.9465547921875 0.709212403125
3 0.896380871875 0.8652879375 0.8700168500000001 0.8176029671875 0.8655644046875001 0.8200992015624999 0.8919267359375 0.8677861578125 0.896380871875 0.8652879375
3 0.90757274375 0.8684136375 0.9039902359375 0.8667281359375 0.8779784718749999 0.92098750625 0.881560978125 0.922673009375 0.90757274375 0.8684136375
3 1 0.477883359375 0.9754921875000001 0.4928319 0.9767450953125 0.49491222500000004 1 0.48072666875000003 1 0.477883359375
3 1 0.372242190625 0.999922253125 0.3721516859375 0.9807386234375001 0.38867725468750003 0.9838558078125 0.3923082671875 1 0.3784021859375 1 0.372242190625
3 1 0.5349615375 0.9904085015625 0.53421244375 0.9899464218749999 0.5393550796875 1 0.54014015 1 0.5349615375
3 0.524416784375 0.11390986249999999 0.49371442187500003 0.08568187968749999 0.48467450625 0.0954942140625 0.51537673125 0.123720371875 0.524416784375 0.11390986249999999
3 0.16989981875 0.017172809375 0.1637379875 0.0168361546875 0.16021200156249998 0.070005471875 0.1663738328125 0.0703421265625 0.16989981875 0.017172809375
3 0.699268828125 0.61539291875 0.632997228125 0.5541497453125 0.6229928484375 0.5649565046875 0.68926248125 0.6261980109375 0.699268828125 0.61539291875
3 0.4024253375 0.9248767921875001 0.40084068124999994 0.9242706374999999 0.3836295265625 0.9681833171875001 0.38521600624999996 0.9687893125 0.4024253375 0.9248767921875001
3 0.9936454984375 0.24650278593750002 0.9931450749999999 0.24531646562499998 0.9732537140625 0.25389473749999997 0.9737542703125 0.25508288437500004 0.9936454984375 0.24650278593750002
0 0.27811346875 0 0.028542715625 0.02181240625 0.1023523890625 0.9948794578125 1 0.9164253375 1 0.24542441875 0.9813839171875 0 0.27811346875 0