3 0.1610079359375 0.0777825390625 0.16573174531249998 0.1427396828125 0.1880317453125 0.1411174609375 0.1833079359375 0.0761603171875 0.1610079359375 0.0777825390625
3 0.3133603171875 0.11380317499999999 0.3133603171875 0.1415587296875 0.3192650796875 0.1415587296875 0.3192650796875 0.11380317499999999 0.3133603171875 0.11380317499999999
3 0.3173174609375 0.1133888890625 0.3192650796875 0.11380317499999999 0.325169840625 0.08604920625 0.323222221875 0.0856349203125 0.3173174609375 0.1133888890625
3 0.3085984125 0.2009365078125 0.31414603125 0.20592063437500002 0.3306396828125 0.18756349218749999 0.3250936515625 0.182579365625 0.3085984125 0.2009365078125
3 0.3306396828125 0.18756349218749999 0.33613492031250003 0.1925015875 0.3649920640625 0.1603873015625 0.359496825 0.15544920625 0.3306396828125 0.18756349218749999
3 0.35608888906249997 0.1509174609375 0.3629396828125 0.1585412703125 0.393669840625 0.130928571875 0.386819046875 0.1233047625 0.35608888906249997 0.1509174609375
3 0.3929920640625 0.3421380953125 0.393669840625 0.3423333328125 0.40391428593749995 0.30674761875 0.40323650781250003 0.30655238125 0.3929920640625 0.3421380953125
3 0.40391428593749995 0.30674761875 0.40542380937500005 0.30712539687499996 0.41610952343749996 0.2643857140625 0.4145984125 0.2640079359375 0.40391428593749995 0.30674761875
3 0.3702079359375 0.094177778125 0.41374761875 0.19824761875000002 0.4226603171875 0.194519046875 0.379120634375 0.09044920625 0.3702079359375 0.094177778125
3 0.41610952343749996 0.16399682499999998 0.46162380937499997 0.19434127031249998 0.5206761906249999 0.1057634921875 0.47516031718749996 0.07542063437499999 0.41610952343749996 0.16399682499999998
3 0.42836507968750004 0.30065396875 0.44659841250000004 0.308080953125 0.49457460312499996 0.190322221875 0.47634127031249995 0.18289365156249998 0.42836507968750004 0.30065396875
3 0.44174444375000005 0.3177396828125 0.5028587296875 0.3330174609375 0.5055682546875 0.322180953125 0.44445396875 0.30690158749999996 0.44174444375000005 0.3177396828125
3 0.576728571875 0.1864365078125 0.625922221875 0.210403175 0.686122221875 0.0868333328125 0.6369301593750001 0.0628682546875 0.576728571875 0.1864365078125
3 0.5011428578125 0.13565238125 0.5105920640625 0.14037777812500002 0.5285428578125 0.104473015625 0.5190952375 0.09974920625 0.5011428578125 0.13565238125
3 0.444871428125 0.40104285781250004 0.45035872968749996 0.4131952375 0.4974571421875 0.39192380937500004 0.49196984062500004 0.379773015625 0.444871428125 0.40104285781250004
3 0.49734761875 0.391677778125 0.4995317453125 0.3965888890625 0.5407857140625 0.37825396875 0.538603175 0.3733428578125 0.49734761875 0.391677778125
3 0.5364873015625 0.3686587296875 0.538603175 0.3733428578125 0.5968063484374999 0.3470571421875 0.5946920640625 0.342373015625 0.5364873015625 0.3686587296875
3 0.6865650796875 0.0931365078125 0.6960126984375 0.19706666718750002 0.713796825 0.19544920625 0.70434761875 0.091519046875 0.6865650796875 0.0931365078125
3 0.62965238125 0.195428571875 0.6535222218750001 0.28067619062500004 0.6653063484375 0.27737619062499996 0.6414365078125 0.19212857187500001 0.62965238125 0.195428571875
3 0.16573174531249998 0.747425396875 0.1775412703125 0.8419079359375001 0.193822221875 0.839873015625 0.1820111109375 0.7453904765625 0.16573174531249998 0.747425396875
3 0.2117920640625 0.9033206343750001 0.23403650781250002 0.9086603171875 0.26865238125 0.764425396875 0.2464079359375 0.7590873015625 0.2117920640625 0.9033206343750001
3 0.2400174609375 0.6285984124999999 0.2637571421875 0.678925396875 0.32635079375 0.6494 0.3026111109375 0.5990730156249999 0.2400174609375 0.6285984124999999
3 0.334619046875 0.644676190625 0.3534412703125 0.6688777781249999 0.43038095312499997 0.6090365078125 0.4115571421875 0.5848349203125001 0.334619046875 0.644676190625
3 0.4019365078125 0.63995238125 0.4019365078125 0.6753825390625 0.45626349218750006 0.6753825390625 0.45626349218750006 0.63995238125 0.4019365078125 0.63995238125
3 0.42463650781249995 0.697974603125 0.49810952343750003 0.72485555625 0.5371650796874999 0.618103175 0.4636936515625 0.5912222218750001 0.42463650781249995 0.697974603125
3 0.4173142859375 0.8336158734374999 0.434430159375 0.8510841265625 0.5513269843749999 0.7365492062500001 0.5342126984375 0.719080953125 0.4173142859375 0.8336158734374999
3 0.496523809375 0.6760857140625001 0.5204682546875 0.7287634921875 0.737673015625 0.6300349203125 0.713728571875 0.5773571421875 0.496523809375 0.6760857140625001
3 0.496419046875 0.8749761906250001 0.517596825 0.880677778125 0.5401174609375 0.797028571875 0.5189396828125 0.791326984375 0.496419046875 0.8749761906250001
3 0.4373682546875 0.78285555625 0.4952380953125 0.9151317453125 0.5081873015625 0.9094666671875 0.4503158734375 0.7771904765625 0.4373682546875 0.78285555625
3 0.6150396828125 0.7048714281249999 0.6555873015625 0.8627952375 0.6692428578125 0.8592904765625 0.6286936515625 0.7013650796875 0.6150396828125 0.7048714281249999
3 0.7221079359375 0.5774984125 0.72464444375 0.596776190625 0.86035079375 0.5789190468750001 0.8578142859375 0.5596412703125 0.7221079359375 0.5774984125
3 0.7964 0.7993904765625001 0.8105730156250001 0.8052952375 0.838071428125 0.7392984125 0.8239000000000001 0.7333920640625 0.7964 0.7993904765625001
3 0.760969840625 0.8289158734375001 0.7805857140625 0.872073015625 0.7845904765625 0.87025238125 0.7649730156250001 0.8270968249999999 0.760969840625 0.8289158734375001
3 0.765076190625 0.91694920625 0.76805555625 0.9186746031249999 0.7940380953124999 0.8737952375000001 0.7910587296875 0.8720698406249999 0.765076190625 0.91694920625
3 0.8771825390625001 0.554680953125 0.8781269843749999 0.556571428125 0.9107238093750001 0.540273015625 0.909779365625 0.5383841265625 0.8771825390625001 0.554680953125
3 0.888520634375 0.4651603171875 0.8909714281250001 0.46853015937500003 0.9085984125 0.45571111093749994 0.9061460312499999 0.45234127031250004 0.888520634375 0.4651603171875
3 0.8866047625 0.5959349203125 0.909779365625 0.599796825 0.9105126984374999 0.5953920640625 0.8873396828125 0.591530159375 0.8866047625 0.5959349203125
3 0.47988412656249996 0.174626984375 0.5045158734374999 0.2013111109375 0.51295396875 0.193523809375 0.488322221875 0.1668380953125 0.47988412656249996 0.174626984375
3 0.201728571875 0.1281412703125 0.20702063437499998 0.128896825 0.21353968281250002 0.0832619046875 0.20824761875000003 0.0825063484375 0.201728571875 0.1281412703125
3 0.5684619046875 0.59034920625 0.6216079359375 0.648219046875 0.63094444375 0.6396460312500001 0.577796825 0.581774603125 0.5684619046875 0.59034920625
3 0.33565238124999996 0.9203936515625 0.336980953125 0.9210365078124999 0.3546952375 0.884425396875 0.3533682546875 0.8837825390624999 0.33565238124999996 0.9203936515625
3 0.8696238093750001 0.100222221875 0.870373015625 0.1005682546875 0.8774587296874999 0.0852142859375 0.8767095234375001 0.0848682546875 0.8696238093750001 0.100222221875
3 0.8908825390624999 0.3482380953125 0.8912365078125 0.3493015875 0.90895238125 0.3433952375 0.9085984125 0.3423333328125 0.8908825390624999 0.3482380953125
0 0.091326984375 0.0766015875 0.091326984375 0.9222174609374999 0.9145031749999999 0.9222174609374999 0.9145031749999999 0.0766015875 0.091326984375 0.0766015875