3 0.8360547265625 0.11810614531250001 0.9016690374999999 0.103812471875 0.8991049578125001 0.08166480000000001 0.8334906453125001 0.09595847656249999 0.8360547265625 0.11810614531250001
3 0.8410251687500001 0.2499117078125 0.8691448484375 0.2458304015625 0.8689010921874999 0.2399028140625 0.8407814124999999 0.2439841203125 0.8410251687500001 0.2499117078125
3 0.8975066796875 0.2476769171875 0.897846 0.24566085000000001 0.8694841703125 0.24381433437500002 0.8691448484375 0.2458304015625 0.8975066796875 0.2476769171875
3 0.7948864265625 0.26809504375 0.7997069921875 0.26179468125 0.780428075 0.24793499375 0.775607575 0.25423695 0.7948864265625 0.26809504375
3 0.8238372578125001 0.29858411406249996 0.8286132859374999 0.2923415109375 0.7948864265625 0.26809504375 0.7901104 0.274337646875 0.8238372578125001 0.29858411406249996
3 0.8548663187500001 0.323041009375 0.8623073343750001 0.3150426890625 0.8330638 0.28825403125000004 0.8256227828125 0.29625235 0.8548663187500001 0.323041009375
3 0.6771635984375 0.35917831875 0.67733341875 0.3584692109375 0.64085795 0.35341785468750003 0.6406881296875 0.3541269625 0.6771635984375 0.35917831875
3 0.7205846890625 0.365191609375 0.720905040625 0.36361910625 0.6771635984375 0.35917831875 0.67684318125 0.360749228125 0.7205846890625 0.365191609375
3 0.791638365625 0.3614942046875 0.895276121875 0.3024832796875 0.8911307078125 0.2940843921875 0.7874929484375001 0.3530953171875 0.791638365625 0.3614942046875
3 0.8856045453125001 0.44683796718749996 0.9144665109375 0.396684375 0.8222905828125 0.3504299546875 0.79342694375 0.40058218593749995 0.8856045453125001 0.44683796718749996
3 0.7988589734375 0.4330693859375 0.8056323046875 0.41367323125000005 0.6843465578125 0.38282759843749997 0.6775748375 0.402223521875 0.7988589734375 0.4330693859375
3 0.6657242171875 0.46349466718750004 0.678681146875 0.3998973671875 0.6675890140625 0.3987710515625 0.6546336921875 0.46236812031249996 0.6657242171875 0.46349466718750004
3 0.9116129000000001 0.610140028125 0.933861659375 0.55723385 0.8061871 0.514969584375 0.7839367968750001 0.5678775890625001 0.9116129000000001 0.610140028125
3 0.8872366984375001 0.45454528906249997 0.8916324687499999 0.44436653281250005 0.8545171781249999 0.431624121875 0.8501198656250001 0.44180470312500003 0.8872366984375001 0.45454528906249997
3 0.5947315625 0.4656075171875 0.6068152390625 0.45831229218749997 0.58332206875 0.4141594171875 0.5712367828125 0.42145487499999995 0.5947315625 0.4656075171875
3 0.6103694046875 0.507093515625 0.615254846875 0.5041803859375 0.5949763 0.4654613921875 0.5900909234375 0.46837611562500003 0.6103694046875 0.507093515625
3 0.6442881140625001 0.558743396875 0.6489464125 0.5559321625 0.6199130765625 0.5013675578125001 0.615254846875 0.5041803859375 0.6442881140625001 0.558743396875
3 0.8027145375 0.6538930078125 0.907618084375 0.6291248921875 0.905245315625 0.6115114453125 0.8003417031250001 0.6362779671875 0.8027145375 0.6538930078125
3 0.71771099375 0.617262 0.8030915984375 0.5807646656250001 0.7992618390625 0.56942023125 0.713881234375 0.6059175640625 0.71771099375 0.617262
3 0.12837120468750002 0.22666731874999999 0.2236056828125 0.20091738750000002 0.2208720328125 0.1848743125 0.1256374859375 0.2106226484375 0.12837120468750002 0.22666731874999999
3 0.20789771875000002 0.2906925921875 0.21238756250000002 0.267577215625 0.064833034375 0.2540362671875 0.06034158125 0.2771518796875 0.20789771875000002 0.2906925921875
3 0.3268140140625 0.3317001890625 0.3768212328125 0.3004684140625 0.344324534375 0.2419743328125 0.29431731562499996 0.273206109375 0.3268140140625 0.3317001890625
3 0.37200155 0.43019728749999997 0.395743565625 0.40774198906250003 0.3319411203125 0.3393057953125 0.3081990390625 0.36175950156250003 0.37200155 0.43019728749999997
3 0.30585359218749997 0.46593572187500004 0.3417485578125 0.46072590468749997 0.3395058625 0.40618889375 0.30361089531249996 0.41139871093749997 0.30585359218749997 0.46593572187500004
3 0.367224140625 0.53872744375 0.39142473906249997 0.46101927500000006 0.2816595328125 0.4375085125 0.2574590015625 0.515218271875 0.367224140625 0.53872744375
3 0.24780883281250002 0.5703609593750001 0.2647997515625 0.5506118953125 0.1439365078125 0.45010331406250004 0.12694565468750002 0.46985396875 0.24780883281250002 0.5703609593750001
3 0.363413115625 0.7417650328125001 0.41579351718749996 0.7099820328125 0.3068031953125 0.5064550796875 0.2544227953125 0.5382380812500001 0.363413115625 0.7417650328125001
3 0.1860732921875 0.5680012703124999 0.1909754296875 0.54590323125 0.10529914062500001 0.53559570625 0.100397003125 0.5576937453124999 0.1860732921875 0.5680012703124999
3 0.07084199218750001 0.5524810984374999 0.2024645046875 0.4749354265625 0.1961906078125 0.4627707734375 0.06456803125 0.54031485 0.07084199218750001 0.5524810984374999
3 0.12832505156250001 0.70678114375 0.28664835 0.6428530828125 0.28253234531250004 0.62966191875 0.12421059062499999 0.693588153125 0.12832505156250001 0.70678114375
3 0.420263896875 0.857400759375 0.43968986875000005 0.8520197515625 0.41599630468750004 0.7184145671875 0.39657033125 0.7237955734375 0.420263896875 0.857400759375
3 0.25686078437500004 0.8586182015625001 0.2622596015625 0.8435234890625001 0.1942601125 0.8256218921875 0.18886296875 0.8407179656249999 0.25686078437500004 0.8586182015625001
3 0.121981053125 0.8241865828125 0.16489293124999999 0.7981474859375 0.1628847625 0.794396315625 0.1199712109375 0.8204340531250001 0.121981053125 0.8241865828125
3 0.11878172812500001 0.8341916828124999 0.12040676875 0.830947090625 0.07386603281250001 0.8114633765624999 0.07224099218749999 0.8147079703125 0.11878172812500001 0.8341916828124999
3 0.46149639843749996 0.9022858218750001 0.46337107812499995 0.9010599750000001 0.4455148109375 0.8707334937500001 0.44363852187499997 0.871959575 0.46149639843749996 0.9022858218750001
3 0.547079934375 0.8877178265625 0.550392746875 0.8847604468749999 0.536677925 0.8689518843749999 0.533365046875 0.8719076703124999 0.547079934375 0.8877178265625
3 0.40564552656249997 0.910178859375 0.40860147968750005 0.886348384375 0.40410859375 0.88625831875 0.4011527046875 0.9100903875 0.40564552656249997 0.910178859375
3 0.7963741125 0.45199058281250004 0.822393084375 0.4233396171875 0.814153675 0.4160142140625 0.7881363109375 0.44466494531249995 0.7963741125 0.45199058281250004
3 0.8957222968749999 0.13520534374999998 0.8962692999999999 0.1297817203125 0.8497665765625 0.12994784374999999 0.8492195718750001 0.13537146718749998 0.8957222968749999 0.13520534374999998
3 0.3492700078125 0.6360371171875 0.40570664531249995 0.5741743453125 0.39663419218749996 0.566064184375 0.340199096875 0.6279251312499999 0.3492700078125 0.6360371171875
3 0.0898754078125 0.3947134546875 0.09047191875 0.3932868125 0.052649168749999996 0.3808859203125 0.052052723437500004 0.38231415625 0.0898754078125 0.3947134546875
3 0.921151834375 0.8019781609375001 0.9214714781250001 0.8011751765625 0.9056235718750001 0.7963197890625 0.9053039281249999 0.7971227734374999 0.921151834375 0.8019781609375001
3 0.6608838968749999 0.8715577078125 0.6619451203125 0.8710462250000001 0.65523155625 0.854130128125 0.654168725 0.8546418453125 0.6608838968749999 0.8715577078125
0 0.074697225 0.96224270625 0.9314067703125 0.837899365625 0.8974248734374999 0.0115408109375 0.0407153265625 0.135884153125 0.074697225 0.96224270625