3 0.8938029609375 0.10307801406249999 0.9651039953125 0.09241135 0.9611566921874999 0.06788759062500001 0.88985565625 0.078554253125 0.8938029609375 0.10307801406249999
3 0.9059989265624999 0.248234875 0.9366602437499999 0.2459091328125 0.9360895593749999 0.2393795546875 0.90542824375 0.24170529687500003 0.9059989265624999 0.248234875
3 0.9678904906250001 0.2501131046875 0.9681599140625 0.24792468125 0.93692966875 0.2437207140625 0.9366602437499999 0.2459091328125 0.9678904906250001 0.2501131046875
3 0.8562772046875 0.264668 0.8612471140625001 0.258117471875 0.839373909375 0.2414149921875 0.8344041546875 0.24796727500000001 0.8562772046875 0.264668
3 0.889618590625 0.3003782109375 0.89454255625 0.2938877078125 0.8562772046875 0.264668 0.8513532390625 0.271158503125 0.889618590625 0.3003782109375
3 0.9249330359375 0.32962209374999996 0.9326928765625 0.3214075515625 0.8992193671875001 0.2897394265625 0.8914595249999999 0.29795396875 0.9249330359375 0.32962209374999996
3 0.731697396875 0.35568309062500003 0.73184756875 0.35491723125 0.6915462406249999 0.346570625 0.6913960671875 0.34733648125 0.731697396875 0.35568309062500003
3 0.7796728609375 0.3656191171875 0.77994414375 0.36391645 0.731697396875 0.35568309062500003 0.731425959375 0.3573840015625 0.7796728609375 0.3656191171875
3 0.8574870718750001 0.3670087 0.9682440812499999 0.3101414359375 0.9632637687500001 0.3005980640625 0.8525067578125001 0.3574653296875 0.8574870718750001 0.3670087
3 0.9650075812500001 0.4679590390625 0.9941280515625 0.41508432968750003 0.8905715781250001 0.357207159375 0.8614492031250001 0.4100802453125 0.9650075812500001 0.4679590390625
3 0.8690736343750001 0.44618098125000005 0.8755176984374999 0.42539580624999995 0.7407921171875 0.382210553125 0.7343498078125 0.40299559531250007 0.8690736343750001 0.44618098125000005
3 0.7244729765625 0.4693868671875 0.735445384375 0.40052541093749994 0.7232107671875 0.398437340625 0.7122401140625 0.4672986640625 0.7244729765625 0.4693868671875
3 1 0.58358659375 0.8813061609374999 0.536702534375 0.8595848640625 0.59310990625 1 0.6485713890625 1 0.58358659375
3 0.9671934562500001 0.47654998906249996 0.9714987140625 0.4657068390625 0.9301017328125001 0.44886327187499997 0.925794875 0.45970831093750003 0.9671934562500001 0.47654998906249996
3 0.6466447359374999 0.46626148437500003 0.659537275 0.45917537968750005 0.6314887046875 0.4088754921875 0.6185944140624999 0.4159617296875 0.6466447359374999 0.46626148437500003
3 0.6659333078125 0.5130294531249999 0.67114763125 0.5102044484375 0.6469059421875001 0.4661197546875 0.6416917718749999 0.46894651718749997 0.6659333078125 0.5130294531249999
3 0.7058104453125 0.57236385625 0.7107806171875 0.569633346875 0.6761176484375 0.50747218125 0.67114763125 0.5102044484375 0.7058104453125 0.57236385625
3 0.8845972796874999 0.6890299765625 0.998494759375 0.669872203125 0.9949893203125001 0.650343521875 0.8810916859375 0.66949954375 0.8845972796874999 0.6890299765625
3 0.789406759375 0.6422734109375 0.8812720796875 0.60873455 0.8764876859375 0.5959799984374999 0.7846223671875 0.6295188578124999 0.789406759375 0.6422734109375
3 0.12245352031250001 0.1680325296875 0.22568602656249998 0.1470545765625 0.22186469843749998 0.1292231109375 0.11863204062499999 0.1501993109375 0.12245352031250001 0.1680325296875
3 0.21303201875000002 0.2444588640625 0.21677908437500001 0.2194133078125 0.054100245312499996 0.1932203765625 0.050351425000000005 0.218266065625 0.21303201875000002 0.2444588640625
3 0.345675990625 0.29862427343750003 0.398977371875 0.2681554734375 0.36031137812499997 0.20141246875 0.307009996875 0.2318812703125 0.345675990625 0.29862427343750003
3 0.40031948437500003 0.410280253125 0.42523547968750003 0.38743665 0.3516934515625 0.3073716109375 0.3267773 0.33021346406249996 0.40031948437500003 0.410280253125
3 0.3295291046875 0.444460953125 0.3686684859375 0.44149212968749996 0.3634178953125 0.3814164953125 0.3242785140625 0.3843853203125 0.3295291046875 0.444460953125
3 0.40062408437499997 0.529123553125 0.423218371875 0.44562523593750003 0.30151516875 0.411380409375 0.27892103437500004 0.49488048281249997 0.40062408437499997 0.529123553125
3 0.271146521875 0.5547090421875 0.28878948437499996 0.5343200671874999 0.15096578125 0.41464926718750006 0.13332296875 0.43503999843749996 0.271146521875 0.5547090421875
3 0.4068218734375 0.75184819375 0.4627003671875 0.7209559828125001 0.3326433921875 0.48904037031250003 0.2767648984375 0.5199325796875 0.4068218734375 0.75184819375
3 0.20325212499999998 0.5473811671875 0.20750382812499998 0.5234846859375 0.11292071875000001 0.5055902921875 0.1086690109375 0.52948676875 0.20325212499999998 0.5473811671875
3 0.075956771875 0.521493896875 0.216487953125 0.4464148484375 0.208978428125 0.43257186406250003 0.06844709375 0.5076491578125 0.075956771875 0.521493896875
3 0.146951653125 0.69538721875 0.3174914453125 0.6373141109375 0.312298384375 0.6225091484374999 0.14176019374999999 0.6805803671875 0.146951653125 0.69538721875
3 0.47514568125 0.8832240234375 0.49619652187499996 0.87880375625 0.46335415312499995 0.730233853125 0.4423033140625 0.734654121875 0.47514568125 0.8832240234375
3 0.295822759375 0.8720259328125 0.3009778140625 0.855860028125 0.22541213125 0.8309803468749999 0.2202589859375 0.847147871875 0.295822759375 0.8720259328125
3 0.145990246875 0.8238589703124999 0.19176781874999999 0.798549509375 0.1893714328125 0.7942751609375 0.1435919546875 0.8195830000000001 0.145990246875 0.8238589703124999
3 0.142989575 0.8346031671875 0.14460765625 0.831163959375 0.092518659375 0.8061926671874999 0.09090057812499999 0.809631871875 0.142989575 0.8346031671875
3 0.5227060578125 0.935689003125 0.5247014203125 0.9344863453125001 0.5035480437500001 0.8998058328124999 0.5015509296875 0.901008625 0.5227060578125 0.935689003125
3 0.61591543125 0.92625295 0.6194010484375 0.9232586968750001 0.6035365015624999 0.9048424109375001 0.6000507296875 0.9078349078124999 0.61591543125 0.92625295
3 0.46179613125 0.9400741828125 0.4638227203125 0.9141254953125 0.458885790625 0.9136818984374999 0.45685935468750005 0.9396323437499999 0.46179613125 0.9400741828125
3 0.8673131984375001 0.466773446875 0.8944120609375 0.43729917812499997 0.884992221875 0.42862085937499994 0.857895109375 0.4580949953125 0.8673131984375001 0.466773446875
3 0.9601807703125 0.126437159375 0.9605039578125 0.1205218015625 0.9094614140624999 0.11713685468749999 0.9091382250000001 0.1230522140625 0.9601807703125 0.126437159375
3 0.385889465625 0.6346314078125 0.4446829109375 0.571010671875 0.43430842187499996 0.56140646875 0.37551657656250004 0.6250253156250001 0.385889465625 0.6346314078125
3 0.088784946875 0.34966165625 0.0893668546875 0.34814038593749996 0.04721068125 0.331617678125 0.0466289265625 0.3331407 0.088784946875 0.34966165625
3 0.7400239921875 0.9172330109375 0.7411628593749999 0.9167526046875001 0.73292771875 0.8976568984375 0.7317870984375 0.8981374328125 0.7400239921875 0.9172330109375
0 0.8335732765625 0 0.0215823859375 0.0615916265625 0.1011406796875 0.9718728249999999 1 0.903692 1 0.4972949921875 0.956536571875 0 0.8335732765625 0