3 0.0889650046875 0.122573140625 0.1558097234375 0.1325731375 0.159510321875 0.10958211250000001 0.0926656015625 0.099582115625 0.0889650046875 0.122573140625
3 0.115631021875 0.2664773125 0.14437600625 0.2686576953125 0.144911021875 0.262536215625 0.11616603750000001 0.2603558328125 0.115631021875 0.2664773125
3 0.08610008125 0.2683668890625 0.086352665625 0.2704185359375 0.115631021875 0.2664773125 0.1153784359375 0.26442566875 0.08610008125 0.2683668890625
3 0.18633083125 0.27792262968750003 0.1909901203125 0.28406375 0.2114961046875 0.26840682031249996 0.206836959375 0.2622640546875 0.18633083125 0.27792262968750003
3 0.155116353125 0.3114572265625 0.159732571875 0.31754207343749996 0.1956063390625 0.290148596875 0.1909901203125 0.28406375 0.155116353125 0.3114572265625
3 0.119350428125 0.33725707968749996 0.126625278125 0.3449582125 0.1580066953125 0.3152693453125 0.15073184374999998 0.3075682125 0.119350428125 0.33725707968749996
3 0.3076429046875 0.3686724046875 0.307783690625 0.36939039687499997 0.3455661875 0.36156545156250003 0.3454254 0.3608474609375 0.3076429046875 0.3686724046875
3 0.262552365625 0.37710917187500004 0.26280669218749997 0.378705421875 0.3080381625 0.37098500156249997 0.307783690625 0.36939039687499997 0.262552365625 0.37710917187500004
3 0.0860211734375 0.326695096875 0.1898558703125 0.38000815625 0.1945249140625 0.371061246875 0.0906902171875 0.31774818437499996 0.0860211734375 0.326695096875
3 0.06175495156250001 0.42507905937499996 0.0890553921875 0.47464909843749997 0.186141371875 0.42038772968749993 0.1588391453125 0.3708192125 0.06175495156250001 0.42507905937499996
3 0.1729521578125 0.43474606875 0.1789934671875 0.4542321703125 0.3052970546875 0.4137458703125 0.299257390625 0.39425989375000003 0.1729521578125 0.43474606875
3 0.3042699515625 0.4114300734375 0.314556584375 0.4759876875 0.32602489375 0.47402999687499997 0.31573990625000004 0.40947250625000003 0.3042699515625 0.4114300734375
3 0.0340975515625 0.591800146875 0.054459768750000005 0.6446802859375 0.187889190625 0.5919780375 0.1675254734375 0.5390961265625 0.0340975515625 0.591800146875
3 0.08296995625 0.4725376609375 0.087006134375 0.48270311406250005 0.12581730468750002 0.46691404218750004 0.12177962499999999 0.45674681718750004 0.08296995625 0.4725376609375
3 0.3754338046875 0.46641441875 0.387520559375 0.4730576421875 0.41381773749999995 0.425901621875 0.4017293390625 0.4192582734375 0.3754338046875 0.46641441875
3 0.3645490953125 0.5142541703125 0.36943752343749997 0.5169026125 0.3921639640625 0.475574859375 0.3872756796875 0.4729247703125 0.3645490953125 0.5142541703125
3 0.327393171875 0.5699687625000001 0.3320527078125 0.572528615625 0.3645490953125 0.5142541703125 0.3598897046875 0.5116926703125 0.327393171875 0.5699687625000001
3 0.057661162499999995 0.663942690625 0.16444005 0.681903103125 0.16772654375 0.663593321875 0.0609475125 0.6456345515625 0.057661162499999995 0.663942690625
3 0.16755742499999998 0.606626140625 0.2536811625 0.6380688234375 0.25816653125 0.6261114296875 0.17204279375 0.5946687484375001 0.16755742499999998 0.606626140625
3 0.78216935 0.173801165625 0.878949825 0.193467996875 0.8825324625000001 0.1767493546875 0.7857518453125001 0.1570841671875 0.78216935 0.173801165625
3 0.7905196078125 0.2416374765625 0.7940324828125 0.265117684375 0.9465455390624999 0.24056193593750003 0.9430310203125 0.21708160312500002 0.7905196078125 0.2416374765625
3 0.6197087140625 0.28733325625 0.669678759375 0.31589775625 0.7059281281249999 0.253326190625 0.6559580828125 0.2247616890625 0.6197087140625 0.28733325625
3 0.5950917375 0.39915935937499997 0.6184504828125 0.42057523750000003 0.6873962812500001 0.345512621875 0.6640373890625 0.3240983859375 0.5950917375 0.39915935937499997
3 0.64812329375 0.44983637187500003 0.6848164640625 0.45261964375 0.68973889375 0.3962987375 0.6530457234375 0.3935154640625 0.64812329375 0.44983637187500003
3 0.5969827765625 0.45371115937499995 0.6181649203124999 0.53199083125 0.7322615296875 0.499887953125 0.7110795296875 0.42160663437499996 0.5969827765625 0.45371115937499995
3 0.7230098578125 0.5368625625 0.7395501359375001 0.5559772265625 0.8687597171875 0.4437874984375 0.8522195796875 0.4246711875 0.7230098578125 0.5368625625
3 0.55996840625 0.7118337343750001 0.6123544937500001 0.74079518125 0.7342829078124999 0.52337429375 0.6818968203125 0.494412846875 0.55996840625 0.7118337343750001
3 0.7992151609375 0.52670439375 0.8032011328124999 0.54910734375 0.8918728015624999 0.5323313453125 0.8878868265625 0.5099283984375 0.7992151609375 0.52670439375
3 0.7907925437500001 0.45445142031249997 0.9225405265625 0.524838028125 0.92958085 0.5118585859375 0.7978327234375 0.441473621875 0.7907925437500001 0.45445142031249997
3 0.6961017703125 0.6334194796875 0.8559828250000001 0.6878630171875 0.86084981875 0.67398159375 0.7009702640625 0.6195398265625001 0.6961017703125 0.6334194796875
3 0.5285657609375 0.859816021875 0.5483009234375 0.8639600218749999 0.5790906437500001 0.7246757390624999 0.55935548125 0.7205317375 0.5285657609375 0.859816021875
3 0.7115833 0.8383062765625 0.7164161625000001 0.8534618125 0.7872572 0.8301386296875 0.7824261265625 0.814981575 0.7115833 0.8383062765625
3 0.8139676703125 0.784577665625 0.85688414375 0.808305284375 0.8591325421875 0.8042965625 0.8162142812500001 0.7805704640625 0.8139676703125 0.784577665625
3 0.858180321875 0.8151537125000001 0.8596972734375001 0.8183779687499999 0.9085307078125 0.7949673796875001 0.9070137562499999 0.791743125 0.858180321875 0.8151537125000001
3 0.50184241875 0.9120184484375 0.5037130703125 0.913145940625 0.523546003125 0.8806330859375 0.521673709375 0.87950546875 0.50184241875 0.9120184484375
3 0.4130615171875 0.9014925281249999 0.4163292828125 0.9042996406249999 0.431202440625 0.8870327265625001 0.4279345296875 0.8842272609374999 0.4130615171875 0.9014925281249999
3 0.5589162 0.8929301515624999 0.5608161265625 0.9172570468749999 0.5654443546875 0.916842821875 0.563544571875 0.8925142796875001 0.5589162 0.8929301515624999
3 0.1552386921875 0.4459054796875 0.1806438765625 0.47353760625 0.189473334375 0.4654015578125 0.1640697921875 0.43776955624999997 0.1552386921875 0.4459054796875
3 0.0932775390625 0.1489266890625 0.09358052812499999 0.1544723375 0.1414329140625 0.15129895 0.141129925 0.1457533015625 0.0932775390625 0.1489266890625
3 0.5768597703125 0.5712600046875 0.6319786265625 0.6309044453125 0.6417032093749999 0.6218987328125001 0.5865858546875 0.5622560640625001 0.5768597703125 0.5712600046875
3 0.9099685734375 0.3623191125 0.9105141124999999 0.36374530312500003 0.95003538125 0.34825690625 0.9494899859375 0.3468290734375 0.9099685734375 0.3623191125
3 0.0351560078125 0.8421082046875 0.0354464921875 0.8429120890625 0.051989815625000005 0.8367724703125001 0.05169933125 0.8359685828125001 0.0351560078125 0.8421082046875
3 0.29890981875 0.8953930671875 0.2999775078125 0.8958434484375 0.3076995953125 0.8779413437500001 0.3066302640625 0.8774908421875001 0.29890981875 0.8953930671875
0 0.023170265625 0.880639565625 0.8989306125000001 0.9470682734375 0.9735165125 0.09367965 0.097756165625 0.02725094375 0.023170265625 0.880639565625