3 0.0963054609375 0.0699709890625 0.101383959375 0.1398054609375 0.12535836250000001 0.1380614328125 0.12027986406249999 0.0682269625 0.0963054609375 0.0699709890625
3 0.2600972703125 0.1086962453125 0.2600972703125 0.13853583593750002 0.26644539218749996 0.13853583593750002 0.26644539218749996 0.1086962453125 0.2600972703125 0.1086962453125
3 0.2643515359375 0.108250853125 0.26644539218749996 0.1086962453125 0.272793515625 0.0788583625 0.270699659375 0.07841296875 0.2643515359375 0.108250853125
3 0.254977815625 0.2023720140625 0.2609419796875 0.207730375 0.27867406093749997 0.18799488125 0.2727116046875 0.18263651875 0.254977815625 0.2023720140625
3 0.27867406093749997 0.18799488125 0.28458191093749996 0.1933037546875 0.3156058015625 0.15877815625 0.3096979515625 0.1534692828125 0.27867406093749997 0.18799488125
3 0.3060341296875 0.1485972703125 0.31339931718749997 0.156793515625 0.346436859375 0.1271075078125 0.339071671875 0.11891126249999999 0.3060341296875 0.1485972703125
3 0.345708190625 0.3541757671875 0.346436859375 0.354385665625 0.3574505125 0.3161279859375 0.35672184375 0.3159180890625 0.345708190625 0.3541757671875
3 0.3574505125 0.3161279859375 0.359073378125 0.3165341296875 0.3705614328125 0.270585325 0.368936859375 0.27017918124999996 0.3574505125 0.3161279859375
3 0.3212133109375 0.0875972703125 0.368022184375 0.199481228125 0.3776040953125 0.195472696875 0.330795221875 0.0835887375 0.3212133109375 0.0875972703125
3 0.3705614328125 0.162658703125 0.41949317343750003 0.19528157031249999 0.48297952187500004 0.10005290156249999 0.43404607500000003 0.067431740625 0.3705614328125 0.162658703125
3 0.3837372015625 0.3095767921875 0.403339590625 0.3175614328125 0.45491808906250003 0.1909607515625 0.4353157 0.182974403125 0.3837372015625 0.3095767921875
3 0.3981211609375 0.3279453921875 0.4638242328125 0.3443703078125 0.46673720156250004 0.3327201359375 0.40103412968749996 0.316293515625 0.3981211609375 0.3279453921875
3 0.5432406140625 0.1867832765625 0.5961279859374999 0.21254948749999997 0.6608481234375 0.07970136562499999 0.6079624578125 0.053936859375 0.5432406140625 0.1867832765625
3 0.461979521875 0.13218600625000002 0.47213822499999997 0.1372662109375 0.491436859375 0.0986655296875 0.4812798640625 0.09358703125 0.461979521875 0.13218600625000002
3 0.401482934375 0.4175034125 0.40738225312500004 0.43056825937500004 0.458017065625 0.40769965937499997 0.45211774687500006 0.39463651875 0.401482934375 0.4175034125
3 0.4578993171875 0.40743515312499995 0.460247440625 0.4127150171875 0.5045989765625001 0.39300341250000004 0.502252559375 0.38772355 0.4578993171875 0.40743515312499995
3 0.499977815625 0.3826877140625 0.502252559375 0.38772355 0.5648259390625 0.3594641640625 0.5625529015625 0.35442832812499997 0.499977815625 0.3826877140625
3 0.6613242328125 0.086477815625 0.671481228125 0.19821160468750001 0.6906006828125 0.196472696875 0.6804419796875 0.0847389078125 0.6613242328125 0.086477815625
3 0.600138225 0.1964505125 0.625800340625 0.2880989765625 0.6384692828125 0.2845511953125 0.6128071671875001 0.1929027296875 0.600138225 0.1964505125
3 0.101383959375 0.7898941984375 0.11408020468749999 0.8914709890625 0.1315836171875 0.8892832765625001 0.118885665625 0.787706484375 0.101383959375 0.7898941984375
3 0.15090272968750001 0.95749488125 0.17481740625 0.9632354953125001 0.2120324234375 0.8081706484375 0.188117746875 0.8024317406250001 0.15090272968750001 0.95749488125
3 0.181247440625 0.6621450515625 0.206769625 0.716250853125 0.274063140625 0.6845085328125 0.24854095625 0.6304027296875 0.181247440625 0.6621450515625
3 0.28295221875 0.6794300343749999 0.3031877140625 0.7054488046875 0.3859044375 0.641114334375 0.3656672359375 0.6150955625 0.28295221875 0.6794300343749999
3 0.35532423281250003 0.6743515359375001 0.35532423281250003 0.7124419796875 0.413730375 0.7124419796875 0.413730375 0.6743515359375001 0.35532423281250003 0.6743515359375001
3 0.37972866875 0.7367303749999999 0.4587184296875 0.7656296921875 0.500706484375 0.650861775 0.42171842968749995 0.6219624578125 0.37972866875 0.7367303749999999
3 0.3718566546875 0.8825563140625 0.3902576796875 0.901336178125 0.5159317406249999 0.778201365625 0.4975324234375 0.7594215015625 0.3718566546875 0.8825563140625
3 0.4570136515625 0.7131979515625 0.4827559734375 0.7698310578124999 0.716269625 0.6636894203125 0.690527303125 0.6070563140624999 0.4570136515625 0.7131979515625
3 0.4569010234375 0.9270221843750001 0.47966894218749995 0.9331518765625001 0.5038805453124999 0.84322184375 0.481112628125 0.8370921499999999 0.4569010234375 0.9270221843750001
3 0.3934163828125 0.8279846421875 0.4556314 0.9701928328125 0.46955290156249996 0.9641023890625 0.407336178125 0.8218941984375 0.3934163828125 0.8279846421875
3 0.584428328125 0.7441450515625 0.6280204781250001 0.9139266218750001 0.642701365625 0.910158703125 0.5991075078125 0.7403754265625 0.584428328125 0.7441450515625
3 0.6995358359375 0.607208190625 0.7022627984375001 0.627933446875 0.848158703125 0.6087354953124999 0.845431740625 0.5880102390624999 0.6995358359375 0.607208190625
3 0.77940614375 0.8457610921875001 0.7946433453124999 0.8521092156250001 0.8242064843750001 0.781156996875 0.8089709890625001 0.7748071671875 0.77940614375 0.8457610921875001
3 0.7413157 0.8775034125 0.7624044375000001 0.9239010234375 0.766709896875 0.9219436859375 0.7456194546875 0.8755477812500001 0.7413157 0.8775034125
3 0.7457303750000001 0.9721467578125 0.748933446875 0.9740017062499999 0.7768668937500001 0.925752559375 0.7736638218749999 0.9238976109375001 0.7457303750000001 0.9721467578125
3 0.8662542656250001 0.582677475 0.8672696249999999 0.584709896875 0.90231399375 0.5671877140625 0.901298634375 0.565156996875 0.8662542656250001 0.582677475
3 0.8784436859375001 0.48643515312499996 0.8810784984375 0.4900580203125 0.9000290109375 0.47627645 0.8973924921875 0.472653584375 0.8784436859375001 0.48643515312499996
3 0.8763839593749999 0.6270290109375 0.901298634375 0.6311808875 0.90208703125 0.6264453921875 0.8771740609374999 0.622293515625 0.8763839593749999 0.6270290109375
3 0.43912457343750005 0.17408703125 0.4656058015625 0.20277474374999999 0.474677475 0.1944027296875 0.4481962453125 0.1657133109375 0.43912457343750005 0.17408703125
3 0.1400836171875 0.12411092187499999 0.14577303749999998 0.12492320781249999 0.1527815703125 0.07586177499999999 0.14709215 0.0750494875 0.1400836171875 0.12411092187499999
3 0.5343532421875 0.621023890625 0.5914897609375 0.6832389078125 0.6015273031249999 0.6740221843749999 0.544389078125 0.6118054609375 0.5343532421875 0.621023890625
3 0.284063140625 0.9758498296875 0.2854914671875 0.97654095625 0.3045358359375 0.9371808875 0.30310921562500004 0.9364897609374999 0.284063140625 0.9758498296875
3 0.8581279859375 0.0940955625 0.858933446875 0.0944675765625 0.8665511953125 0.0779607515625 0.865745734375 0.0775887375 0.8581279859375 0.0940955625
3 0.880982934375 0.36073378906250003 0.88136348125 0.3618771328125 0.90040955625 0.355527303125 0.9000290109375 0.354385665625 0.880982934375 0.36073378906250003
0 0.0213924921875 0.068701365625 0.0213924921875 0.9778105796875 0.9063771328125 0.9778105796875 0.9063771328125 0.068701365625 0.0213924921875 0.068701365625