3 0.8558611875000001 0.13743174687499998 0.8613450171875 0.0725746703125 0.8390469140624999 0.070433084375 0.8335630843749999 0.135290159375 0.8558611875000001 0.13743174687499998
3 0.708133865625 0.132813996875 0.708457078125 0.1050542125 0.702547815625 0.10491675625 0.702224603125 0.132676540625 0.708133865625 0.132813996875
3 0.702547815625 0.10491675625 0.7045017421875001 0.10454774687499999 0.6989156750000001 0.07665209375000001 0.696961746875 0.0770211046875 0.702547815625 0.10491675625
3 0.7065980656249999 0.1971674171875 0.71220795 0.192311671875 0.695913909375 0.17356774375 0.6903056109375 0.178423525 0.7065980656249999 0.1971674171875
3 0.68474868125 0.18323445 0.6903056109375 0.178423525 0.661800446875 0.14563258750000002 0.656243515625 0.1504435109375 0.68474868125 0.18323445
3 0.6583189578125 0.148644975 0.66526375 0.14117948281249998 0.6348317203125 0.112847215625 0.6278869296875 0.12031270937500001 0.6583189578125 0.148644975
3 0.6254251375 0.331749678125 0.6261057046875 0.3315701890625 0.616267846875 0.295740575 0.615587278125 0.295920065625 0.6254251375 0.331749678125
3 0.6140722046875 0.29626276093750004 0.615587278125 0.295920065625 0.605392709375 0.25292515625 0.6038760484375 0.253267815625 0.6140722046875 0.29626276093750004
3 0.6070099265625 0.18717462499999998 0.651794675 0.08410248125 0.6429186015624999 0.08016586406250001 0.598133853125 0.183238009375 0.6070099265625 0.18717462499999998
3 0.559142740625 0.18215318125 0.60504506875 0.15286363281249998 0.5469807375 0.0628993125 0.5010768375 0.09218723906250001 0.559142740625 0.18215318125
3 0.5728550968749999 0.29625996718750003 0.5911888125 0.2892563015625 0.5445473703125 0.1703612140625 0.5262136374999999 0.177366465625 0.5728550968749999 0.29625996718750003
3 0.516261521875 0.3198906 0.5776002890624999 0.3060331625 0.575014909375 0.2951303421875 0.5136761234375 0.30898936718750003 0.516261521875 0.3198906
3 0.39453208281249996 0.1943928625 0.44404231093749996 0.1715677140625 0.3852337890625 0.0465792125 0.3357251671875 0.0694028109375 0.39453208281249996 0.1943928625
3 0.51076556875 0.1270415453125 0.520277003125 0.12253539531249999 0.50272903125 0.0862088390625 0.49321920468749997 0.0907134390625 0.51076556875 0.1270415453125
3 0.5678678671874999 0.40130273125000004 0.5735008640625 0.3892762375 0.5266142453125 0.366906759375 0.5209812671875 0.3789316671875 0.5678678671874999 0.40130273125000004
3 0.5188507578125 0.3835491625 0.5210937375 0.37868814687499996 0.4800202515625 0.359390053125 0.47777886093750005 0.36425110625 0.5188507578125 0.3835491625
3 0.4800202515625 0.359390053125 0.48219228437500006 0.3547544671875 0.4242492609375 0.3271098109375 0.4220788171875 0.3317454328125 0.4800202515625 0.359390053125
3 0.32454349531250004 0.1794227015625 0.335208571875 0.0756966359375 0.3174313171875 0.073664971875 0.3067646515625 0.17739100000000002 0.32454349531250004 0.1794227015625
3 0.366092725 0.26403408906250003 0.39097345781250004 0.17932914375 0.3792187796875 0.1757543203125 0.3543380453125 0.2604592671875 0.366092725 0.26403408906250003
3 0.8359009046875 0.836431609375 0.8488196703125 0.7422095859375 0.8325515953125 0.7397953937499999 0.8196312421874999 0.834017378125 0.8359009046875 0.836431609375
3 0.7785852890625 0.9018790203125 0.8009088640625001 0.8970563468750001 0.767946196875 0.7519952234375 0.7456226390625 0.7568163078125 0.7785852890625 0.9018790203125
3 0.7515172484375 0.6714172375 0.775861075 0.621635215625 0.713563546875 0.590648215625 0.68921971875 0.6404302359375 0.7515172484375 0.6714172375
3 0.6618817796875 0.6592803484374999 0.681000171875 0.63551323125 0.60470029375 0.5738718171875 0.5855803125000001 0.597638896875 0.6618817796875 0.6592803484374999
3 0.6132738390625 0.6646571890625 0.6136864203125 0.6292216328125 0.5593180359375001 0.6279569656249999 0.5589054531250001 0.663392521875 0.6132738390625 0.6646571890625
3 0.516451425 0.7118989515624999 0.5902934578125001 0.686724265625 0.5524496734375 0.5790464171874999 0.478609228125 0.6042211390625 0.516451425 0.7118989515624999
3 0.5787093953125 0.8396291328125001 0.596041728125 0.8225566546874999 0.48038798125 0.705283028125 0.4630572375 0.72235554375 0.5787093953125 0.8396291328125001
3 0.494030146875 0.715286996875 0.5186062687499999 0.6631585921875 0.30238566875 0.5593587109375 0.2778095484375 0.6114871171875 0.494030146875 0.715286996875
3 0.495134734375 0.867291271875 0.5163950453124999 0.862081809375 0.49483133749999997 0.7778956046875 0.47357102500000003 0.7831050671875001 0.495134734375 0.867291271875
3 0.5171092890625 0.902270971875 0.5765635765625 0.7713217703125 0.5636720609375 0.7653544234375 0.5042161843749999 0.8963035890625 0.5171092890625 0.902270971875
3 0.3572473421875 0.8461937531249999 0.3996648703125 0.689189784375 0.386041328125 0.685365053125 0.343622190625 0.8423705734375 0.3572473421875 0.8461937531249999
3 0.29123534375000004 0.578526609375 0.2939982734375 0.5593049406249999 0.158396453125 0.5382859953125 0.1556335234375 0.5575076640625001 0.29123534375000004 0.578526609375
3 0.20281310156250001 0.7850771109375 0.21706567968749998 0.77950138125 0.19031326875000001 0.7128527453125 0.1760622609375 0.7184301015625 0.20281310156250001 0.7850771109375
3 0.232045634375 0.8525631312499999 0.2521790171875 0.8098560484374999 0.248193975 0.8079435328125 0.2280590203125 0.8506489921875 0.232045634375 0.8525631312499999
3 0.24404266875 0.89946350625 0.24704439687500002 0.8978072015624999 0.221564675 0.85231615625 0.21856294687500002 0.8539724609375 0.24404266875 0.89946350625
3 0.13810402187499998 0.53474283125 0.13907120312500001 0.532874053125 0.10663931093750001 0.5158159296875 0.10567215156250001 0.5176831203125001 0.13810402187499998 0.53474283125
3 0.126275025 0.4463891453125 0.1287669265625 0.44307584218749996 0.11127737499999998 0.42984454375 0.1087838828125 0.4331578078125 0.126275025 0.4463891453125
3 0.1059241625 0.577237984375 0.1291614 0.57391496875 0.1284772125 0.569492428125 0.1052415640625 0.5728154796875 0.1059241625 0.577237984375
3 0.5161368265624999 0.188125609375 0.541098078125 0.1620108140625 0.532744253125 0.154024309375 0.5077829828125 0.1801406921875 0.5161368265624999 0.188125609375
3 0.814702034375 0.12262562343750001 0.8200069265625001 0.121993146875 0.8140143265625 0.07619951875 0.8087094328125 0.07683199375000001 0.814702034375 0.12262562343750001
3 0.393751325 0.6323758703125 0.447611746875 0.5757343890625 0.4383695625 0.5669411734375001 0.3845075328125 0.6235842046875 0.393751325 0.6323758703125
3 0.675418271875 0.911860671875 0.6767553421875 0.9112486453124999 0.6594523031249999 0.8742195515625 0.6581168234375 0.8748316171875 0.675418271875 0.911860671875
3 0.1511740203125 0.0788506859375 0.15192782656249998 0.0785220421875 0.14501550937500002 0.06300078906249999 0.1442617015625 0.06332943125 0.1511740203125 0.0788506859375
3 0.12739815000000002 0.3271362375 0.127764771875 0.3260808234375 0.1101041578125 0.3197627578125 0.109737553125 0.3208165828125 0.12739815000000002 0.3271362375
0 0.9212456937500001 0.9187603359375001 0.931092821875 0.073015628125 0.1072893203125 0.053853070312499994 0.0974421921875 0.899597778125 0.9212456937500001 0.9187603359375001