2 0.49009115468750003 0.12202812031250002 0.44421628125 0.154852353125 0.4971636421875 0.22913409062499998 0.5430385156249999 0.19630985625 0.49009115468750003 0.12202812031250002
2 0.450906625 0.096627296875 0.368895021875 0.0042924828125 0.3676938703125 0.0042785062499999995 0.3289813734375 0.0387063 0.41152876093749996 0.131643765625 0.450906625 0.096627296875
2 0.37883015000000003 0.134865559375 0.36559319375 0.1721503296875 0.44760478125000003 0.200843515625 0.46084137187499996 0.163560346875 0.37883015000000003 0.134865559375
2 0.39140739999999996 0.35676563125 0.3586043421875 0.4331010578125 0.4477963015625 0.47100001562499993 0.48060095625 0.3946649484375 0.39140739999999996 0.35676563125
2 0.3600710125 0.26368019375 0.351620415625 0.3003291890625 0.3964882046875 0.31042567656250003 0.40493880156250006 0.27377668125 0.3600710125 0.26368019375
2 0.2937563359375 0.41858587031249994 0.2294073890625 0.43686654062499997 0.2674931296875 0.5734874359375 0.3318420796875 0.555206765625 0.2937563359375 0.41858587031249994
2 0.29869371093749997 0.662759940625 0.20366952968750002 0.6665158812499999 0.2057037609375 0.7268051609375 0.30072671406249996 0.723047259375 0.29869371093749997 0.662759940625
2 0.812206875 0.5620040671875 0.7823950921875 0.629812421875 0.8235805296875001 0.64772354375 0.8533923124999999 0.5799151890625 0.812206875 0.5620040671875
2 0.7123104875 0.48076321406250005 0.652099428125 0.61055396875 0.7249711609375 0.6440199125 0.78518381875 0.5142295171875 0.7123104875 0.48076321406250005
2 0.63953345 0.484499596875 0.5875033921874999 0.5576828390624999 0.632457621875 0.5895087359375 0.68448768125 0.5163254921875 0.63953345 0.484499596875
2 0.5941095359374999 0.45516250312500006 0.5233720078124999 0.497009959375 0.5477425265625 0.5384618921875 0.61848005625 0.4966144359375 0.5941095359374999 0.45516250312500006
2 0.66579896875 0.6188896671874999 0.59300514375 0.6247103187499999 0.6045088203125 0.779728 0.67730264375 0.7739073515625 0.66579896875 0.6188896671874999
2 0.4862671890625 0.64816956875 0.46987412968750003 0.7074064109375 0.5315590375 0.7241391375 0.54795013125 0.6649035359375 0.4862671890625 0.64816956875
2 0.5223895656249999 0.775996471875 0.462832721875 0.8737691109375 0.5854451296875001 0.9479938656250001 0.645003571875 0.850221584375 0.5223895656249999 0.775996471875
2 0.7022017468749999 1 0.761013671875 0.95869129375 0.738779471875 0.9269085015625 0.6612553609375 0.9813605390625 0.67429325625 1 0.7022017468749999 1
2 0.7106951953125 0.8089548625 0.6940016828125 0.8483305624999999 0.7259843546875 0.8617327921875001 0.7426778656249999 0.8223570921875 0.7106951953125 0.8089548625
0 0.742898603125 1 0.9906789203124999 0.5456403265625 0.9939583296875 0.3577631375 0.364726853125 0.0172565765625 0.004970473437499999 0.6769487421875 0.6019465046875 1 0.742898603125 1