2 0.175398946875 0.488600890625 0.24134535937499998 0.3279483734375 0.1633910625 0.2963154265625 0.097443178125 0.45696597812500006 0.175398946875 0.488600890625
2 0.336383978125 0.70746849375 0.57262915625 0.40260305 0.34010499843750003 0.2228922640625 0.10385981875000001 0.52775770625 0.336383978125 0.70746849375
2 0.40506574375 0.6904348812500001 0.4370617640625 0.6450265703125 0.3631921125 0.5931719953125001 0.3311960921875 0.6385803046875 0.40506574375 0.6904348812500001
2 0.6237039546875 0.8977315750000001 0.687211246875 0.8215020359375 0.5234943999999999 0.6853436625 0.45998538437500003 0.7615729578125 0.6237039546875 0.8977315750000001
2 0.6855825 0.7211754171875 0.7396301843749999 0.527207325 0.5185890375 0.4667803484375 0.464541353125 0.6607484375 0.6855825 0.7211754171875
2 0.5017406578125 0.3339333078125 0.63364850625 0.2021701640625 0.5687047093750001 0.137130828125 0.4367983296875 0.2688959390625 0.5017406578125 0.3339333078125
2 0.644216128125 0.410728753125 0.689964246875 0.29928520000000003 0.59035398125 0.2588642625 0.5446078375 0.370306334375 0.644216128125 0.410728753125
2 0.685858678125 0.50376536875 0.8175817359374999 0.520095990625 0.8450805156250001 0.30801225468750004 0.7133572078125 0.2916833578125 0.685858678125 0.50376536875
2 0.9107120625 0.2796232078125 0.9217033593749999 0.2143175484375 0.6910130109375 0.17677838125 0.6800199890624999 0.24208379687499998 0.9107120625 0.2796232078125
2 0.3816806484375 0 0.24953361875 0.236039990625 0.39823985781250004 0.3187297375 0.5599673843749999 0.029853290625 0.5062803078125 0 0.3816806484375 0
2 0.22423470625 0 0.151668703125 0.24202240000000003 0.264623178125 0.2753028375 0.3471662109375 0 0.22423470625 0
0 0.1958303203125 0 0 0.4383373546875 0 0.6417363859375 0.6921726875 0.9478527109374999 1 0.2588280859375 1 0.2130602859375 0.5182441875 0 0.1958303203125 0