2 0.557128328125 0.8781184937500001 0.5994769484375 0.8388491218749999 0.5336708890625 0.76801116875 0.49132226562500003 0.8072805390625 0.557128328125 0.8781184937500001
2 0.7005103859374999 0.9866731546875 0.7358273796875 0.9458788015625 0.63668449375 0.8591249484375 0.6013659390625 0.8999174140624999 0.7005103859374999 0.9866731546875
2 0.6699144953125 0.852027753125 0.6779362515625 0.8118926468750001 0.5890418296875 0.7916096171875 0.5810202140625 0.8317430234375 0.6699144953125 0.852027753125
2 0.6234558125 0.62367084375 0.645758925 0.5408439390625001 0.548071296875 0.5118530703124999 0.525766484375 0.5946797859374999 0.6234558125 0.62367084375
2 0.6698162562500001 0.716467690625 0.67299864375 0.6775414828125 0.6252106875 0.6722456140624999 0.6220282984375001 0.7111718234375 0.6698162562500001 0.716467690625
2 0.714815803125 0.5484179734375 0.77840841875 0.522085465625 0.71851803125 0.384978809375 0.6549254171875 0.41131131718749997 0.714815803125 0.5484179734375
2 0.672873084375 0.29611508125 0.770287728125 0.2812966796875 0.7590910984375 0.21909405468749998 0.6616780203125 0.23391434375000003 0.672873084375 0.29611508125
2 0.1585849375 0.4595184375 0.1790906203125 0.38586633593749997 0.13392020625 0.37205399687499996 0.11341452187500001 0.44570610000000005 0.1585849375 0.4595184375
2 0.2738514609375 0.532163784375 0.3163478796875 0.3908254703125 0.2361574375 0.364548525 0.19365931875 0.50588665 0.2738514609375 0.532163784375
2 0.34832953906249997 0.5199242734375 0.3909337734375 0.43815053906249996 0.3397772 0.410361271875 0.297172965625 0.4921350109375 0.34832953906249997 0.5199242734375
2 0.39959479375 0.545082078125 0.4662180203125 0.4936086640625 0.4348329640625 0.4534831921875 0.3682097359375 0.504956603125 0.39959479375 0.545082078125
2 0.300963928125 0.3837684609375 0.3751447515625 0.36936851718749997 0.3398872 0.21015265 0.26570637656249996 0.2245525953125 0.300963928125 0.3837684609375
2 0.48166401875 0.33279784375 0.4896270109375 0.26956582500000004 0.4234969921875 0.2593314875 0.41553584062500004 0.32256199531249996 0.48166401875 0.33279784375
2 0.42512532812500003 0.204572590625 0.47177946718749997 0.0964680125 0.33414885625 0.0337012109375 0.287493015625 0.14180560312499998 0.42512532812500003 0.204572590625
2 0.1792247609375 0.0731724734375 0.24397563125000002 0.014209962500000001 0.186585640625 0.0108673765625 0.15150181093749998 0.0428148296875 0.1792247609375 0.0731724734375
2 0.22598508437499998 0.19209726875 0.23725539687500002 0.1493992265625 0.20225465312500002 0.1391979640625 0.1909843390625 0.181896009375 0.22598508437499998 0.19209726875
0 0 0.6911356171875 0.7022067109375 0.9722035609375 0.9735960859375 0.24763995312499998 0.4153407546875 0.02419084375 0.159695078125 0.0093011796875 0 0.43566015625 0 0.6911356171875