2 0.23827752812499997 0.638196625 0.1787196734375 0.4931073203125 0.1083158703125 0.5216776015625 0.167875053125 0.6667651296875 0.23827752812499997 0.638196625
2 0.53746820625 0.5707741203125 0.3241092796875 0.29544251718750003 0.1141108984375 0.457743821875 0.3274698265625 0.7330754234375 0.53746820625 0.5707741203125
2 0.41503390625 0.351835378125 0.38613749999999997 0.31082599843750003 0.3194239703125 0.3576571625 0.3483203765625 0.39866654218750003 0.41503390625 0.351835378125
2 0.6409501578125 0.1924559734375 0.583595134375 0.123611171875 0.43573680000000004 0.246579421875 0.4930933796875 0.3154240046875 0.6409501578125 0.1924559734375
2 0.6882910109375 0.458240884375 0.6394791953125 0.2830634515625 0.439851409375 0.3376365671875 0.488663225 0.5128139984375 0.6882910109375 0.458240884375
2 0.5925763078124999 0.7517900703125 0.47344703125 0.6327914812500001 0.41479599218749996 0.6915283546875 0.533923940625 0.8105287203125 0.5925763078124999 0.7517900703125
2 0.6434364609375 0.6640830531249999 0.602120190625 0.5634355953125 0.5121614531249999 0.5999420921875 0.5534759390625 0.7005882125 0.6434364609375 0.6640830531249999
2 0.7586910046875001 0.46466330781250004 0.63972861875 0.4794119015625 0.664563228125 0.6709484671875 0.7835258406250001 0.6562014328125 0.7586910046875001 0.46466330781250004
2 0.8527258468750001 0.7408194640625 0.84279933125 0.6818402906250001 0.634455553125 0.7157430703125 0.644383625 0.774722025 0.8527258468750001 0.7408194640625
2 0.52603304375 0.9074137468749999 0.379972871875 0.64652220625 0.24567255000000002 0.7212013828125 0.391732721875 0.9820929218750001 0.52603304375 0.9074137468749999
2 0.289179609375 1 0.34830034374999996 0.9825807734374999 0.2593003078125 0.685742125 0.157288296875 0.7157985203125 0.242500928125 1 0.289179609375 1
0 0.3399654921875 1 0.9388571656250001 0.7351354609375 0.6454309578124999 0.0783455203125 0 0.3637901171875 0 0.49303503437499996 0.2264901921875 1 0.3399654921875 1