4 0.6544875 0.20479843749999999 0.49364687500000004 0.1009828125 0.2145296875 0.5334171875 0.375371875 0.6372328125 0.6544875 0.20479843749999999
4 0.7824390625000001 0.28581406249999997 0.47329687500000006 0.22398437499999999 0.44313906249999996 0.37478125 0.7522796875 0.436609375 0.7824390625000001 0.28581406249999997
4 0.917953125 0.285075 0.8762515625 0.1706359375 0.6393984374999999 0.256946875 0.6811015625 0.37138593750000004 0.917953125 0.285075
4 0.8838609375 0.37065625 0.80383125 0.33299375000000003 0.7008171875 0.551896875 0.7808484375 0.589559375 0.8838609375 0.37065625
4 0.6675093750000001 0.45981562499999995 0.61351875 0.3986265625 0.46788125 0.5271312499999999 0.521871875 0.5883203124999999 0.6675093750000001 0.45981562499999995
4 0.5422828125 0.5846875 0.2655921875 0.5566171875 0.2493484375 0.7167296875 0.5260390625 0.7448 0.5422828125 0.5846875
4 0.7237765625 0.530525 0.6694140625 0.49355937499999997 0.6108609375 0.5796671875 0.6652234375 0.6166328125 0.7237765625 0.530525
4 0.7533578125 0.650090625 0.5666187500000001 0.6234140625 0.5486500000000001 0.7492 0.7353875000000001 0.7758765624999999 0.7533578125 0.650090625
0 0.2651484375 0 0.0567109375 0.721321875 0.7445421875 0.9200828124999999 0.9574875 0.183165625 0.323621875 0 0.2651484375 0
2 0.9890625 0.459375 0.021875 0.0984375
2 0.9359375 0.7421875 0.128125 0.1796875