2 0.0350416671875 0.4084791671875 0.076934028125 0.576043403125 0.1584513890625 0.55566493125 0.1165607640625 0.3880989578125 0.0350416671875 0.4084791671875
2 0.05160069375 0.3395625 0.240762153125 0.6729600687499999 0.49624305625 0.52800694375 0.307081596875 0.194609375 0.05160069375 0.3395625
2 0.2920104171875 0.26181944375 0.317034721875 0.311034721875 0.397440971875 0.27014930625 0.3724166671875 0.220934028125 0.2920104171875 0.26181944375
2 0.436902778125 0.1584045140625 0.488581596875 0.24238368124999998 0.66985243125 0.13083159687499998 0.618175346875 0.04685243125 0.436902778125 0.1584045140625
2 0.42683680625 0.25845833281249997 0.45217013906250003 0.45722569375 0.6790868062500001 0.42830381875 0.653753471875 0.2295364578125 0.42683680625 0.25845833281249997
2 0.34285243125 0.6410104171875 0.45402430625 0.78924131875 0.52752430625 0.73411631875 0.41635069375 0.5858871531250001 0.34285243125 0.6410104171875
2 0.463918403125 0.5559670140625 0.49297743125000004 0.6722048609375 0.597140625 0.64616493125 0.5680798609375 0.529925346875 0.463918403125 0.5559670140625
2 0.61913368125 0.65690625 0.751515625 0.659078125 0.7550052078125 0.44613020781249996 0.6226232640625 0.44396006874999994 0.61913368125 0.65690625
2 0.5790625 0.701190971875 0.580480903125 0.767112846875 0.81361631875 0.7620989578125 0.812199653125 0.6961770828125 0.5790625 0.701190971875
2 0.15325868125 0.64743055625 0.2711736109375 0.9547239578125 0.4299045140625 0.8938142359375 0.3119895828125 0.5865208328125 0.15325868125 0.64743055625
2 0.0575208328125 0.6279548609375001 0.1073229171875 0.9657326390625001 0.22362500000000002 0.9485850687499999 0.173824653125 0.6108072921875001 0.0575208328125 0.6279548609375001
0 0 0.6389339374999999 0.1014635421875 0.9975243062500001 0.90866493125 0.7691232640625 0.693 0.006927082812500001 0 0.20301213125 0 0.6389339374999999