2 0.7906839625 0.52462893125 0.7503632078125 0.5604701265625 0.8086446546875001 0.6260361640625 0.848965409375 0.59019496875 0.7906839625 0.52462893125
2 0.8644622640625 0.63233805 0.82345911875 0.6616273578125 0.8929496859375 0.758913521875 0.933954403125 0.7296257859375 0.8644622640625 0.63233805
2 0.8040031453125 0.6086022015625 0.76637893125 0.612943396875 0.775946540625 0.695867925 0.8135723265625 0.6915267296875001 0.8040031453125 0.6086022015625
2 0.592193396875 0.5402547171875 0.5139606921875 0.554479559375 0.53062106875 0.646108490625 0.6088537734374999 0.6318852203125 0.592193396875 0.5402547171875
2 0.6892515718750001 0.63712893125 0.6532264156250001 0.63712893125 0.6532264156250001 0.6812877359375 0.6892515718750001 0.6812877359375 0.6892515718750001 0.63712893125
2 0.4108867921875 0.64480503125 0.3802720125 0.7010691828125 0.4999339625 0.7661792453125 0.5305487421875 0.7099150937500001 0.4108867921875 0.64480503125
2 0.24749842812499998 0.637707546875 0.2240047171875 0.72580503125 0.2799166671875 0.740715409375 0.3034088046875 0.6526163515625 0.24749842812499998 0.637707546875
2 0.4974716984375 0.1514858484375 0.427836478125 0.16475 0.435913521875 0.20714937031249997 0.5055487421875 0.1938852203125 0.4974716984375 0.1514858484375
2 0.54451100625 0.22947641562499999 0.41056132031250003 0.25781289375 0.42651100625 0.333215409375 0.5604606921874999 0.30488050312500004 0.54451100625 0.22947641562499999
2 0.5213773578125 0.32324056562500003 0.4420471703125 0.3561336484375 0.46233490625 0.4050613203125 0.54166509375 0.37216823906249996 0.5213773578125 0.32324056562500003
2 0.5259166671875 0.3892531453125 0.471935534375 0.44641037812500006 0.5055471703125 0.47815566093750006 0.5595283015625 0.420998428125 0.5259166671875 0.3892531453125
2 0.2791588046875 0.274391509375 0.25841195 0.3412452828125 0.4008553453125 0.3854528296875 0.42160220156249995 0.31859905624999996 0.2791588046875 0.274391509375
2 0.35382075468749996 0.41893710625 0.2950188671875 0.4214937109375 0.2976839625 0.4828191828125 0.356487421875 0.48026100625 0.35382075468749996 0.41893710625
2 0.20105188749999997 0.2881477984375 0.097160378125 0.3227798734375 0.14073899375 0.4535157234375 0.244630503125 0.41888522031250003 0.20105188749999997 0.2881477984375
2 0.12408333281249999 0.1562012578125 0.056894654687500004 0.21699056562500002 0.08192138437499999 0.24464937031249998 0.149108490625 0.1838616359375 0.12408333281249999 0.1562012578125
2 0.24763050312499998 0.202770440625 0.2073239 0.20989465468750002 0.21312264218750002 0.24271069218750002 0.2534292453125 0.23558647812500003 0.24763050312499998 0.202770440625
0 0.666771225 0 0.019880503125 0.1815833328125 0.2283836484375 0.9243773578125 0.9205110062499999 0.7300959125 0.7155718578125 0 0.666771225 0