2 0.1117025671875 0.4482566859375 0.0960762828125 0.6150416296875 0.17695011562500002 0.61887263125 0.19257448906250002 0.45208637031250004 0.1117025671875 0.4482566859375
2 0.2541499203125 0.32527078593750003 0.12194018437500001 0.6772188203125 0.3872098671875 0.7660786749999999 0.5194196 0.414130640625 0.2541499203125 0.32527078593750003
2 0.37976221718750003 0.6538335625 0.363016446875 0.7052364359375 0.445813734375 0.7287148015625 0.46255950781250005 0.677311928125 0.37976221718750003 0.6538335625
2 0.5537041359375 0.6863153921875 0.516549540625 0.775733025 0.706035315625 0.8470311718750001 0.74318825 0.75761386875 0.5537041359375 0.6863153921875
2 0.487611190625 0.48959365000000005 0.49235513124999997 0.6828088375 0.7134248171875 0.66711440625 0.7086808765625 0.4738992171875 0.487611190625 0.48959365000000005
2 0.441018909375 0.17453892499999998 0.35636824843750003 0.33615995625 0.43463781093750004 0.3744460625 0.5192903828125 0.21282634531250003 0.441018909375 0.17453892499999998
2 0.49529364375 0.2780723890625 0.48445510468749997 0.39376939218749996 0.587792184375 0.39866518281249996 0.598632128125 0.28296620156249996 0.49529364375 0.2780723890625
2 0.7442821125 0.2413992109375 0.618085484375 0.268606896875 0.65243993125 0.4697859484375 0.7786368125 0.44257990625000004 0.7442821125 0.2413992109375
2 0.5650926765625 0.1714900875 0.573339903125 0.234243890625 0.7968716578125 0.19470643906250001 0.788622771875 0.13195296875 0.5650926765625 0.1714900875
2 0.24216898750000002 0.052422262500000004 0.1742446234375 0.3660923921875 0.3348110765625 0.39367127343749997 0.402735440625 0.08000114375 0.24216898750000002 0.052422262500000004
2 0.0839787328125 0.07311493125 0.08558815625 0.4027401734375 0.19923369375 0.3968989265625 0.1976226109375 0.0672740140625 0.0839787328125 0.07311493125
0 0.02848229375 0.8114267265624999 0.783358603125 0.8706598859374999 0.8784343343750001 0.10723822812499999 0.15065748750000002 0.05012929687499999 0.0710250578125 0.065959140625 0.0006997718749999999 0.6306479609375 0.02848229375 0.8114267265624999