2 0.8496422828125001 0.4732246296875 0.7667293468749999 0.629994215625 0.8393888875 0.662948146875 0.9223030359375001 0.50618053125 0.8496422828125001 0.4732246296875
2 0.7171613890625 0.25389466875 0.451106553125 0.5488436734375 0.6580701484375 0.7312352421874999 0.9241249828125 0.43628623749999995 0.7171613890625 0.25389466875
2 0.6480062171875 0.2691018328125 0.6115016078125 0.31310633125 0.6778503 0.3658898265625 0.7143549109375 0.3218853328125 0.6480062171875 0.2691018328125
2 0.45778686718749995 0.0598498609375 0.3869211828125 0.1334981328125 0.5315396328124999 0.2714019578125 0.6024069765625 0.197753965625 0.45778686718749995 0.0598498609375
2 0.3770345328125 0.23238170625 0.3019523484375 0.42224814374999997 0.5113293421875 0.48685268906249995 0.5864115265625001 0.2969862515625 0.3770345328125 0.23238170625
2 0.5126139859375 0.6181258515625 0.3684627359375 0.7449196312499999 0.42456862968750003 0.8104886406249999 0.5687186640624999 0.6836928890625 0.5126139859375 0.6181258515625
2 0.3819875875 0.53919614375 0.3244699421875 0.6479461 0.4173145171875 0.6900549921875 0.47483006093749996 0.5813064515625 0.3819875875 0.53919614375
2 0.35188600625 0.44657735625 0.22486198281249997 0.42746684999999995 0.1736852734375 0.635790478125 0.300709740625 0.654899290625 0.35188600625 0.44657735625
2 0.106215378125 0.6622554734375 0.087987309375 0.726345425 0.3094252296875 0.768621178125 0.3276549578125 0.7045315015625 0.106215378125 0.6622554734375
2 0.5577517296875001 1 0.7481999312500001 0.720358628125 0.6121511296875 0.635478703125 0.42084242187500004 0.916383584375 0.554866025 1 0.5577517296875001 1
2 0.7265605078124999 1 0.8446466062500001 0.71670886875 0.7379274546875 0.681329084375 0.605095528125 1 0.7265605078124999 1
0 1 0.307194590625 0.3965246859375 0.008898084375 0 0.709802321875 0 0.7202379421875 0.56597419375 1 0.7477988359375 1 1 0.554203853125 1 0.307194590625