2 0.3897879796875 0.182692321875 0.551656615625 0.11664580468750001 0.521370740625 0.0385717 0.3595040484375 0.10461969062500001 0.3897879796875 0.182692321875
2 0.4586858421875 0.514478996875 0.7677997046875 0.27787520312499997 0.5920786796875 0.04499808125 0.2829648171875 0.2816018765625 0.4586858421875 0.514478996875
2 0.70357425 0.3787058171875 0.749559596875 0.3466612265625 0.6989746046875001 0.27267944375000003 0.6529892578125 0.3047240328125 0.70357425 0.3787058171875
2 0.875750796875 0.6292350203125 0.9531201046875 0.565631325 0.819766803125 0.401664234375 0.74239770625 0.46526965625 0.875750796875 0.6292350203125
2 0.580422846875 0.681733528125 0.7754125281250001 0.627603803125 0.7188224078125 0.4062271203125 0.523832725 0.460356846875 0.580422846875 0.681733528125
2 0.2571070015625 0.5755909734375 0.3912268859375 0.4434828921875 0.3272978984375 0.378441984375 0.19317606874999999 0.5105485937500001 0.2571070015625 0.5755909734375
2 0.3532771640625 0.6319922 0.46556435625 0.5861746343750001 0.4268656734375 0.48641514218750004 0.31457999999999997 0.5322307265624999 0.3532771640625 0.6319922
2 0.5719470640625001 0.75980340625 0.5579107671875 0.6278803984375 0.34526366875000003 0.6554206687499999 0.359298234375 0.7873439296875 0.5719470640625001 0.75980340625
2 0.26422768125 0.8640830828125001 0.32975142812499997 0.853075103125 0.2962266 0.622032846875 0.2307030640625 0.633042553125 0.26422768125 0.8640830828125001
2 0.0860082765625 0.5017980046875 0.3778251265625 0.33982498125 0.2976998421875 0.190893009375 0.0058829921875 0.3528660328125 0.0860082765625 0.5017980046875
2 0 0.2823712828125 0.0061826171875 0.3047018171875 0.336714803125 0.20600547656249998 0.3053940796875 0.09287953437499999 0 0.1840713359375 0 0.2823712828125
0 0.3714486796875 0 0 0.16484694375 0 0.32598189375 0.2688580359375 0.9595981734375 1 0.6351205671875 1 0.6293366640625 0.73296015 0 0.3714486796875 0