2 0.11517584375 0.45883070000000004 0.080163328125 0.5077638984374999 0.1593971796875 0.5642410828125 0.194409696875 0.5153078843750001 0.11517584375 0.45883070000000004
2 0 0.41883117968750005 0.0530691171875 0.46596706718750003 0.0904200171875 0.4239640109375 0 0.34365263125 0 0.41883117968750005
2 0.13362701875 0.3749660734375 0.093856596875 0.38908549375 0.12446437031249999 0.47656412968749995 0.1642330828125 0.46244509999999994 0.13362701875 0.3749660734375
2 0.4119744609375 0.3675112984375 0.33055000625000003 0.4025012265625 0.3709759453125 0.4976410203125 0.45240001718749995 0.4626493890625 0.4119744609375 0.3675112984375
2 0.27035113437499997 0.3600617765625 0.23125887343749998 0.369075746875 0.242028459375 0.41693472187499997 0.281120721875 0.40792075156249996 0.27035113437499997 0.3600617765625
2 0.41599097656249995 0.229701215625 0.3964915953125 0.2983400921875 0.5422205499999999 0.338964884375 0.5617199312500001 0.2703260046875 0.41599097656249995 0.229701215625
2 0.6609502734375 0.2022474984375 0.6569439359375 0.303606625 0.721250409375 0.3057751609375 0.7252588390625 0.2044173453125 0.6609502734375 0.2022474984375
2 0.6217999171875 0.819554765625 0.5494710046875 0.851354 0.5685762015625 0.8952851328125 0.6409051140625001 0.8634858984375 0.6217999171875 0.819554765625
2 0.6012575671875 0.6805727234375001 0.46281409531250006 0.744797853125 0.498511484375 0.8225294062499999 0.6369545734375001 0.758302571875 0.6012575671875 0.6805727234375001
2 0.5448616953125 0.6116702843749999 0.4667995703125 0.6671690140625001 0.5007471921875 0.71512019375 0.5788093187500001 0.6596214640625 0.5448616953125 0.6116702843749999
2 0.48014395624999995 0.543263475 0.4355066703125 0.6187168390625 0.479722065625 0.644712059375 0.5243593515625 0.5692586953125 0.48014395624999995 0.543263475
2 0.6163576734375 0.6175388203125001 0.610148978125 0.6951855671875 0.775501175 0.707456153125 0.7817098671875 0.6298094078124999 0.6163576734375 0.6175388203125001
2 0.7045668390625 0.48619907187500006 0.6413808734375 0.5036850015625001 0.6592304390625 0.569480140625 0.7224150796875 0.55199630625 0.7045668390625 0.48619907187500006
2 0.8820203843750001 0.47868823593750004 0.7777295703125 0.5422155359375 0.8569030234375001 0.673003809375 0.96119345625 0.6094748046875 0.8820203843750001 0.47868823593750004
2 1 0.692588171875 0.9967845750000001 0.6903390515625001 0.9387024015625001 0.7730314359375 0.972604046875 0.7967479171875 1 0.7577438203125 1 0.692588171875
2 0.8548859328124999 0.7252684609375 0.8128851859375 0.743074875 0.8271808984375 0.7771897234375 0.8691816453125 0.7593833109375 0.8548859328124999 0.7252684609375
0 0.654294953125 0 0 0.35681306562500004 0 0.4324235265625 0.30714215624999996 1 0.60852680625 1 1 0.7865141703125 1 0.5962774421875 0.6773267796875 0 0.654294953125 0