2 0.5774316671874999 0.7770516671875 0.53944 0.8197916671875 0.60894 0.88157 0.6469316671875001 0.83883 0.5774316671874999 0.7770516671875
2 0.6846583328125 0.8545333328125 0.6536116671875 0.8979966671874999 0.7567366671875 0.9716583328124999 0.7877816671875 0.9281933328124999 0.6846583328125 0.8545333328125
2 0.6330533328125 0.7940283328125 0.6284516671875 0.83391 0.7163516671875 0.8440533328125 0.7209533328125 0.80417 0.6330533328125 0.7940283328125
2 0.5710816671875001 0.526465 0.5560033328125 0.6093916671875 0.6531316671875 0.6270516671874999 0.6682083328124999 0.544125 0.5710816671875001 0.526465
2 0.65869 0.6740866671875 0.65869 0.7122733328125 0.7054983328125 0.7122733328125 0.7054983328125 0.6740866671875 0.65869 0.6740866671875
2 0.7264666671875 0.384755 0.6668266671875 0.4172066671875 0.7358433328125 0.5440483328125 0.7954833328124999 0.5115966671875001 0.7264666671875 0.384755
2 0.7526866671875 0.21911166718750003 0.6593033328125 0.244015 0.6751066671875 0.30328 0.7684916671875001 0.2783783328125 0.7526866671875 0.21911166718750003
2 0.1579683328125 0.43517333281250004 0.14390833281249998 0.5089866671875 0.1888516671875 0.5175483328125 0.20291166718750003 0.44373500000000005 0.1579683328125 0.43517333281250004
2 0.256615 0.4168616671875 0.2265783328125 0.5588483328125 0.30650666718749997 0.575755 0.3365416671875 0.43376833281250005 0.256615 0.4168616671875
2 0.360835 0.45023666718750005 0.3259683328125 0.5343266671875 0.3778316671875 0.5558316671875 0.4126983328125 0.4717416671875 0.360835 0.45023666718750005
2 0.4565283328125 0.48191833281249996 0.3959416671875 0.5391383328125 0.4295916671875 0.5747666671875 0.4901783328125 0.5175466671875 0.4565283328125 0.48191833281249996
2 0.3450533328125 0.2555833328125 0.2741883328125 0.277575 0.3210483328125 0.42856500000000003 0.3919133328125 0.40657333281249997 0.3450533328125 0.2555833328125
2 0.4301166671875 0.2943866671875 0.4274066671875 0.3567166671875 0.49241 0.3595433328125 0.49512166718749995 0.2972116671875 0.4301166671875 0.2943866671875
2 0.32548 0.0846566671875 0.28877 0.1947816671875 0.4273516671875 0.240975 0.46406000000000003 0.13085 0.32548 0.0846566671875
2 0.2133433328125 0.041975 0.1489066671875 0.113195 0.1782266671875 0.1397216671875 0.2426616671875 0.0685033328125 0.2133433328125 0.041975
2 0.2058216671875 0.20143 0.19827 0.24415499999999998 0.233055 0.2503016671875 0.2406066671875 0.20757666718749998 0.2058216671875 0.20143
0 0 0.744851196875 0.757235 0.9574083328125 0.9631733328125 0.2237533328125 0.17581166718750002 0.0027400000000000002 0 0.62906915625 0 0.744851196875