4 0.5525762984375 0.80795616875 0.6604366890625 0.640847403125 0.2111542203125 0.3508571421875 0.10329383125 0.5179642859375 0.5525762984375 0.80795616875
4 0.387759740625 0.570439934375 0.451996753125 0.24925487031250002 0.29532629843749997 0.2179204546875 0.2310876625 0.5391071421875 0.387759740625 0.570439934375
4 0.26533441562500004 0.366534090625 0.3842321421875 0.32320616874999997 0.2945584421875 0.0771266234375 0.1756607140625 0.12045292187500001 0.26533441562500004 0.366534090625
4 0.5717759734375 0.302722403125 0.61090584375 0.2195730515625 0.38347402656249996 0.112547078125 0.34434415625 0.1956948046875 0.5717759734375 0.302722403125
4 0.5460454546875 0.544733765625 0.60961850625 0.4886396109375 0.4761071421875 0.337327921875 0.412534090625 0.393422078125 0.5460454546875 0.544733765625
4 0.74303084375 0.77178084375 0.7721948046875 0.484310065625 0.60584415625 0.4674334421875 0.5766801953125 0.7549042203125 0.74303084375 0.77178084375
4 0.600628246875 0.3961834421875 0.6390340906249999 0.339702921875 0.5495714281249999 0.27886850625 0.511165584375 0.3353490265625 0.600628246875 0.3961834421875
4 0.7767662343749999 0.46081818124999996 0.8044821421874999 0.2668051953125 0.6737954546875 0.248134740625 0.6460795453125 0.44214935000000005 0.7767662343749999 0.46081818124999996
0 0 0.7558343609375 0.7478019484375 0.9719237015625 0.9543068187499999 0.25729383125 0.18867857187499998 0.036051948437499995 0 0.6889957546875001 0 0.7558343609375
2 0.47421875 0.0078125 0.1015625 0.015625
2 0.76875 0.0625 0.1875 0.125