2 0.6610479078125 0.7099575078125 0.515936953125 0.7813496875 0.549412340625 0.8514100109375 0.694521396875 0.7800165984375 0.6610479078125 0.7099575078125
2 0.57411099375 0.4083588390625 0.304725521875 0.6466027171875 0.48355721875 0.8500547171875 0.7529426890625001 0.6118108390625 0.57411099375 0.4083588390625
2 0.35708257187500003 0.5494387703125 0.31678684375 0.581971946875 0.368752925 0.6469445968749999 0.40904865468749996 0.6144114187499999 0.35708257187500003 0.5494387703125
2 0.1802949484375 0.3294745109375 0.11317598124999999 0.3931487609375 0.247997390625 0.5357751046875 0.31511603906249996 0.472099275 0.1802949484375 0.3294745109375
2 0.449804865625 0.26194879531250004 0.2732230828125 0.3244903484375 0.3410529765625 0.525038034375 0.51763475625 0.46249648125 0.449804865625 0.26194879531250004
2 0.7562994734374999 0.3389504375 0.641476859375 0.46948613281249996 0.7051609546875001 0.525348378125 0.8199854671875 0.394813915625 0.7562994734374999 0.3389504375
2 0.6633961937499999 0.29314284062499996 0.5627338015625 0.342668534375 0.6055078359375 0.43218833593749995 0.706168965625 0.382664565625 0.6633961937499999 0.29314284062499996
2 0.4521847484375 0.1893856578125 0.4743953546875 0.3101693828125 0.6691701515624999 0.2710131796875 0.6469611265624999 0.150229109375 0.4521847484375 0.1893856578125
2 0.7295352359375 0.0732934109375 0.66969493125 0.0876850609375 0.7168651890625 0.29864031875 0.776705175 0.284247090625 0.7295352359375 0.0732934109375
2 1 0.52148925 0.9197289281250001 0.39595530156250003 0.6611236140625001 0.5642379546875 0.7456569234375 0.6964375078125 1 0.530928428125 1 0.52148925
2 1 0.575369271875 0.7085106515625 0.6850202140625 0.7453948578125 0.787346934375 1 0.6915694515624999 1 0.575369271875
0 0.691199978125 0 0.06310505 0.3330596671875 0.3969880234375 0.9792513156249999 0.5110439 0.9726083171875001 1 0.7133302546875 1 0.530153428125 0.7260711843750001 0 0.691199978125 0