2 0.5185573031249999 0.7767419249999999 0.35898511875 0.698235059375 0.3221757828125 0.775275984375 0.4817458796875 0.8537842046874999 0.5185573031249999 0.7767419249999999
2 0.7508172953125001 0.6285665625 0.45458584843749994 0.36658016718750003 0.2579324375 0.5903074515625 0.5541638828125001 0.8522938468750001 0.7508172953125001 0.6285665625
2 0.7375539859375 0.5574949250000001 0.6932425328125 0.5217196093750001 0.6360977 0.5931671953125 0.6804091546875 0.6289425125 0.7375539859375 0.5574949250000001
2 0.961455965625 0.3498543078125 0.8876481671875001 0.2798345140625 0.7393912968749999 0.43667274218749996 0.8131987453124999 0.5066942734375 0.961455965625 0.3498543078125
2 0.7854591531249999 0.2743536484375 0.5912798734375 0.20557943125000003 0.5166903031250001 0.42611296875000004 0.7108695796875 0.49488718593750003 0.7854591531249999 0.2743536484375
2 0.380506546875 0.43379918437500004 0.254241128125 0.2902547765625 0.1842084203125 0.35168540625 0.3104759265625 0.4952284578125 0.380506546875 0.43379918437500004
2 0.46709685 0.29434340625 0.35640281093750004 0.2398821609375 0.3093674609375 0.3383252953125 0.42006011093750006 0.392784425 0.46709685 0.29434340625
2 0.5642387859375 0.25860550625 0.5886628203125001 0.125784915625 0.37447573749999996 0.08272616875 0.3500534421875 0.21554713906249998 0.5642387859375 0.25860550625
2 0.283252965625 0 0.23180186875 0.23009989375 0.297605290625 0.2459274984375 0.3494763640625 0.0139492078125 0.291475728125 0 0.283252965625 0
2 0 0.510309359375 0.2659442765625 0.68336770625 0.3589018671875 0.5379936265625 0.07452489062499999 0.3529405375 0 0.46948817343749993 0 0.510309359375
2 0 0.6831853828125001 0.266232459375 0.783336834375 0.3067924109375 0.6708126062499999 0 0.5554050375 0 0.6831853828125001
0 0.24486765312499997 0 0 0.4739093453125 0 0.7092328390625 0.5239379796875 0.9870606921875 0.6493602484375 0.9943657078125 1 0.315743265625 1 0.2750186046875 0.481360825 0 0.24486765312499997 0