3 0.33331740625 0.42495904375000004 0.4187662109375 0.5246501703125 0.6188771328125 0.3531279859375 0.533426621875 0.253436859375 0.33331740625 0.42495904375000004
3 0.365571671875 0.3940392484375 0.3759505125 0.39536859999999996 0.382071671875 0.3475580203125 0.3716945390625 0.346230375 0.365571671875 0.3940392484375
3 0.322209896875 0.43206314062500006 0.3344914671875 0.49523037499999994 0.3473941984375 0.49272184374999994 0.335112628125 0.4295546078125 0.322209896875 0.43206314062500006
3 0.2630119453125 0.5070085328125 0.31300511875 0.6890716718750001 0.46831399375 0.646426621875 0.41832081875 0.464361775 0.2630119453125 0.5070085328125
3 0.37223208125 0.6498088734375 0.3891808875 0.720027303125 0.40177815624999996 0.7169863484375 0.3848293515625 0.64676791875 0.37223208125 0.6498088734375
3 0.3930102390625 0.6430529015625 0.39384812343750003 0.6538054609375 0.48272184375 0.6468788390625 0.481883959375 0.6361262796875 0.3930102390625 0.6430529015625
3 0.469339590625 0.476796928125 0.532322525 0.574769625 0.727790103125 0.449110921875 0.6648071671875 0.351138225 0.469339590625 0.476796928125
3 0.5788651875 0.5602986343749999 0.6118805453125 0.595935153125 0.6738310578125 0.5385392484375 0.6408157 0.5029044375 0.5788651875 0.5602986343749999
3 0.47365699687499996 0.566431740625 0.508023890625 0.68177133125 0.5396689421875001 0.6723430031250001 0.5053003406250001 0.55700170625 0.47365699687499996 0.566431740625
3 0.4725358359375 0.528025596875 0.50213310625 0.536841296875 0.527230375 0.45258703125000005 0.49763310625 0.44377133124999996 0.4725358359375 0.528025596875
3 0.4765153578125 0.5610375421875 0.6668566546875 0.7010784984375 0.700616040625 0.6551945390625 0.5102747437499999 0.5151535843749999 0.4765153578125 0.5610375421875
0 0.1446245734375 0.5146262796875 0.49943515312500003 0.8725358359375001 0.8389505125 0.5359573375 0.48413993125 0.1780494875 0.1446245734375 0.5146262796875