3 0.49289936093750003 0.6111869015625 0.586220446875 0.6911757187500001 0.746782746875 0.503853034375 0.6534616609375 0.42386262031250005 0.49289936093750003 0.6111869015625
3 0.613920128125 0.6512667734375001 0.6151645375 0.660982428125 0.6599185296875001 0.6552507984375 0.65867571875 0.645536740625 0.613920128125 0.6512667734375001
3 0.520439296875 0.6900766765624999 0.5795702875 0.7015734828125 0.5819185296875 0.6894952078125 0.522787540625 0.6779984031249999 0.520439296875 0.6900766765624999
3 0.338984025 0.7101900953125 0.5094137375 0.7569888171875 0.5493354625 0.611603834375 0.37890415312500003 0.5648051125 0.338984025 0.7101900953125
3 0.3100063890625 0.6388817890625 0.37573801875 0.654747603125 0.3785846640625 0.642955271875 0.312853034375 0.62708945625 0.3100063890625 0.6388817890625
3 0.3719968046875 0.6345127796875001 0.38206229999999997 0.635297125 0.3885463265625 0.5521022359375001 0.37848083125 0.551317890625 0.3719968046875 0.6345127796875001
3 0.44598242812500005 0.50488658125 0.5376948875 0.5638450484375 0.65532428125 0.3808674125 0.5636118203125 0.3219089453125 0.44598242812500005 0.50488658125
3 0.42616932968750004 0.430412140625 0.45952875468750004 0.461317890625 0.513255590625 0.403325878125 0.4798977640625 0.372420128125 0.42616932968750004 0.430412140625
3 0.345817890625 0.5276325875000001 0.45378754062500004 0.5598035140625 0.46261501562499996 0.530182109375 0.3546437703125 0.498009584375 0.345817890625 0.5276325875000001
3 0.48148722031249996 0.5331469656250001 0.48973961718750003 0.560853034375 0.5686102234375 0.537359425 0.560357828125 0.5096533546875001 0.48148722031249996 0.5331469656250001
3 0.327744409375 0.37894888125000004 0.4588370609375 0.5571277953125 0.5017891375 0.525525559375 0.37069648593750004 0.3473466453125 0.327744409375 0.37894888125000004
0 0.16724281093749999 0.5356725234375 0.502282746875 0.8678115015625 0.8173530343750001 0.5499904156250001 0.48231469687499995 0.21785143749999997 0.16724281093749999 0.5356725234375