2 0.7839966890625 0.6244782546875001 0.8245019499999999 0.5806870843749999 0.754768159375 0.5164962328125 0.714262896875 0.560287403125 0.7839966890625 0.6244782546875001
2 0.8884924734374999 0.7586445421875 0.9303673140625 0.721889203125 0.845398753125 0.6245941453125 0.803525775 0.661351003125 0.8884924734374999 0.7586445421875
2 0.7550339984375001 0.7042706078125 0.795605625 0.6950192421875 0.77727928125 0.6061012625 0.7367093671875 0.615352434375 0.7550339984375001 0.7042706078125
2 0.483061640625 0.6797979562500001 0.5669241578124999 0.654917396875 0.5400437734375 0.557397978125 0.45618140625 0.5822802421875 0.483061640625 0.6797979562500001
2 0.6199668546875 0.7032284203125 0.6592086515625 0.6988853749999999 0.6550002984375001 0.6509206234375 0.615758503125 0.65526366875 0.6199668546875 0.7032284203125
2 0.46107731406249997 0.813916846875 0.48906365 0.7491126234375 0.3525122265625 0.6928168265625 0.3245258875 0.75762105 0.46107731406249997 0.813916846875
2 0.21898824687500001 0.8127827234374999 0.236182090625 0.71425849375 0.173858734375 0.7048050578125 0.1566630265625 0.8033277703125 0.21898824687500001 0.8127827234374999
2 0.33806479375 0.2144235046875 0.41265357343750003 0.1916212109375 0.3998146640625 0.1465412703125 0.3252258828125 0.169343565625 0.33806479375 0.2144235046875
2 0.3398368859375 0.3524884171875 0.4830464375 0.3055629640625 0.45848658281250004 0.2255827984375 0.31527718125000004 0.27250995625 0.3398368859375 0.3524884171875
2 0.3857064 0.4262077796875 0.46898515312500005 0.380915996875 0.44222312343750003 0.33021716562500003 0.358944371875 0.37550895 0.3857064 0.4262077796875
2 0.43974295156250004 0.500392459375 0.49309688124999995 0.43180123125 0.4534587671875 0.4013719765625 0.4001048390625 0.4699632046875 0.43974295156250004 0.500392459375
2 0.3168687125 0.41232100312500003 0.333096834375 0.3372040984375 0.17372185625 0.306358796875 0.157493734375 0.38147570000000003 0.3168687125 0.41232100312500003
2 0.21376434375 0.53051705625 0.27757449218749997 0.52064929375 0.268825528125 0.4543615109375 0.20501694375 0.4642273765625 0.21376434375 0.53051705625
2 0 0.426303346875 0.04001333125 0.5176086421874999 0.149880878125 0.4674686796875 0.08995185156249999 0.330716959375 0 0.371769503125 0 0.426303346875
2 0 0.24947790312499998 0.023431984375 0.22370469218750003 0 0.20252080781249998 0 0.24947790312499998
2 0.0987702140625 0.2799085296875 0.14199680312500002 0.267311096875 0.132552915625 0.23236579218750003 0.0893263265625 0.244963225 0.0987702140625 0.2799085296875
0 0 0.602902765625 0.130081178125 0.9519233375 0.9298917812499999 0.7216728203125 0.6836023734375 0.3376101890625 0.49099034374999995 0.067040621875 0 0.1953447171875 0 0.602902765625