2 0.543099625 0.781699915625 0.4991010546875 0.8224992609375 0.5674709906250001 0.8960971359375 0.61146955625 0.8552977890625 0.543099625 0.781699915625
2 0.724128103125 1 0.7531323421875 0.9664974562499999 0.650126746875 0.8763635828125 0.61343214375 0.918745365625 0.706289928125 1 0.724128103125 1
2 0.600627875 0.806217784375 0.592293728125 0.8479148296875 0.6846514234375001 0.8689898734374999 0.692985715625 0.8272910609374999 0.600627875 0.806217784375
2 0.5580610874999999 0.51556163125 0.53488725625 0.6016153625 0.6363826625 0.6317359421875001 0.6595547265625 0.5456820140625 0.5580610874999999 0.51556163125
2 0.638205909375 0.6822032359375 0.63489953125 0.72264605 0.6845493578124999 0.72814825 0.687855734375 0.6877054359375 0.638205909375 0.6822032359375
2 0.7351486031250001 0.38374421718749996 0.66907835625 0.4111026671875 0.7313021328125 0.553551140625 0.7973723828125 0.5261926921875 0.7351486031250001 0.38374421718749996
2 0.777302440625 0.2113964203125 0.6760940468750001 0.2267941234375 0.6877252828125 0.291418265625 0.7889353015625 0.276022525 0.777302440625 0.2113964203125
2 0.127774240625 0.370315840625 0.10646963281249999 0.44683750624999996 0.153399934375 0.46118798749999995 0.17470454062500002 0.38466632343749996 0.127774240625 0.370315840625
2 0.23399474062499998 0.36251794843749996 0.18984085 0.509362753125 0.2731573625 0.536663671875 0.31730948593749997 0.3898186703125 0.23399474062499998 0.36251794843749996
2 0.34165163593750003 0.4101156078125 0.297387496875 0.49507533593749997 0.3505371828125 0.5239472968750001 0.39480132343749996 0.4389875734375 0.34165163593750003 0.4101156078125
2 0.440410871875 0.4549176015625 0.3711919328125 0.5083964703125 0.40379978593750004 0.5500852765625 0.47301872187500005 0.4966064046875 0.440410871875 0.4549176015625
2 0.341765921875 0.20210665 0.26469493593750004 0.21706763125 0.30132615937499996 0.3824867125 0.37839714375 0.3675257328125 0.341765921875 0.20210665
2 0.42863323906249995 0.2532015453125 0.42036191250000005 0.31889557968750004 0.4890665125 0.32953022656250003 0.4973397515625 0.2638346234375 0.42863323906249995 0.2532015453125
2 0.33580400625 0.018780478125 0.28733040625 0.13109673125000001 0.430325015625 0.196309184375 0.4787968484375 0.08399274062499999 0.33580400625 0.018780478125
2 0.177063321875 0 0.1460408421875 0.028249173437500004 0.1748439078125 0.0597895828125 0.24050304374999998 0 0.177063321875 0
2 0.19877106875 0.1283874953125 0.18706165156250001 0.17274910000000002 0.2234260609375 0.18334781093750002 0.2351354765625 0.138986209375 0.19877106875 0.1283874953125
0 0.152092421875 0 0 0.406061165625 0 0.706377665625 0.718201778125 0.99384785625 1 0.2414943890625 1 0.24098854687500001 0.420159225 0.008899578125 0.2673593640625 0 0.152092421875 0