2 0.48404998125 0.1874128 0.5313917874999999 0.23120227343750002 0.600787303125 0.155814390625 0.553445496875 0.11202491875000001 0.48404998125 0.1874128
2 0.7033206421875 0 0.6009125890625 0.0894337796875 0.6406497328125 0.134701865625 0.7458319375 0.042845974999999994 0.7082241921875 0 0.7033206421875 0
2 0.580920284375 0.16307645312500002 0.59092155 0.20693581874999997 0.6870493062499999 0.1871254078125 0.6770478296875 0.1432641890625 0.580920284375 0.16307645312500002
2 0.528268084375 0.41954727187499996 0.5551678296875 0.510209290625 0.660592384375 0.481149578125 0.6336944828125 0.390487396875 0.528268084375 0.41954727187499996
2 0.629373646875 0.295269946875 0.63406883125 0.337693509375 0.6859226171875 0.33314394062499997 0.6812274328125 0.2907203765625 0.629373646875 0.295269946875
2 0.6746668390624999 0.6222840796875 0.744725459375 0.65253958125 0.8055857796874999 0.5049164171875 0.7355271609375 0.47466091875 0.6746668390624999 0.6222840796875
2 0.6876270890625 0.815422990625 0.7941381296875 0.83401294375 0.8043597015625 0.766634328125 0.6978470203125 0.7480463890625 0.6876270890625 0.815422990625
2 0.0840986703125 0.571146309375 0.10874980000000001 0.6517828296875 0.1574848703125 0.637902925 0.1328337421875 0.5572664078125 0.0840986703125 0.571146309375
2 0.169548971875 0.5077172078125 0.220281034375 0.6625381828125 0.306744234375 0.63598715 0.25601401562500004 0.48116601406250004 0.169548971875 0.5077172078125
2 0.28266720625 0.5252993265625 0.33163129687500004 0.615330409375 0.38644084218749997 0.5863984859375 0.337476753125 0.49636740156250003 0.28266720625 0.5252993265625
2 0.35959132656250004 0.513152684375 0.43374400468749996 0.57083260625 0.46664049687500003 0.5279805921875 0.39248781718750003 0.47030066875000004 0.35959132656250004 0.513152684375
2 0.256874375 0.815570965625 0.3380818375 0.83311488125 0.3714281109375 0.6608176078125 0.29022064687500004 0.6432736921875 0.256874375 0.815570965625
2 0.41687730937499995 0.7127561859375 0.427543109375 0.7817384390625 0.499207628125 0.772281790625 0.4885397765625 0.703297846875 0.41687730937499995 0.7127561859375
2 0.3942531859375 1 0.4852525859375 0.9601207234375 0.431047221875 0.841344996875 0.2832075234375 0.9061331328125 0.326046815625 1 0.3942531859375 1
2 0.191665584375 1 0.1675185859375 0.978046503125 0.147671340625 1 0.191665584375 1
2 0.1768819375 0.8600779296875001 0.190500784375 0.9068093765624999 0.2282794921875 0.89659976875 0.2146606453125 0.8498683203124999 0.1768819375 0.8600779296875001
0 0.7028840093750001 0 0.2906596640625 0.2643487859375 0 0.4712624765625 0 0.4796497890625 0.1359763265625 1 0.5865269703125 1 0.9547819859375 0.8627500781249999 0.7064123718750001 0 0.7028840093750001 0