2 0.8448793828125 0.5474466140625001 0.8784377046875 0.5005457843750001 0.8024947156250001 0.446414296875 0.76893639375 0.4933151265625 0.8448793828125 0.5474466140625001
2 0.8686070125 0.5808651640625 0.9636229515625001 0.665258659375 0.998820696875 0.6256803875 0.9988064078125 0.6244523734375 0.9044065968749999 0.5406066453125 0.8686070125 0.5808651640625
2 0.8271945515624999 0.6278280453125 0.865313165625 0.6142950546875 0.8359766421874999 0.530449715625 0.7978596640625 0.5439823328125 0.8271945515624999 0.6278280453125
2 0.5604078640625 0.634973196875 0.6384504734374999 0.6014365234375 0.5997035671875001 0.5102482234375 0.5216613265625 0.543786528125 0.5604078640625 0.634973196875
2 0.6961490718750001 0.6421133125 0.7336176937500001 0.633473725 0.72329540625 0.5876025031250001 0.685826784375 0.596242090625 0.6961490718750001 0.6421133125
2 0.55655816875 0.7670595390625 0.5752476718749999 0.701271478125 0.4355713578125 0.6623339765625 0.41688185468750005 0.728122040625 0.55655816875 0.7670595390625
2 0.3217729015625 0.7933730046874999 0.325612840625 0.6962236828125 0.2639772421875 0.6941452124999999 0.2601352984375 0.7912932796875001 0.3217729015625 0.7933730046874999
2 0.3592972046875 0.2017046984375 0.428622040625 0.1712261984375 0.41031034999999993 0.12911968125 0.3409855140625 0.15959818125 0.3592972046875 0.2017046984375
2 0.3789863578125 0.3349143234375 0.51167978125 0.273356690625 0.47746502968750004 0.198853603125 0.344771975 0.26041287031250004 0.3789863578125 0.3349143234375
2 0.433039909375 0.4009549984375 0.5078598375000001 0.3477613296875 0.47532218125 0.30180173125 0.40050225156249997 0.354995403125 0.433039909375 0.4009549984375
2 0.495069690625 0.46652063125 0.53785303125 0.3942011140625 0.49547405937500005 0.369285565625 0.4526907171875 0.441605084375 0.495069690625 0.46652063125
2 0.36451341249999997 0.3953302046875 0.3704642375 0.320908403125 0.2119797046875 0.30914745625 0.20602888125000002 0.3835692578125 0.36451341249999997 0.3953302046875
2 0.2799678859375 0.521214946875 0.3405295140625 0.5044552703125 0.32342130468749997 0.4413928375 0.26286094531250004 0.45815050468749996 0.2799678859375 0.521214946875
2 0.109884615625 0.52841383125 0.2098438625 0.4675250453125 0.1339587640625 0.342168871875 0.03399988125 0.4030592921875 0.109884615625 0.52841383125
2 0 0.32539272812500003 0.055556803125 0.246295746875 0.0230632140625 0.223564296875 0 0.256399796875 0 0.32539272812500003
2 0.1358920765625 0.29207495625 0.1761483828125 0.27500810625 0.1624464234375 0.24231016875 0.12219011718749999 0.2593770171875 0.1358920765625 0.29207495625
0 0.424745803125 0 0 0.2316307015625 0 0.42161245 0.3111067171875 0.9965158093750001 0.98555238125 0.6287137609375 0.64532598125 0 0.424745803125 0