2 0.125438928125 0.3664525828125 0.07634545468750001 0.4030774828125 0.1349884546875 0.48220509843750003 0.184081928125 0.4455802015625 0.125438928125 0.3664525828125
2 0 0.2461827640625 0.063345846875 0.35423495625 0.1125188578125 0.32504488125000003 0.044602907812499995 0.2091964125 0 0.2356709859375 0 0.2461827640625
2 0.1695299421875 0.2908815640625 0.12677247187500001 0.29231036875 0.1288274796875 0.386495496875 0.1715831828125 0.38506654687499997 0.1695299421875 0.2908815640625
2 0.44012138749999996 0.36940344999999997 0.35067327812500004 0.3782218140625 0.3597870140625 0.48285417343750003 0.449235290625 0.47403404374999997 0.44012138749999996 0.36940344999999997
2 0.30597118437500004 0.31855880625 0.26546889687499997 0.3152499390625 0.26083417343750004 0.36493717812500004 0.301336459375 0.3682460453125 0.30597118437500004 0.31855880625
2 0.48722434843749995 0.23711908906249998 0.44689957968750005 0.2976152640625 0.5745991734375 0.381867546875 0.61492394375 0.3213713734375 0.48722434843749995 0.23711908906249998
2 0.7319123375000001 0.28597918125 0.6962541359375 0.3829500171875 0.75754816875 0.40486062343749996 0.793207971875 0.3078917 0.7319123375000001 0.28597918125
2 0.500527659375 0.87201655 0.420846175 0.8805453859375 0.425476953125 0.9289947859375 0.5051584390625 0.9204659515625 0.500527659375 0.87201655
2 0.524330065625 0.731031365625 0.370759490625 0.750610521875 0.38077726875 0.8369197359375 0.534348009375 0.8173388125000001 0.524330065625 0.731031365625
2 0.491594696875 0.6469003703125 0.3989532046875 0.6766250953124999 0.41662701249999995 0.7335416421875001 0.5092685046875001 0.7038169125 0.491594696875 0.6469003703125
2 0.45068378593749997 0.560686034375 0.38399500937500003 0.6200409265625 0.41845197343749996 0.6588477296875 0.4851407484375 0.5994928374999999 0.45068378593749997 0.560686034375
2 0.5586567796875 0.67461055625 0.52831485625 0.7479284703125 0.683820965625 0.8107538109375 0.7141628890625 0.7374358953125 0.5586567796875 0.67461055625
2 0.6848692437499999 0.5745306546875 0.6184893234375 0.5720080734375 0.615051096875 0.6412543078125 0.6814290828125 0.643778515625 0.6848692437499999 0.5745306546875
2 0.8582434234375 0.6219179515625 0.7378058281250001 0.6513416859375 0.7730786453125 0.8024493406250001 0.893516403125 0.7730238328125 0.8582434234375 0.6219179515625
2 0.9024490125 0.8623355187499999 0.8205320125 0.92456248125 0.8457641234375 0.9579843125 0.92768305625 0.8957557250000001 0.9024490125 0.8623355187499999
2 0.754738871875 0.85246623125 0.708675325 0.8567802406249999 0.7117504859375 0.8942372703125001 0.7578140359375001 0.88992325625 0.754738871875 0.85246623125
0 0.6513629578125 1 0.9655810484374999 0.93899545 0.8091261609375 0.0840570359375 0.010591746874999999 0.23909035312500002 0.1498396265625 1 0.6513629578125 1