2 0.5315444984375 0.24023931874999999 0.5767482875 0.282051203125 0.6430098109375 0.210067934375 0.597806021875 0.1682560515625 0.5315444984375 0.24023931874999999
2 0.643129440625 0.1466851578125 0.6810720031249999 0.18990887812499999 0.78150404375 0.1022013171875 0.7435630484375 0.0589756765625 0.643129440625 0.1466851578125
2 0.6240400125 0.21700203281250002 0.633589609375 0.25888065312499997 0.7253761109375 0.2399649046875 0.7158263140625001 0.198084515625 0.6240400125 0.21700203281250002
2 0.5737656546875 0.46189029843749996 0.5994505718750001 0.548457903125 0.70011401875 0.5207105640624999 0.6744308609375 0.43414280468750005 0.5737656546875 0.46189029843749996
2 0.670305159375 0.3432254984375 0.6747883031249999 0.3837331578125 0.7243003046875 0.37938905312500004 0.7198171609374999 0.3388813921875 0.670305159375 0.3432254984375
2 0.713552853125 0.65547125 0.7804475359375 0.6843603734375 0.8385593265625 0.5434040625 0.77166464375 0.5145149421874999 0.713552853125 0.65547125
2 0.7259278015625 0.8398877578124999 0.827628665625 0.857638165625 0.8373886171875 0.7933024546875 0.7356861875 0.7755539703125 0.7259278015625 0.8398877578124999
2 0.1496555046875 0.606642928125 0.1731933578125 0.6836377984374999 0.2197274890625 0.6703847296875 0.1961896375 0.593389859375 0.1496555046875 0.606642928125
2 0.231246759375 0.546078365625 0.279687696875 0.6939074265625 0.3622461078125 0.668555471875 0.31380693125 0.5207262578125 0.231246759375 0.546078365625
2 0.33925642968749997 0.562866453125 0.3860092390625 0.648831615625 0.4383435140625 0.621206296875 0.39159070625000003 0.5352411328125 0.33925642968749997 0.562866453125
2 0.41270655625 0.55126836875 0.4835104046875 0.6063433921875 0.5149212484375 0.56542663125 0.4441174 0.51035160625 0.41270655625 0.55126836875
2 0.3146284359375 0.8400290515625001 0.3921684640625 0.8567806609374999 0.424008778125 0.6922645546874999 0.346468746875 0.6755129453125 0.3146284359375 0.8400290515625001
2 0.46740543125 0.7418575187500001 0.47758955 0.8077244453124999 0.5460176062500001 0.7986948703125 0.5358315296875 0.73282633125 0.46740543125 0.7418575187500001
2 0.482607428125 1 0.5326927921875 0.9780507546875 0.4809354109375 0.8646390937499999 0.3397723453125 0.9265013140624999 0.3733159359375 1 0.482607428125 1
2 0.23824855937499997 0.882526021875 0.25125236093750003 0.9271470171875 0.287324934375 0.9173984890625 0.27432113281250003 0.8727774937499999 0.23824855937499997 0.882526021875
0 0.6726692703125 1 0.9810176390625 0.8850774937500001 0.7433396859375 0.0594665484375 0.3468879375 0.3137007765625 0.06759031875 0.5125260968750001 0.194975509375 1 0.6726692703125 1