2 0.349599190625 0.2225452078125 0.4970605828125 0.144555228125 0.46606143749999995 0.07620870625000001 0.3186019 0.154199828125 0.349599190625 0.2225452078125
2 0.42593142031250003 0.5194278984375 0.7033678265625001 0.26917006875 0.5318057578125 0.0744949375 0.25436935 0.3247527671875 0.42593142031250003 0.5194278984375
2 0.6476718578125 0.3685563 0.6890635890625 0.33421915156250004 0.639414109375 0.27180991250000003 0.5980223812500001 0.3061470609375 0.6476718578125 0.3685563
2 0.8166158187500001 0.5798022625 0.885891225 0.513144228125 0.7561751765625 0.3771109375 0.6869000328125 0.4437705328125 0.8166158187500001 0.5798022625
2 0.5450103390625001 0.659726071875 0.7236034578125 0.5891018921875 0.6628348078124999 0.39215665781250003 0.4842416890625 0.4627808375 0.5450103390625001 0.659726071875
2 0.24149747187499998 0.5971647390625 0.3607628703125 0.46157246875 0.2990888765625 0.40879900625000004 0.179821621875 0.5443901328125 0.24149747187499998 0.5971647390625
2 0.33271320000000004 0.6385454609375001 0.43500612656250004 0.5844429250000001 0.39539611875 0.49711297343750005 0.2931045234375 0.5512135328125 0.33271320000000004 0.6385454609375001
2 0.54010149375 0.7322391968749999 0.5221256750000001 0.612757225 0.3261728546875 0.6608949 0.34414708125 0.7803772890625 0.54010149375 0.7322391968749999
2 0.25896883437499996 0.8609869375000001 0.3192534453125 0.843841159375 0.27948755625 0.6355495546875 0.21920320468750001 0.6526968937500001 0.25896883437499996 0.8609869375000001
2 0.080214190625 0.547895096875 0.3444403453125 0.36794534375 0.264600165625 0.2399744390625 0.0003740125 0.4199241921875 0.080214190625 0.547895096875
2 0 0.3752333171875 0.3013123296875 0.24963698750000002 0.2680332203125 0.1492542859375 0 0.2609803296875 0 0.3752333171875
0 0.4264133171875 0 0 0.24123567656249997 0 0.40821949843749994 0.26685879687499997 0.9480896781249999 0.9338177390625001 0.5707689671875 0.6516879062500001 0 0.4264133171875 0