2 0.931945965625 0.46276336875 0.8941212015625 0.4187870546875 0.82261116875 0.4802943828125 0.8604359328125 0.5242706953125 0.931945965625 0.46276336875
2 1 0.292498215625 0.9150129078125 0.3829859671875 0.9545046625 0.42007844531250005 1 0.3716387859375 1 0.292498215625
2 0.9087663890625001 0.34970686406249996 0.8692949015625 0.33968366875 0.8472045781249999 0.4266759953125 0.8866743874999999 0.43669896562500005 0.9087663890625001 0.34970686406249996
2 0.682062165625 0.38389544062500003 0.60073729375 0.3575170390625 0.5698402875 0.4527674015625 0.651164934375 0.4791474796875 0.682062165625 0.38389544062500003
2 0.7748209171875 0.342784496875 0.7364323500000001 0.3376168984375 0.730098028125 0.3846727171875 0.7684865953125 0.3898403140625 0.7748209171875 0.342784496875
2 0.6098129046875 0.2895140640625 0.5852604218749999 0.225167225 0.44840846093750003 0.277383990625 0.47296094218749996 0.3417308296875 0.6098129046875 0.2895140640625
2 0.3595524125 0.3179899640625 0.347156378125 0.22074140781249998 0.28543755000000004 0.22860973125 0.297835484375 0.3258568375 0.3595524125 0.3179899640625
2 0.5091513296875 0.8358116828125001 0.4368503953125 0.8116885796875 0.42216151875 0.8557109328125 0.494462453125 0.8798340359375001 0.5091513296875 0.8358116828125001
2 0.5835873703125001 0.7254114140625 0.44491446718749994 0.6760033156249999 0.4171023609375 0.75406468125 0.5557750390625 0.80347445625 0.5835873703125001 0.7254114140625
2 0.5732107296875 0.6510131859375 0.4933944484375 0.6045827218750001 0.46475735937499996 0.653810109375 0.544573640625 0.700240575 0.5732107296875 0.6510131859375
2 0.599250246875 0.6015418921875 0.5499265859375 0.532891615625 0.5095562015625 0.5618981375 0.5588798640625 0.6305484156250001 0.599250246875 0.6015418921875
2 0.43758699375 0.6908744265625 0.42506883437500004 0.6166587328124999 0.26693920625 0.6433338203125001 0.2794573640625 0.7175495125 0.43758699375 0.6908744265625
2 0.3913898546875 0.5092664015625 0.3290955828125 0.49810538437499996 0.3174588671875 0.5630717875 0.3797516875 0.5742309031249999 0.3913898546875 0.5092664015625
2 0.26339063125 0.5586234921875 0.15765091874999998 0.5068184437500001 0.0924600609375 0.6398800484375 0.19819954374999998 0.69168676875 0.26339063125 0.5586234921875
2 0.1278891921875 0.79536359375 0.0650139578125 0.7209503140625 0.034377870312499996 0.7468337218750001 0.097254553125 0.8212489015625 0.1278891921875 0.79536359375
2 0.2464734765625 0.755209571875 0.20454450781250003 0.74183623125 0.193658075 0.7759733515625 0.2355870421875 0.7893466921875001 0.2464734765625 0.755209571875
0 1 0.311752315625 0.318587796875 0.017638309375 0.028138239062499997 0.690561834375 0.03250220625 0.7976612890625 0.440634978125 0.9738212031250001 0.49700254531250004 0.98140900625 0.7489072390625 0.9711446765625 1 0.38940509687499997 1 0.311752315625