2 0.6005577484375 0.7564013046875 0.5665320375 0.8020107265625 0.6400441453125 0.8564919640624999 0.6740698578125001 0.81088254375 0.6005577484375 0.7564013046875
2 0.7125389484375 0.8228857062499999 0.685420428125 0.86856901875 0.79304916875 0.9316666171874999 0.8201659125 0.8859818140625 0.7125389484375 0.8228857062499999
2 0.6567768859374999 0.76801304375 0.6554493453125 0.8077344703125 0.7429503671875 0.8096436390624999 0.744277771875 0.76992056875 0.6567768859374999 0.76801304375
2 0.5741232109375 0.5100652796875 0.5659290265625 0.5931656125 0.6631358625 0.6016325671875 0.6713284078124999 0.5185323890625 0.5741232109375 0.5100652796875
2 0.6724036734375 0.6474680625 0.6754777171875 0.68509599375 0.7216387656250001 0.6807901859375 0.718564721875 0.6431622546875 0.6724036734375 0.6474680625
2 0.71595175625 0.3561351734375 0.6597488593749999 0.3935981875 0.7380219484375 0.5122352296875 0.794224846875 0.4747722171875 0.71595175625 0.3561351734375
2 0.7284748078125001 0.1905035609375 0.63838755 0.22363266875 0.6587432093750001 0.280576803125 0.7488322453125 0.24744918437500002 0.7284748078125001 0.1905035609375
2 0.1593735671875 0.45811086875000007 0.1514500046875 0.532137540625 0.1964610609375 0.5364396828125 0.20438462343750002 0.4624130125 0.1593735671875 0.45811086875000007
2 0.25518200625 0.4309928171875 0.23699069687500002 0.5736649890625001 0.317174740625 0.582971828125 0.3353644078125 0.440299809375 0.25518200625 0.4309928171875
2 0.3606475125 0.4542924859375 0.33303228125 0.5403594203125001 0.3859095890625 0.5567789578125 0.4135248171875 0.4707120234375 0.3606475125 0.4542924859375
2 0.4575679453125 0.47670795000000005 0.40242533593749996 0.5386639718749999 0.43847810625 0.5706756046875 0.493620715625 0.5087195796875 0.4575679453125 0.47670795000000005
2 0.32941439375 0.26393899374999996 0.26129968593749997 0.29212761875000004 0.319666453125 0.4365978109375 0.38778116093750004 0.40840918593750003 0.32941439375 0.26393899374999996
2 0.41642512031249995 0.2943497546875 0.4187701921875 0.3560170453125 0.48310217812499995 0.35282282187499997 0.4807586171875 0.2911537359375 0.41642512031249995 0.2943497546875
2 0.2963520515625 0.09731379375 0.26901480625 0.20920435468749998 0.40939869218749997 0.24197394062500002 0.436734290625 0.1300835296875 0.2963520515625 0.09731379375
2 0.1823301640625 0.0655718703125 0.12451779999999998 0.14167720156250002 0.155567759375 0.165118646875 0.21337861406249997 0.0890151109375 0.1823301640625 0.0655718703125
2 0.187748715625 0.22338566875 0.1837408578125 0.26618019375 0.218539646875 0.2690371171875 0.22254750156249997 0.226242596875 0.187748715625 0.22338566875
0 0.7923934796875 0.9175792812499999 0.9364244312500001 0.17571505 0.142159065625 0.0303634125 0.0122045109375 0.6997244968749999 0.0184312265625 0.77594275 0.7923934796875 0.9175792812499999