2 0.6012515625 0.164553125 0.45044375 0.12685 0.43210156250000004 0.2002171875 0.5829109375 0.23791875 0.6012515625 0.164553125
2 0.6884765625 0.3119984375 0.38841875 0.14175312499999998 0.2579609375 0.3716859375 0.55801875 0.54193125 0.6884765625 0.3119984375
2 0.36274375000000003 0.38064375 0.31845 0.35812187500000003 0.281653125 0.4304875 0.32594687499999997 0.453009375 0.36274375000000003 0.38064375
2 0.3009578125 0.5350359375 0.22537656250000002 0.488525 0.12497968749999999 0.6516703125000001 0.2005609375 0.6981796874999999 0.3009578125 0.5350359375
2 0.49431562500000004 0.5022656249999999 0.315425 0.479465625 0.2893953125 0.683690625 0.46828593749999997 0.706490625 0.49431562500000004 0.5022656249999999
2 0.7931296875 0.5039343749999999 0.659721875 0.40387968750000003 0.6101109375 0.47002812499999996 0.7435171875 0.570084375 0.7931296875 0.5039343749999999
2 0.687796875 0.5389921875 0.5831828125 0.5128390625 0.5597453125 0.606584375 0.6643609374999999 0.6327390625 0.687796875 0.5389921875
2 0.6759828125 0.7716765624999999 0.674028125 0.6525328125 0.4823765625 0.6556734375 0.4843296875 0.7748171875 0.6759828125 0.7716765624999999
2 0.7732140625 0.6177453125000001 0.713884375 0.61646875 0.709371875 0.8262921875 0.7687015625 0.8275671875 0.7732140625 0.6177453125000001
2 0.9420640625000001 0.33936875 0.6655 0.23324531249999997 0.6106812500000001 0.376103125 0.8872453124999999 0.4822265625 0.9420640625000001 0.33936875
2 0.9519718749999999 0.191903125 0.647971875 0.14708125 0.6325390625 0.25175468749999996 0.9365390625 0.296575 0.9519718749999999 0.191903125
0 0.2924921875 0 0.089046875 0.7190125 0.7750234375 0.9131109374999999 0.980584375 0.1866296875 0.3210015625 0 0.2924921875 0