2 0.25120156250000003 0.5585296875 0.2111328125 0.5229125 0.15321562500000002 0.5880687499999999 0.193284375 0.6236859375 0.25120156250000003 0.5585296875
2 0.1785625 0.6590546875000001 0.137815625 0.6299484375 0.0687578125 0.726628125 0.10950625 0.7557328125 0.1785625 0.6590546875000001
2 0.2352859375 0.610675 0.197896875 0.6063609375000001 0.18838749999999999 0.6887671875 0.225778125 0.69308125 0.2352859375 0.610675
2 0.48612656249999997 0.5525765625 0.4083828125 0.538440625 0.39182656250000003 0.6294984375 0.4695703125 0.6436328125 0.48612656249999997 0.5525765625
2 0.34773125 0.634709375 0.31193125 0.634709375 0.31193125 0.6785921874999999 0.34773125 0.6785921874999999 0.34773125 0.634709375
2 0.6189796875 0.69825 0.58855625 0.6423375 0.46964218750000003 0.707040625 0.500065625 0.762953125 0.6189796875 0.69825
2 0.7742703125 0.72283125 0.7509234375 0.635284375 0.6953625 0.6501 0.7187078125 0.7376484375000001 0.7742703125 0.72283125
2 0.5717125000000001 0.16528281250000001 0.5025125 0.1521015625 0.49448593750000003 0.1942359375 0.5636859375000001 0.20741718750000002 0.5717125000000001 0.16528281250000001
2 0.5888796875 0.2577640625 0.45576718749999995 0.22960468750000002 0.43991718750000003 0.3045375 0.5730296874999999 0.3326953125 0.5888796875 0.2577640625
2 0.557590625 0.3554703125 0.47875625 0.32278281249999996 0.45859531249999996 0.3714046875 0.5374296875 0.40409218750000003 0.557590625 0.3554703125
2 0.5278890625 0.44518281249999997 0.4742453125 0.3883828125 0.44084375 0.4199296875 0.49448749999999997 0.47672968750000005 0.5278890625 0.44518281249999997
2 0.7400781249999999 0.340675 0.7194609375 0.2742390625 0.5779078125 0.3181703125 0.598525 0.38460625 0.7400781249999999 0.340675
2 0.7037 0.420421875 0.6452656250000001 0.41788125000000004 0.642615625 0.47882187500000006 0.7010515625 0.48136406249999997 0.7037 0.420421875
2 0.900321875 0.32232500000000003 0.7970796874999999 0.287909375 0.7537734375 0.4178296875 0.8570156250000001 0.45224374999999994 0.900321875 0.32232500000000003
2 0.9403359375000001 0.217196875 0.8735671875 0.1567875 0.8486984375000001 0.18427500000000002 0.9154656250000001 0.2446828125 0.9403359375000001 0.217196875
2 0.790846875 0.2101453125 0.7507921875 0.20306562499999997 0.7450296875 0.2356765625 0.7850843750000001 0.24275625 0.790846875 0.2101453125
0 0.2862140625 0 0.0821171875 0.7270953125 0.76991875 0.9201625 0.97711875 0.1820109375 0.32870468750000004 0 0.2862140625 0