2 0.43263715312500006 0.8831354171875001 0.6002013890625 0.925027778125 0.6205815968749999 0.84350868125 0.45301562500000003 0.80161805625 0.43263715312500006 0.8831354171875001
2 0.3357204859375 0.7193072921875 0.66911805625 0.9084687499999999 0.8140711812499999 0.652987846875 0.48067361093749994 0.46382638906249996 0.3357204859375 0.7193072921875
2 0.6976458328125 0.643034721875 0.7468611109375 0.668059028125 0.787746528125 0.587652778125 0.7385312500000001 0.562628471875 0.6976458328125 0.643034721875
2 0.766296875 0.471487846875 0.8502760421875 0.5231666671874999 0.961828125 0.341894096875 0.8778489578125 0.2902170140625 0.766296875 0.471487846875
2 0.5514548609375 0.50789930625 0.750222221875 0.5332326390625 0.779144096875 0.30631597187500004 0.5803767359374999 0.2809826390625 0.5514548609375 0.50789930625
2 0.2194392359375 0.5060451390625 0.3676701390625 0.6172170140625 0.422793403125 0.54371875 0.2745642359375 0.43254513906250003 0.2194392359375 0.5060451390625
2 0.33647569375 0.4670920140625 0.45271354218750004 0.49615104218750006 0.47875520781249997 0.3919895828125 0.362515625 0.36292881875 0.33647569375 0.4670920140625
2 0.34960243125 0.20855381875 0.35177430625 0.34093576406250004 0.5647204859375 0.33744618125 0.5625503468749999 0.20506423593749998 0.34960243125 0.20855381875
2 0.24156770781249998 0.3795885421875 0.3074895828125 0.38100694375 0.312503471875 0.14786979218750002 0.24658159687499998 0.14645312500000002 0.24156770781249998 0.3795885421875
2 0.053956596875 0.6888958328125 0.36124999999999996 0.8068107640625 0.42215972187500006 0.6480798609375 0.11486631875 0.5301649312500001 0.053956596875 0.6888958328125
2 0.042947917187500004 0.8527465281250001 0.38072569375 0.9025486109375 0.3978732640625 0.7862447921875 0.060095485937500005 0.7364444437500001 0.042947917187500004 0.8527465281250001
0 1 0.2665732953125 0.2395572921875 0.0514045140625 0.01115625 0.8586059031250001 0.51086836875 1 0.7943700312499999 1 1 0.2732665328125 1 0.2665732953125