2 0.3967601890625 0.9102255234375001 0.442899271875 0.9499105218749999 0.5074315484375 0.8748836015625001 0.46129246718749994 0.835198603125 0.3967601890625 0.9102255234375001
2 0.3699838421875 1 0.398115090625 0.9735786624999999 0.3591983921875 0.9321446906249999 0.2869512515625 1 0.3699838421875 1
2 0.313766471875 0.8841782578125 0.3242826109375 0.9255909656249999 0.41555301250000004 0.9024124718750001 0.405037109375 0.861001525 0.313766471875 0.8841782578125
2 0.33247689375 0.6024128984375 0.36015259374999997 0.6877373546875 0.460089159375 0.6553205875 0.4324117 0.5699963671875 0.33247689375 0.6024128984375
2 0.3115980578125 0.74478148125 0.3170198 0.7850580109374999 0.3663898375 0.778412165625 0.36096809687500003 0.7381356359375 0.3115980578125 0.74478148125
2 0.193618071875 0.58617486875 0.261129509375 0.6119348515625 0.3159143125 0.46835246406250003 0.24840287499999997 0.442592484375 0.193618071875 0.58617486875
2 0.18897459218749998 0.336360790625 0.2910058640625 0.349366465625 0.2992596328125 0.284614278125 0.19722988125000002 0.271606609375 0.18897459218749998 0.336360790625
2 0.8089847390625 0.43046598906250005 0.8342942250000001 0.50632270625 0.8804816109375 0.4909114265625 0.8551721265625 0.41505470781250003 0.8089847390625 0.43046598906250005
2 0.6666264296875 0.4389266546875 0.718464434375 0.5844195359375 0.8003666421875 0.5552393859375 0.7485268781250001 0.4097467390625 0.6666264296875 0.4389266546875
2 0.591693346875 0.48979089687500005 0.6404072765625 0.5735325687499999 0.6920556859375 0.5434870984375 0.6433417546875 0.4597454265625 0.591693346875 0.48979089687500005
2 0.5164764484375 0.549103303125 0.5885029687500001 0.60085271875 0.6189360421875 0.55849690625 0.546909521875 0.506747490625 0.5164764484375 0.549103303125
2 0.6043632609375 0.41810500624999997 0.68222890625 0.4312388125 0.71021588125 0.265332315625 0.6323502375000001 0.2521985109375 0.6043632609375 0.41810500624999997
2 0.47997942031249996 0.317411759375 0.4916893390625 0.38276968437500003 0.559848815625 0.37055914687499997 0.5481408921875001 0.3052027453125 0.47997942031249996 0.317411759375
2 0.48912099062500003 0.137535390625 0.543473828125 0.24847541562500003 0.6830811999999999 0.18007820937500002 0.6287266078125 0.069138425 0.48912099062500003 0.137535390625
2 0.7137839359375 0.0403425125 0.7918568859375 0.10630997187499999 0.819015240625 0.07416871093750001 0.7409402984375 0.0081997328125 0.7137839359375 0.0403425125
2 0.7356970296875 0.186735221875 0.7497280749999999 0.2307262703125 0.7855440703125 0.2193044375 0.771513025 0.175313390625 0.7356970296875 0.186735221875
0 0.41530831093750004 1 0.9762829390625001 0.757869890625 0.9870520718750001 0.49357644062499995 0.9790910984375 0.4344366984375 0.79426758125 0.006231823437500001 0.6819009406250001 0.0016532343750000002 0 0.29597765625 0 0.3622626140625 0.275262896875 1 0.41530831093750004 1