3 0.6787760984375 0.5980381015625 0.5884688328125 0.5102690109375 0.4046520625 0.6987653796875 0.49496099843749997 0.786534284375 0.6787760984375 0.5980381015625
3 0.6493718328125 0.631605353125 0.639139409375 0.63143274375 0.636424990625 0.6786121453125 0.646655628125 0.6787832796875 0.6493718328125 0.631605353125
3 0.6891442921875 0.5899265109375 0.6728273515625001 0.5297928203125 0.66039096875 0.5336269203125 0.6767079093749999 0.5937606125 0.6891442921875 0.5899265109375
3 0.741868146875 0.5106139140625 0.6805776875 0.3388702671875 0.531732875 0.3971345546875 0.5930234515625 0.5688798640625 0.741868146875 0.5106139140625
3 0.6253873515625 0.38346781406249997 0.60402806875 0.3169775203125 0.5919265421875 0.3212966671875 0.6132858265625 0.3877869625 0.6253873515625 0.38346781406249997
3 0.6055457859375 0.3922850265625 0.60399235 0.381913565625 0.5176234749999999 0.39825046249999996 0.5191769093749999 0.408621925 0.6055457859375 0.3922850265625
3 0.542321240625 0.5622903265625 0.47408371562499996 0.473767128125 0.291670371875 0.6171381546875 0.35990789843750004 0.7056613515625 0.542321240625 0.5622903265625
3 0.429593746875 0.49287315156249994 0.3948980984375 0.46176513437500005 0.338285478125 0.5242998125 0.372981009375 0.5554061671875 0.429593746875 0.49287315156249994
3 0.5319779265625 0.475544359375 0.49051565625000004 0.367033403125 0.46023820000000004 0.3796242609375 0.501702253125 0.48813669375 0.5319779265625 0.475544359375
3 0.5356976859375 0.5127914062500001 0.5061746171875 0.5074101859375 0.487408 0.5920975234375 0.5169310687500001 0.597478740625 0.5356976859375 0.5127914062500001
3 0.52955348125 0.481101440625 0.3339944140625 0.365400434375 0.304141909375 0.41368994375 0.499700975 0.52939095 0.52955348125 0.481101440625
0 0.8570288015624999 0.49041738593749995 0.4858734390625 0.1804972984375 0.177116896875 0.5446432140625 0.5482721421875 0.85456164375 0.8570288015624999 0.49041738593749995