2 0.42228410156249996 0.0947780453125 0.3779979625 0.13584405625 0.44681475624999994 0.2099229609375 0.4911008984375 0.168856953125 0.42228410156249996 0.0947780453125
2 0.2561155109375 0 0.2354092765625 0.02391759375 0.3390881109375 0.1146405765625 0.376022546875 0.0719817890625 0.2937617703125 0 0.2561155109375 0
2 0.3043377828125 0.12206247968749999 0.29594901875 0.1640338328125 0.3889105046875 0.18524484531250002 0.397299121875 0.1432752703125 0.3043377828125 0.12206247968749999
2 0.3529220265625 0.3608670921875 0.329598509375 0.4474834625 0.43175550625000003 0.47780071093750004 0.4550808 0.3911845375 0.3529220265625 0.3608670921875
2 0.30444051562499996 0.2638246375 0.3011125296875 0.3045317828125 0.3510868625 0.3100699453125 0.35441485156249997 0.2693627984375 0.30444051562499996 0.2638246375
2 0.2573821671875 0.439562903125 0.19088008437499998 0.46710016718749997 0.25351055625 0.6104796765625 0.3200126359375 0.5829424140625 0.2573821671875 0.439562903125
2 0.3012438328125 0.703409065625 0.19937231093750002 0.7189054328125 0.2110812046875 0.7839539296875 0.31295109062500004 0.7684555875 0.3012438328125 0.703409065625
2 0.839061503125 0.5325297390625 0.8176176515625 0.60955154375 0.8648546859374999 0.6239958203125 0.8862985390624999 0.5469740125 0.839061503125 0.5325297390625
2 0.7185213484374999 0.45656074843749994 0.6740806484374999 0.6043655218749999 0.757939934375 0.6318446796875 0.8023824125000001 0.4840401046875 0.7185213484374999 0.45656074843749994
2 0.6406357765624999 0.4693602375 0.596082328125 0.554875253125 0.6495793984375 0.583935925 0.694132846875 0.498420903125 0.6406357765624999 0.4693602375
2 0.5870250515625 0.443051421875 0.5173537046875001 0.496879828125 0.550174678125 0.53884110625 0.619846028125 0.48501270312500006 0.5870250515625 0.443051421875
2 0.690168440625 0.6117454 0.6125937234375 0.6268041656250001 0.649464365625 0.79330441875 0.7270390828125 0.7782456515625 0.690168440625 0.6117454
2 0.5012010265625 0.6650480062499999 0.49287371406249997 0.73117299375 0.5620292890624999 0.74187556875 0.5703546765625 0.6757521625 0.5012010265625 0.6650480062499999
2 0.5603264546875 0.799139775 0.5115378125000001 0.9121903140625 0.6554652484375 0.9778287984375 0.7042556703125 0.8647784546875 0.5603264546875 0.799139775
2 0.811654653125 1 0.84646869375 0.9682982171875001 0.8174773734375 0.9365516625 0.7497640453125001 0.9982118046874999 0.7804661890625 1 0.811654653125 1
2 0.7685776890625 0.8121858625 0.7567917421875 0.856837409375 0.7933938265625 0.867505396875 0.8051797765625001 0.822853846875 0.7685776890625 0.8121858625
0 0.2692154140625 0 0 0.718759496875 0 0.759400590625 0.5705586874999999 0.9877742812499999 0.7804661890625 1 0.8391535250000001 1 1 0.5705669859375 1 0.28835361718749997 0.2795911109375 0 0.2692154140625 0