2 0.1309419359375 0.46497419375 0.169861290625 0.6206467734375 0.24559354843749998 0.601714515625 0.20667580624999998 0.446040321875 0.1309419359375 0.46497419375
2 0.14632580625 0.4009483875 0.322062903125 0.710685484375 0.5594129031249999 0.5760193546875 0.38367580625 0.26628225781250003 0.14632580625 0.4009483875
2 0.36967419375 0.32872258125 0.39292258125 0.3744451609375 0.46762258125 0.336461290625 0.44437419375 0.290738709375 0.36967419375 0.32872258125
2 0.5042838703125 0.2326467734375 0.5522951609375 0.3106661296875 0.7207016125 0.2070306453125 0.6726919359375 0.129011290625 0.5042838703125 0.2326467734375
2 0.4949322578125 0.3256 0.5184677421874999 0.510261290625 0.7292806453125 0.48339193593749996 0.7057451609375 0.2987306453125 0.4949322578125 0.3256
2 0.41690806406250003 0.6810032265625 0.520190321875 0.8187145156250001 0.58847419375 0.7675016125 0.48519032187500005 0.6297919359375 0.41690806406250003 0.6810032265625
2 0.5293822578125 0.6019951609375 0.5563790328125 0.7099838703125 0.65315 0.6857919359375 0.6261516125 0.5778016125 0.5293822578125 0.6019951609375
2 0.6735822578125 0.6957709671875 0.7965693546875 0.6977887093749999 0.799811290625 0.49995322656249996 0.67682419375 0.497937096875 0.6735822578125 0.6957709671875
2 0.6363548390625 0.736912903125 0.63767258125 0.7981564515625 0.854262903125 0.7934983875 0.8529467734375 0.7322548390625 0.6363548390625 0.736912903125
2 0.2407693546875 0.6869677421875 0.35031612968750003 0.9724532265624999 0.4977822578125 0.9158661296874999 0.388235484375 0.6303806453125 0.2407693546875 0.6869677421875
2 0.15182580625 0.66887419375 0.1980935484375 0.9826806453125 0.3061419359375 0.96675 0.25987580625 0.6529435484375 0.15182580625 0.66887419375
0 0.2358235171875 1 0.9425661296875001 0.80002419375 0.7422064515625 0.0919193546875 0 0.30192741875 0 0.3313564515625 0.1891934328125 1 0.2358235171875 1