3 0.41455029843749996 0.6912923875 0.5028837265625 0.7771413468749999 0.682677871875 0.59276851875 0.5943460765624999 0.5069193765625 0.41455029843749996 0.6912923875
3 0.64125319375 0.6715800046875 0.6512600359375 0.6717473953125 0.6539168234375 0.6256014859375 0.643908234375 0.6254326531250001 0.64125319375 0.6715800046875
3 0.6646949156249999 0.52976633125 0.6806549234375 0.5885845984375 0.6928192609375 0.5848343687499999 0.6768592531250001 0.526016103125 0.6646949156249999 0.52976633125
3 0.53885121875 0.3962597359375 0.5988010640625 0.5642481171875 0.74438978125 0.5072567343750001 0.68444005 0.3392699796875 0.53885121875 0.3962597359375
3 0.5977281484375 0.322080803125 0.6186201984374999 0.3871166234375 0.630457003125 0.38289195625 0.6095649546875 0.3178561375 0.5977281484375 0.322080803125
3 0.5250504609375 0.397351234375 0.5265699140625 0.4074958203125 0.611049471875 0.3915162921875 0.6095300171875 0.38137170625 0.5250504609375 0.397351234375
3 0.3040400828125 0.6114507578125 0.3707849125 0.698037509375 0.5492079640624999 0.5578027249999999 0.482463134375 0.471215971875 0.3040400828125 0.6114507578125
3 0.3496354828125 0.5206432546875 0.38357205 0.5510691578125 0.438946384375 0.4899040515625 0.405009703125 0.459476521875 0.3496354828125 0.5206432546875
3 0.46892048906249995 0.3791324796875 0.509477515625 0.48527120312500005 0.539090909375 0.47295432656249997 0.49853562656249995 0.366817046875 0.46892048906249995 0.3791324796875
3 0.49549595 0.586957890625 0.5243732015625 0.5922213937499999 0.5427292984375 0.5093865937500001 0.5138520468750001 0.5041230875 0.49549595 0.586957890625
3 0.3162388046875 0.41245297656249996 0.507520015625 0.5256230234375 0.5367194984375 0.478389846875 0.3454382859375 0.3652198 0.3162388046875 0.41245297656249996
0 0.19199246406249998 0.5405416437499999 0.5550286890625 0.8436806078125001 0.857031296875 0.48750200625 0.49399495781249997 0.1843614203125 0.19199246406249998 0.5405416437499999