2 0.7787259484375 0.36855123125 0.8406445578125 0.5203030765625 0.91383903125 0.49191006875000004 0.8519190406250001 0.3401600453125 0.7787259484375 0.36855123125
2 0.46767594062500006 0.4331429765625 0.689491996875 0.7229372234375 0.9078142984375001 0.5581987625 0.685998240625 0.268404515625 0.46767594062500006 0.4331429765625
2 0.5949632968749999 0.662725859375 0.6250051 0.7058371218749999 0.694363021875 0.6584136921875 0.6643212187499999 0.6153024296875 0.5949632968749999 0.662725859375
2 0.36009216875 0.8241413718749999 0.41972063281249994 0.8966750984375 0.5734397796875 0.771656378125 0.513809696875 0.69912285 0.36009216875 0.8241413718749999
2 0.3108748171875 0.5472714187500001 0.361621434375 0.7300742453125 0.569162075 0.6770210078125001 0.51841545625 0.49421817968750004 0.3108748171875 0.5472714187500001
2 0.4103834625 0.2441628140625 0.5342347890625 0.36990020625 0.5952106390624999 0.30996677968749997 0.47136069375 0.18422756406250002 0.4103834625 0.2441628140625
2 0.3575073125 0.334322340625 0.40046127968749995 0.439591584375 0.4939858046875 0.40331156874999996 0.45103369375 0.29804375 0.3575073125 0.334322340625
2 0.23768430624999998 0.539325371875 0.3613621265625 0.52616634375 0.33554312343750003 0.32680968906249996 0.211865065625 0.33996709531249997 0.23768430624999998 0.539325371875
2 0.139922109375 0.2508384515625 0.150242090625 0.3122669640625 0.36684420625 0.2808374375 0.35652260625 0.219409121875 0.139922109375 0.2508384515625
2 0.4795643703125 0.08375775937499999 0.6314140796875 0.35733605625 0.771037803125 0.2822186015625 0.61918809375 0.0086403046875 0.4795643703125 0.08375775937499999
2 0.696563878125 0 0.664342046875 0.008921203125 0.7568698656249999 0.318795128125 0.8629254359375 0.28943195 0.7764999859375 0 0.696563878125 0
0 0.6517566453125 0 0.0503767125 0.255179409375 0.35543375625 0.942561221875 1 0.6690591625 1 0.464022853125 0.7940691328125 0 0.6517566453125 0