2 0.1320801234375 0.658464140625 0.148746121875 0.4805587953125 0.0624827390625 0.47647379843750004 0.0458147015625 0.6543777390625001 0.1320801234375 0.658464140625
2 0.3563571921875 0.8154839203125 0.49738090625 0.4400726828125 0.21442658125 0.3452888390625 0.07340286406249999 0.720700075 0.3563571921875 0.8154839203125
2 0.41886798281250004 0.775629121875 0.4367301421875 0.720799390625 0.34841303125 0.6957557999999999 0.3305508765625 0.7505855312499999 0.41886798281250004 0.775629121875
2 0.6964376703124999 0.9018332499999999 0.7360674671874999 0.8064547937500001 0.533951078125 0.730403084375 0.494319509375 0.82578189375 0.6964376703124999 0.9018332499999999
2 0.7043198046875 0.7099220328125 0.6992596015625 0.50382583125 0.4634519359375 0.520566559375 0.468512140625 0.726662759375 0.7043198046875 0.7099220328125
2 0.4069469984375 0.3977424671875 0.497243075 0.2253481015625 0.413753503125 0.1845081859375 0.323459465625 0.356903953125 0.4069469984375 0.3977424671875
2 0.5703116640625 0.4235761953125 0.5818742703125 0.3001639484375 0.471646553125 0.29494388125 0.46008544531249995 0.41835401875 0.5703116640625 0.4235761953125
2 0.639269259375 0.4994383453125 0.7738792671875 0.47041856718749997 0.737234253125 0.255825825 0.6026245171875 0.28484735625 0.639269259375 0.4994383453125
2 0.7933297687499999 0.20602020156249998 0.78453095625 0.1390831671875 0.5460988546875 0.18125609375 0.554895896875 0.2481934828125 0.7933297687499999 0.20602020156249998
2 0.3004651484375 0.41824935781250006 0.372917803125 0.08366788593749999 0.20164692031250003 0.054250414062499995 0.129194265625 0.388831884375 0.3004651484375 0.41824935781250006
2 0.1558492734375 0.42169218906249994 0.154130784375 0.07009228125 0.0329106484375 0.07632259375 0.0346273671875 0.42792285156250004 0.1558492734375 0.42169218906249994
0 0 0.8659177328125001 0.77891584375 0.9270372109375 0.88032995625 0.11272077656249999 0.104034653125 0.0518045828125 0.0190933953125 0.06868975000000001 0 0.22200340624999998 0 0.8659177328125001