2 0.5135416265625 0.126315028125 0.675698484375 0.2120772046875 0.7097848515625 0.1369207734375 0.547630034375 0.051157340625000006 0.5135416265625 0.126315028125
2 0.28667455468749997 0.2633485296875 0.5917592625 0.5385461421875 0.780418584375 0.324470396875 0.475333875 0.0492727828125 0.28667455468749997 0.2633485296875
2 0.30240429999999996 0.3348801671875 0.34792098125000004 0.37263922968749996 0.40251834375 0.3040105140625 0.3570016671875 0.26625145 0.30240429999999996 0.3348801671875
2 0.08596153906250001 0.5316362640625 0.16214067968749998 0.6049371953125 0.30478346875 0.4553490390625 0.22860461718749997 0.38204639218750003 0.08596153906250001 0.5316362640625
2 0.2644223140625 0.6151635921875 0.46081337343750006 0.6928259203125 0.5276380046875 0.4762538421875 0.331246946875 0.3985915140625 0.2644223140625 0.6151635921875
2 0.6634222734375 0.4749250515625 0.7945732265625 0.624029953125 0.8623954671874999 0.565996021875 0.731242471875 0.416892378125 0.6634222734375 0.4749250515625
2 0.5817802046875 0.6100403296875 0.694267271875 0.669534528125 0.7378232046875 0.5734994171875 0.6253376015625001 0.51400739375 0.5817802046875 0.6100403296875
2 0.48597863906249994 0.6411763296874999 0.466211415625 0.772565440625 0.68169393125 0.8255007984375 0.701459403125 0.6941112296874999 0.48597863906249994 0.6411763296874999
2 0.7090683765625 0.8952892468750001 0.7753607312499999 0.9141437109374999 0.819089259375 0.685096240625 0.7527971890625 0.666240059375 0.7090683765625 0.8952892468750001
2 1 0.38845008281250004 0.769168203125 0.23124336875 0.6813714421875 0.37196738906250004 0.9719294125 0.569850278125 1 0.5248576609375 1 0.38845008281250004
2 1 0.22927514062499998 0.765393021875 0.1314823765625 0.7287974375 0.2418688515625 1 0.354914496875 1 0.22927514062499998
0 0.3273678390625 0 0.03325884375 0.595003675 0.7491377031249999 1 0.771591315625 1 1 0.5379165375 1 0.19860861093749999 0.6489351906249999 0 0.3273678390625 0