3 0.7106435265625 0.5937448562500001 0.61827040625 0.503967975 0.430248678125 0.696776353125 0.5226235046875 0.7865530421875 0.7106435265625 0.5937448562500001
3 0.6805666125000001 0.6280799859374999 0.6701001140625 0.627903428125 0.6673236015625 0.676162096875 0.6777882734375 0.6763371453125 0.6805666125000001 0.6280799859374999
3 0.7212489 0.58544770625 0.7045586953125 0.5239384078125 0.6918378203125 0.527860215625 0.708528025 0.5893695140624999 0.7212489 0.58544770625
3 0.7751788562499999 0.50432076875 0.7124863265625 0.3286483453125 0.5602365687499999 0.388245475 0.6229292171874999 0.5639196 0.7751788562499999 0.50432076875
3 0.6560334671875 0.3742660984375 0.6341855734374999 0.306254784375 0.6218072140625 0.3106727359375 0.643655109375 0.37868405 0.6560334671875 0.3742660984375
3 0.635738009375 0.3832850109375 0.6341490375000001 0.37267629375 0.545804403125 0.3893869125 0.5473933734374999 0.3999956296875 0.635738009375 0.3832850109375
3 0.5710671515625 0.5571793203125 0.5012686375000001 0.46663108124999997 0.3146824390625 0.6132818375 0.3844809546875 0.703830075 0.5710671515625 0.5571793203125
3 0.455760925 0.486174171875 0.420271584375 0.4543545328125 0.362363903125 0.51831974375 0.3978531234375 0.5501376812500001 0.455760925 0.486174171875
3 0.5604872249999999 0.46844896875 0.5180764718749999 0.3574557359375 0.48710639375 0.37033461875 0.5295189703125 0.4813293625 0.5604872249999999 0.46844896875
3 0.5642920765625 0.506548071875 0.53409364375 0.5010437515625 0.514897725 0.5876683828125 0.5450961578125 0.5931727 0.5642920765625 0.506548071875
3 0.55800731875 0.47413317343749994 0.357974678125 0.3557854125 0.3274392734375 0.4051795828125 0.5274719125 0.5235273453125 0.55800731875 0.47413317343749994
0 0.8929739046874999 0.48366222812500004 0.5133280609375 0.166652465625 0.197508459375 0.5391285156250001 0.577154184375 0.8561365828125 0.8929739046874999 0.48366222812500004