4 0.8233943437500001 0.532810984375 0.6757202359375001 0.3891052296875 0.29886010625 0.7776278484375 0.44653258281249997 0.92133325625 0.8233943437500001 0.532810984375
4 0.5532235859375 0.647401303125 0.24228295000000002 0.514593665625 0.1810746640625 0.6649441281249999 0.49201662500000004 0.7977537375 0.5532235859375 0.647401303125
4 0.3248971625 0.7266645281249999 0.3038379578125 0.59826651875 0.0392905484375 0.6357191765625 0.06034811718750001 0.7641168421875 0.3248971625 0.7266645281249999
4 0.31876701875 0.40593335 0.24253306874999997 0.349000665625 0.09177122343750001 0.5541477921875 0.168003540625 0.6110801328125001 0.31876701875 0.40593335
4 0.5573550921875 0.483280059375 0.51297015625 0.407612540625 0.3354528859375 0.509191553125 0.379837821875 0.5848590703125 0.5573550921875 0.483280059375
4 0.823089215625 0.3342175890625 0.5394195265625 0.24374502968749998 0.490921584375 0.40687771875 0.7745912703125 0.497350278125 0.823089215625 0.3342175890625
4 0.41825576093750005 0.3969264453125 0.3687134703125 0.346400925 0.2905626859375 0.4231064671875 0.3401049765625 0.47363198906250004 0.41825576093750005 0.3969264453125
4 0.51665288125 0.2341585453125 0.3267273765625 0.1650474609375 0.2831824328125 0.29205311875 0.4731095703125 0.36116455 0.51665288125 0.2341585453125
0 0.704815321875 1 0.9886048125 0.44403497812500003 0.9912231859375 0.3540472890625 0.3565825984375 0.0186877015625 0.3429362421875 0.0179725265625 0 0.6898077546875 0 0.7447630265625 0.48301676093749996 1 0.704815321875 1
2 0.01015625 0.43984375 0.0203125 0.1078125
2 0.11171875 0.15703125 0.1671875 0.2171875