4 0.3873449953125 0.6832713515625 0.5333317937500001 0.8332894921875 0.9280210859375 0.4504457984375 0.7820346390624999 0.3004293140625 0.3873449953125 0.6832713515625
4 0.5148253109375001 0.24295410781250001 0.64974100625 0.558830309375 0.8024799874999999 0.49665180937500003 0.6675622890625 0.1807742625 0.5148253109375001 0.24295410781250001
4 0.5998263046875 0.3054861796875 0.7302623781250001 0.3268796578125 0.7683091734375 0.0581314203125 0.6378734484375 0.036739604687499997 0.5998263046875 0.3054861796875
4 0.3466038515625 0.243208196875 0.404440228125 0.320652209375 0.612843309375 0.16749566093749998 0.55500728125 0.09005330624999999 0.3466038515625 0.243208196875
4 0.40614607343750003 0.5179379359375 0.48301466406250004 0.5630273953125 0.5862060390625 0.382692390625 0.5093374515625 0.33760293125 0.40614607343750003 0.5179379359375
4 0.23967749062500002 0.5448071375 0.331586121875 0.8329795203125 0.49730821875000003 0.7837117671875 0.4053995875 0.49553938750000004 0.23967749062500002 0.5448071375
4 0.34396284375 0.3713914625 0.3952903578125 0.42172013750000004 0.4732134484375 0.342328865625 0.421885934375 0.2920001890625 0.34396284375 0.3713914625
4 0.1597307546875 0.328738921875 0.22993883906249998 0.5216791171875 0.3589608125 0.4774446421875 0.288752375 0.2845027890625 0.1597307546875 0.328738921875
0 0.6866013140625 0 0.010321296875 0.345205071875 0.0110478234375 0.3590680359375 0.349731928125 1 0.4453454109375 1 1 0.7168794125 1 0.47248984531250005 0.7503256859375 0 0.6866013140625 0
2 0.4390625 0.00859375 0.109375 0.0171875
2 0.1515625 0.11015625 0.2203125 0.16875