2 0.6278552656249999 0.8359765906250001 0.660817675 0.7917924640625 0.58960281875 0.7390137640625001 0.5566404109375 0.783197890625 0.6278552656249999 0.8359765906250001
2 0.7760788828125 0.9088020359375 0.8023482281250001 0.8645448828125 0.69808460625 0.803420528125 0.6718135390625 0.8476762375 0.7760788828125 0.9088020359375
2 0.72754566875 0.7905922750000001 0.7288315921875 0.7521105515625 0.6440651078124999 0.7502626359375 0.642779053125 0.7887427687499999 0.72754566875 0.7905922750000001
2 0.6502253671875 0.5890815500000001 0.6581618953125 0.5085782515624999 0.5639943609375 0.5003757390625 0.55605624375 0.5808791875 0.6502253671875 0.5890815500000001
2 0.7069000546875001 0.6657654921875 0.703922075 0.629313434375 0.6592035593750001 0.6334846859375001 0.6621815390625 0.66993674375 0.7069000546875001 0.6657654921875
2 0.7227712625 0.502477878125 0.7772178203125 0.4661855859375 0.7013907640625 0.35125595 0.6469442078125 0.38754824375 0.7227712625 0.502477878125
2 0.645969984375 0.278058778125 0.7332437374999999 0.24596639687500002 0.7135224703125 0.190800325 0.6262504390625 0.2228941484375 0.645969984375 0.278058778125
2 0.198134153125 0.5259259421875 0.2058101046875 0.45421260625000004 0.16220564375 0.45004490468749997 0.15452969218749998 0.5217582421875 0.198134153125 0.5259259421875
2 0.31507552968749997 0.5710039578125 0.3326967703125 0.432790440625 0.25502006875 0.4237742921875 0.23739723750000002 0.5619879578125 0.31507552968749997 0.5710039578125
2 0.3816624140625 0.545629615625 0.40841466718749997 0.46225227343749997 0.357189778125 0.4463458453125 0.33043752187500003 0.5297231890625 0.3816624140625 0.545629615625
2 0.432588165625 0.5590919921874999 0.48600756875 0.4990720921875 0.45108144687499996 0.4680608265625 0.39766204374999997 0.5280807234375 0.432588165625 0.5590919921874999
2 0.3174893765625 0.42920412968750005 0.38347549999999997 0.40189639843749997 0.32693269375 0.26194090000000003 0.2609465703125 0.28924863125 0.3174893765625 0.42920412968750005
2 0.47581773437499997 0.348047109375 0.47354741093749997 0.28830518125000004 0.4112243359375 0.291401325 0.4134961234375 0.35114151250000003 0.47581773437499997 0.348047109375
2 0.40441748281249995 0.2406622546875 0.43089884375 0.13226841875 0.29490355 0.1005227375 0.26842059375 0.20891671875 0.40441748281249995 0.2406622546875
2 0.1585187671875 0.1662086890625 0.2145230328125 0.0924833890625 0.184444846875 0.06977275 0.12843911875 0.1434997890625 0.1585187671875 0.1662086890625
2 0.2195227828125 0.2668797078125 0.22340539218750002 0.225422515625 0.18969406875 0.2226548671875 0.18581145625 0.2641120625 0.2195227828125 0.2668797078125
0 0.9149736671875001 0.1764739546875 0.1455290953125 0.03566455625 0.019635620312499998 0.68410810625 0.02566775 0.7579445390624999 0.7754436828125 0.895154928125 0.9149736671875001 0.1764739546875