2 0.47144781875 0.11073827031250001 0.32311552187500003 0.17162944687499998 0.3523229390625 0.24360641875 0.5006570531250001 0.18271659843750002 0.47144781875 0.11073827031250001
2 0.5368114281249999 0.11666289999999999 0.2553222515625 0.3347934328125 0.4212532953125 0.5494882624999999 0.702742475 0.3313577296875 0.5368114281249999 0.11666289999999999
2 0.639136446875 0.3265676375 0.597209925 0.3561102890625 0.64508843125 0.42431581406249996 0.687014953125 0.3947731625 0.639136446875 0.3265676375
2 0.7526983546875 0.4454817125 0.6823141171875 0.5041210265625 0.80803223125 0.65528450625 0.87841669375 0.5966467828125 0.7526983546875 0.4454817125
2 0.6596047875 0.44968834218750003 0.48050965 0.4995917953125 0.5363032484375 0.7036841 0.7153983875 0.653780646875 0.6596047875 0.44968834218750003
2 0.29779848750000004 0.4240725796875 0.17613677187500001 0.54586473125 0.236189065625 0.6058288125 0.357848965625 0.48403530312500004 0.29779848750000004 0.4240725796875
2 0.3914330046875 0.52361554375 0.2885360125 0.5658539953124999 0.32585758125000003 0.6578264140625001 0.428755940625 0.6155861375 0.3914330046875 0.52361554375
2 0.318838628125 0.6794256640625 0.33391546875 0.8010487828124999 0.5297371937500001 0.775658534375 0.5146587593749999 0.6540356484375 0.318838628125 0.6794256640625
2 0.273042228125 0.6486446546875 0.21274425625 0.6587947609375 0.2474050203125 0.8717963937500001 0.3077032171875 0.8616478781250001 0.273042228125 0.6486446546875
2 0.2674618453125 0.251166825 0.0007356703125 0.40049351718750004 0.07708498750000001 0.5377973609375 0.3438111625 0.3884706671875 0.2674618453125 0.251166825
2 0 0.35528574062499996 0.000236909375 0.3560898078125 0.303714121875 0.26509935625000003 0.2729855390625 0.16080592656249998 0 0.24265566249999998 0 0.35528574062499996
0 0.5007309546875 0 0 0.223705103125 0 0.387300771875 0.2532161421875 0.9598539718750001 0.9246946749999999 0.6598655156250001 0.632866334375 0 0.5007309546875 0