2 0.484735540625 0.8847669781249999 0.32012336874999997 0.8176010281250001 0.28932615156249997 0.8969969250000001 0.45393634531249993 0.9641643734375 0.484735540625 0.8847669781249999
2 0.7045420734375 0.7208048781249999 0.39018899218750003 0.48019085156249997 0.21148964375 0.717015040625 0.5258427250000001 0.95762906875 0.7045420734375 0.7208048781249999
2 0.6859928109375 0.6508529890625 0.6392280515625 0.618265271875 0.5877856859375 0.6935009828124999 0.6345504453124999 0.7260887015625 0.6859928109375 0.6508529890625
2 0.893003496875 0.428171534375 0.81432284375 0.3634898109375 0.6787095328125 0.530234246875 0.75738996875 0.5949177265625 0.893003496875 0.428171534375
2 0.7122839265625001 0.36514867500000003 0.5139893359375 0.310101496875 0.45644005937500004 0.535230325 0.654734653125 0.5902775046875 0.7122839265625001 0.36514867500000003
2 0.32158666406249997 0.5523902796875 0.1851935609375 0.418043078125 0.12017905312499999 0.484187871875 0.256574134375 0.6185335750000001 0.32158666406249997 0.5523902796875
2 0.3971840921875 0.4072800328125 0.282993725 0.3606858984375 0.243640678125 0.46213824375 0.3578294984375 0.5087303640624999 0.3971840921875 0.4072800328125
2 0.49109569531249997 0.3648673921875 0.5053698953125 0.2307084 0.2891168484375 0.20270108750000002 0.27484440781249997 0.3368603375 0.49109569531249997 0.3648673921875
2 0.2590692484375 0.1358558265625 0.19243493125 0.12466127187500001 0.1583420984375 0.3596177421875 0.224976203125 0.3708140546875 0.2590692484375 0.1358558265625
2 0 0.683556659375 0.22647441562499998 0.8092613453125 0.30795775625 0.6578051031250001 0.0111948578125 0.493086775 0 0.5138950890625 0 0.683556659375
2 0 0.8389735 0.2342990640625 0.908936065625 0.266150646875 0.7938927359375 0 0.7144206125 0 0.8389735
0 0.6705503875 1 0.942778275 0.35843661718750003 0.197143765625 0.02752728125 0 0.4921349265625 0 0.8695976171875 0.293834946875 1 0.6705503875 1