2 0.444908496875 0.9065620921875001 0.6026160125 0.8671339874999999 0.5834362750000001 0.7904117640625 0.42572712343749997 0.8298382359375 0.444908496875 0.9065620921875001
2 0.3800457515625 0.8909771234375 0.6938316999999999 0.7129428109375 0.557405228125 0.4724901953125 0.24361928124999999 0.6505245093750001 0.3800457515625 0.8909771234375
2 0.3068758171875 0.66470915 0.353196078125 0.6411568625 0.3147156859375 0.5654803921875 0.268395425 0.5890326796875 0.3068758171875 0.66470915
2 0.20954411718750002 0.52833986875 0.2885833328125 0.4797009796875 0.1835931375 0.3090931375 0.10455392187500001 0.3577303921875 0.20954411718750002 0.52833986875
2 0.30371241875 0.537813725 0.49078758125000005 0.5139705875 0.46356699375000004 0.3004019609375 0.27649182968749997 0.3242450984375 0.30371241875 0.537813725
2 0.6637614375 0.61685784375 0.8032728765625 0.512225490625 0.7513905234375 0.44304902031250004 0.6118807187499999 0.54768300625 0.6637614375 0.61685784375
2 0.5837205875 0.5029133984375 0.693120915625 0.47556372500000005 0.6686127453124999 0.377527778125 0.559210784375 0.404879084375 0.5837205875 0.5029133984375
2 0.678722221875 0.35682843124999997 0.680766340625 0.23223365937499998 0.480344771875 0.228949346875 0.47830228750000003 0.3535441171875 0.678722221875 0.35682843124999997
2 0.7204019609375 0.394542484375 0.782446078125 0.393207515625 0.7777271234375001 0.1737859484375 0.71568300625 0.17511928125 0.7204019609375 0.394542484375
2 0.669803921875 0.7952990203125 0.9590212421875 0.6843202609375 0.90169444375 0.5349264703125 0.6124771234375 0.645905228125 0.669803921875 0.7952990203125
2 0.65147385625 0.885405228125 0.9693823531250001 0.8385326796875001 0.9532434640625 0.7290718953125 0.6353349671874999 0.7759428109375001 0.65147385625 0.885405228125
0 0.4481393921875 1 0.9993039218750001 0.8440473859375001 0.7843382359375 0.08432843125 0.0669771234375 0.28730718906249997 0.26863427500000003 1 0.4481393921875 1