2 0.4523485421875 0.89479486875 0.6212446890625001 0.9106189546874999 0.6251241828125 0.8287214015625001 0.45622670468750004 0.8128992515625001 0.4523485421875 0.89479486875
2 0.327805859375 0.750544384375 0.6842089312499999 0.8844276609374999 0.7741935953125 0.6158001343749999 0.41779052187500004 0.48191686093749997 0.327805859375 0.750544384375
2 0.6605276578125 0.6233420578125 0.7125812015624999 0.6402998 0.7363567609375 0.556454446875 0.68430321875 0.5394967015625001 0.6605276578125 0.6233420578125
2 0.69342065 0.44719834374999995 0.7839701515625 0.48482325 0.85617080625 0.2929389203125 0.7656216390624999 0.255315696875 0.69342065 0.44719834374999995
2 0.49420875937500003 0.5141279078125 0.689869709375 0.5093239171875 0.6739766140625 0.28545588125 0.4783156625 0.290259871875 0.49420875937500003 0.5141279078125
2 0.175166 0.561309965625 0.3388328671875 0.647032153125 0.3776036078125 0.5677718375 0.213938071875 0.4820477140625 0.175166 0.561309965625
2 0.28001001406250003 0.506348209375 0.3971715359375 0.5173239453125 0.4021292984375 0.4126788 0.2849657734375 0.4017016421875 0.28001001406250003 0.506348209375
2 0.24287261875000002 0.2542079875 0.27042470625 0.382002040625 0.474150328125 0.34721272812500004 0.4465999046875 0.2194184171875 0.24287261875000002 0.2542079875
2 0.1720785703125 0.43566564375 0.235626725 0.427314021875 0.19558879843750002 0.20095275156249998 0.13204098125 0.209306053125 0.1720785703125 0.43566564375
2 0.051503556250000006 0.762676975 0.3691441953125 0.831461140625 0.397072175 0.6688622015625 0.07943153750000001 0.600078034375 0.051503556250000006 0.762676975
2 0.07245815781250001 0.9228696375000001 0.406255871875 0.9212398421874999 0.400340684375 0.8061557531249999 0.0665433046875 0.8077872296875 0.07245815781250001 0.9228696375000001
0 0.6839163984375001 1 0.8201156718749999 0.9790685640625 0.88009861875 0.21463685781250003 0.10701339531250001 0.1183576359375 0.049181567187500004 0.8553468484375 0.06521178749999999 0.9359872828125001 0.5792127625 1 0.6839163984375001 1