2 0.41749796093749997 0.9051389984375 0.4621723109375 0.9435641562500001 0.52465594375 0.8709190421875 0.4799815953125 0.8324938859375001 0.41749796093749997 0.9051389984375
2 0.38312152187500004 1 0.41880984843749997 0.9664809265625 0.3811286015625 0.9263623187500001 0.30272483437500003 1 0.38312152187500004 1
2 0.337138965625 0.8799186296875 0.347321259375 0.9200166484375 0.43569418750000005 0.8975739812500001 0.42551212187500004 0.8574776671875 0.337138965625 0.8799186296875
2 0.3552554046875 0.607098203125 0.38205251093750003 0.6897139453125 0.47881648749999994 0.6583262828125 0.452017678125 0.5757107687499999 0.3552554046875 0.607098203125
2 0.33503938906249997 0.7449471484375 0.3402890125 0.7839450593749999 0.388091746875 0.7775101921875 0.382842125 0.7385122828124999 0.33503938906249997 0.7449471484375
2 0.22080479999999997 0.5913756671875 0.2861730171875 0.616317871875 0.3392186203125 0.47729365625 0.27385040312500003 0.452351453125 0.22080479999999997 0.5913756671875
2 0.21630873125 0.34949219375 0.31510091562500003 0.362084990625 0.3230926609375 0.299388428125 0.2243019484375 0.2867937015625 0.21630873125 0.34949219375
2 0.8166360171875 0.44060992499999996 0.8411420265625 0.51405849375 0.885863146875 0.4991364609375 0.8613571375 0.42568789218749997 0.8166360171875 0.44060992499999996
2 0.67879701875 0.44880199843749996 0.7289893734375 0.589676059375 0.8082915109375 0.5614222625 0.7580974546875 0.42054842968750006 0.67879701875 0.44880199843749996
2 0.606242765625 0.498051503125 0.6534102203125001 0.579134709375 0.703418996875 0.5500430640625 0.6562515390625 0.46895985781249994 0.606242765625 0.498051503125
2 0.5334137046875 0.5554809765625001 0.60315366875 0.605587553125 0.6326206125 0.5645763703125 0.562880646875 0.5144697921875 0.5334137046875 0.5554809765625001
2 0.618510459375 0.42864135625 0.6939041796875001 0.44135821562500005 0.7210026796875 0.2807185921875 0.6456089609375 0.2680017328125 0.618510459375 0.42864135625
2 0.49807531093749996 0.33114471874999996 0.5094134875 0.3944277890625 0.575409171875 0.3826048890625 0.5640729265625 0.31932329375 0.49807531093749996 0.33114471874999996
2 0.5069266734375 0.1569787109375 0.5595540234375 0.26439683125 0.694729415625 0.198170965625 0.6421003671875 0.090753078125 0.5069266734375 0.1569787109375
2 0.7244574625 0.062871321875 0.8000519046875001 0.1267445765625 0.826348090625 0.0956236734375 0.7507517171875 0.031748946875 0.7244574625 0.062871321875
2 0.7456749015625 0.20461664218750003 0.7592605171875 0.2472111515625 0.793939496875 0.236151915625 0.78035388125 0.193557409375 0.7456749015625 0.20461664218750003
0 0.41706970312499997 1 0.9786231640624999 0.7576200531249999 0.98905041875 0.501716871875 0.981342175 0.44445458125000004 0.8023860718750001 0.0298435109375 0.693586625 0.025410275 0.009981775 0.3204701421875 0.30328331406250003 1 0.41706970312499997 1