2 0.3031148796875 0.7960957890625 0.4548629125 0.8707555671874999 0.489869853125 0.7974898687499999 0.338119834375 0.72283138125 0.3031148796875 0.7960957890625
2 0.2420207171875 0.6201943421875 0.5237310125 0.8693382656249999 0.7107445515624999 0.6565780046875 0.4290342546875 0.4074340796875 0.2420207171875 0.6201943421875
2 0.6016484656250001 0.6229139015625 0.643787790625 0.6569355265625 0.6981314046875 0.588990271875 0.65599208125 0.5549686484375 0.6016484656250001 0.6229139015625
2 0.6998786515625001 0.47409074531249995 0.7700680875 0.5406798484374999 0.911057796875 0.391528115625 0.8408680281249999 0.324940665625 0.6998786515625001 0.47409074531249995
2 0.48809437187500004 0.4640486078125 0.6727550578125 0.5294515390625001 0.7436882796875001 0.31972846875 0.5590275921875001 0.25432553750000003 0.48809437187500004 0.4640486078125
2 0.171910621875 0.3932694546875 0.29198854375 0.52977608125 0.358586290625 0.471358046875 0.23851035468749998 0.33485013124999996 0.171910621875 0.3932694546875
2 0.290934415625 0.3805642515625 0.39620095625 0.43235381562499997 0.440931971875 0.33873833593749997 0.3356641109375 0.2869467609375 0.290934415625 0.3805642515625
2 0.352851109375 0.13749449375 0.32962598593750003 0.2638046328125 0.533312046875 0.30475229531250003 0.556538825 0.17844251875 0.352851109375 0.13749449375
2 0.21717105937499998 0.277644015625 0.279748821875 0.2926957578125 0.3290771953125 0.072088953125 0.2664991 0.057038860937500005 0.21717105937499998 0.277644015625
2 0 0.546244296875 0.24963981875000002 0.70869281875 0.338040665625 0.5704449203124999 0.06760373593749999 0.3944630609375 0 0.5001868734375 0 0.546244296875
2 0 0.70974878125 0.2499138734375 0.8037615 0.28848559375 0.696753165625 0 0.5882321593750001 0 0.70974878125
0 0.25999031875 0 0 0.5031772890624999 0 0.73502295625 0.494986771875 0.9974988937499999 0.53792910625 1 0.616558015625 1 0.9634195562500001 0.3286898484375 0.343565378125 0 0.25999031875 0