3 0.5433578125 0.5243859375000001 0.5372765625 0.47755468749999996 0.511975 0.480840625 0.5180578125 0.527671875 0.5433578125 0.5243859375000001
3 0.4531203125 0.4179109375 0.4166046875 0.324515625 0.40786718750000006 0.3279328125 0.44438125 0.42132812499999994 0.4531203125 0.4179109375
3 0.4765453125 0.4225625 0.45665625 0.3181515625 0.44283593750000005 0.320784375 0.46272343749999995 0.4251953125 0.4765453125 0.4225625
3 0.44696875 0.4354296875 0.4140796875 0.4033703125 0.4045453125 0.41315156249999996 0.43743437500000004 0.4452109375 0.44696875 0.4354296875
3 0.4487375 0.5344656249999999 0.44085 0.5271125 0.405925 0.5645718750000001 0.41381249999999997 0.5719265625000001 0.4487375 0.5344656249999999
3 0.47779218749999997 0.6117765625 0.473134375 0.50428125 0.44838750000000005 0.505353125 0.4530453125 0.6128484375000001 0.47779218749999997 0.6117765625
3 0.5246234375000001 0.6145015625 0.491540625 0.49871406250000005 0.4733546875 0.503909375 0.5064375 0.619696875 0.5246234375000001 0.6145015625
3 0.527578125 0.3415921875 0.5164187499999999 0.3345765625 0.4882765625 0.37934843749999997 0.4994375 0.3863625 0.527578125 0.3415921875
3 0.490696875 0.3466921875 0.4809140625 0.344828125 0.4672625 0.41650312500000003 0.47704531250000004 0.4183671875 0.490696875 0.3466921875
3 0.5448828125 0.43629843749999997 0.5425015625 0.43100781250000003 0.5169312500000001 0.4425140625 0.5193125000000001 0.4478046875 0.5448828125 0.43629843749999997
3 0.426003125 0.4800859375 0.418359375 0.456934375 0.37932343749999997 0.46982187499999994 0.3869671875 0.4929734375 0.426003125 0.4800859375
3 0.5242015624999999 0.4251125 0.5088359375 0.407553125 0.4877328125 0.42601562499999995 0.5031 0.4435765625 0.5242015624999999 0.4251125
3 0.5122421875 0.47731874999999996 0.5009921875 0.45544531250000003 0.48002968749999997 0.4662265625 0.49127968749999995 0.48810000000000003 0.5122421875 0.47731874999999996
3 0.50228125 0.417090625 0.42703125000000003 0.41030156250000005 0.415328125 0.5400140625 0.49057812500000003 0.5468046875 0.50228125 0.417090625
0 0.7180140625 0.1377875 0.32060625 0.100753125 0.24927812500000002 0.8661468749999999 0.6466875 0.9031812499999999 0.7180140625 0.1377875