0 0.4834533109375 0 0.25606589999999996 0.6716272578125 0.6397953765625 0.920496053125 0.8620983359375 0.2378533203125 0.52047476875 0 0.4834533109375 0
3 0.5248914140625 0.46496882656249994 0.5301721578125 0.4111311390625 0.50107343125 0.408108434375 0.49579094531249995 0.46194570781250005 0.5248914140625 0.46496882656249994
3 0.601724903125 0.6630218453125 0.585028478125 0.5492085437500001 0.574388921875 0.5507096984375 0.591087090625 0.6645234109375 0.601724903125 0.6630218453125
3 0.56083366875 0.6617512 0.565543384375 0.540047246875 0.5494302453125 0.5393300875 0.5447222765624999 0.6610344546875 0.56083366875 0.6617512
3 0.6274039046875 0.5688573406249999 0.5989428453125 0.5244088140625001 0.5857745234375 0.5327974453125 0.61423558125 0.57724596875 0.6274039046875 0.5688573406249999
3 0.6648997546875 0.3996169734375 0.6579881203125 0.389329590625 0.609331109375 0.4218773609375 0.6162431453125 0.432163003125 0.6648997546875 0.3996169734375
3 0.602216675 0.45443839218750004 0.62472799375 0.333320103125 0.5968177140625001 0.32797430625 0.5743063937499999 0.449092596875 0.602216675 0.45443839218750004
3 0.5739645078125 0.44944910625 0.5668723953125 0.3115692671875 0.545225446875 0.31255647343750004 0.5523175625000001 0.45043631093750003 0.5739645078125 0.44944910625
3 0.5251896984375 0.5844248921874999 0.5145349203125 0.5736521421874999 0.47156940625 0.6161451796875 0.48222203593749996 0.6269192593749999 0.5251896984375 0.5844248921874999
3 0.5582339109375 0.5485416578125 0.5477903546875 0.5438768625 0.5140681671875 0.6202059249999999 0.5245117265625 0.6248707203125 0.5582339109375 0.5485416578125
3 0.509476275 0.50640351875 0.508181153125 0.499873578125 0.47666136562499994 0.5059473515625 0.4779564859375 0.5124772921875 0.509476275 0.50640351875
3 0.6701780015625001 0.512321 0.6676110265624999 0.48448014375000004 0.6206985671874999 0.48853508437500004 0.62326554375 0.5163759406249999 0.6701780015625001 0.512321
3 0.5378277890625001 0.5325217531249999 0.5251950515625 0.508874490625 0.4968716140625 0.5238893609375 0.5095030125 0.547534465625 0.5378277890625001 0.5325217531249999
3 0.5567960640625 0.48971152812499996 0.5498726109375001 0.46234290937500006 0.523685109375 0.46882607031249995 0.530608559375 0.49619468906249997 0.5567960640625 0.48971152812499996
3 0.6480685625 0.4245202671875 0.5657902234375001 0.3970563296875 0.5192811859375001 0.538630078125 0.601559928125 0.5660922703125 0.6480685625 0.4245202671875