3 0.5043921250000001 0.49915009687499995 0.500022396875 0.5531273640625 0.5293667890625 0.55736404375 0.533738278125 0.5033872640625 0.5043921250000001 0.49915009687499995
3 0.4235703046875 0.29663389375000004 0.4423769796875 0.41188540937499996 0.45306056406249995 0.410810884375 0.43425212812499997 0.2955588765625 0.4235703046875 0.29663389375000004
3 0.46475445468750004 0.2995907875 0.4621519796875 0.421906840625 0.47838434375 0.42328989687499996 0.48098505312500006 0.30097335625 0.46475445468750004 0.2995907875
3 0.39937590156249997 0.3903678546875 0.428806278125 0.4362783140625 0.4419143515625 0.4283744953125 0.41248396875 0.382464034375 0.39937590156249997 0.3903678546875
3 0.364605584375 0.55918960625 0.3717437078125 0.5698286640625 0.4201508109375 0.539062 0.413012309375 0.528424678125 0.364605584375 0.55918960625
3 0.426740209375 0.506577421875 0.40620804218749995 0.627573503125 0.4343969421875 0.634099884375 0.4549291078125 0.5131037984375 0.426740209375 0.506577421875
3 0.45526699062500003 0.5127589593749999 0.4648286640625 0.6518421875 0.48660150937499996 0.6517366625000001 0.4770398375 0.5126534328125001 0.45526699062500003 0.5127589593749999
3 0.5019929578125 0.3788913203125 0.5129075234375 0.3901725390625 0.555410725 0.349161265625 0.544498296875 0.3378787984375 0.5019929578125 0.3788913203125
3 0.4693605703125 0.41365613906250004 0.4799551984375 0.41878032187500003 0.5125593890625 0.3433298515625 0.5019647609375 0.33820566875 0.4693605703125 0.41365613906250004
3 0.519181240625 0.4580737328125 0.5205996671875 0.46470002343749994 0.5522213109375 0.45987937187499994 0.550802884375 0.4532530796875 0.519181240625 0.4580737328125
3 0.3573121328125 0.4455232109375 0.360385275 0.47365362656250004 0.4075369203125 0.4714967578125 0.40446377499999997 0.443366340625 0.3573121328125 0.4455232109375
3 0.49018320312499997 0.4306193546875 0.5033150328125 0.45494143906250006 0.531562071875 0.44098937187500004 0.51843163125 0.41666951093750004 0.49018320312499997 0.4306193546875
3 0.4718416109375 0.4729345625 0.479291759375 0.500768365625 0.5055386390625001 0.495316825 0.4980884921875 0.467483021875 0.4718416109375 0.4729345625
3 0.3811105859375 0.5348121375 0.4644159421875 0.5658338374999999 0.5087452078125 0.42523160625 0.42543947656250003 0.39421164218750004 0.3811105859375 0.5348121375
0 0.558572053125 1 0.8192505609375 0.18190996406249998 0.3815625265625 0.0175196578125 0.3793776640625 0.0174178953125 0.1154471046875 0.8457078640625 0.5262492640625 1 0.558572053125 1