0 0.34189739218750004 0 0.109583359375 0.7133845046875 0.503100025 0.9873680765625 0.75138854375 0.25400585625 0.359738259375 0 0.34189739218750004 0
3 0.46669485625 0.472862875 0.46110240312500006 0.52987848125 0.4919187625 0.533079609375 0.49751306093750003 0.476064440625 0.46669485625 0.472862875
3 0.3853260578125 0.26311922499999996 0.403008034375 0.3836506734375 0.414275621875 0.382060909375 0.396591796875 0.2615290265625 0.3853260578125 0.26311922499999996
3 0.4286310109375 0.264464875 0.4236432921875 0.39335274062500003 0.4407075515625 0.394112234375 0.445693421875 0.265223928125 0.4286310109375 0.264464875
3 0.35813128125000004 0.3628420515625 0.3882723328125 0.4099142765625 0.40221795312499997 0.40103048281250003 0.3720769015625 0.3539582625 0.35813128125000004 0.3628420515625
3 0.3184221359375 0.5420723015625 0.3257417484375 0.5529669265625 0.3772708734375 0.518497934375 0.369950834375 0.507605153125 0.3184221359375 0.5420723015625
3 0.38480525625 0.48401489687500004 0.3609651453125 0.6122825296875 0.39052290625 0.6179438765625 0.41436302031250005 0.48967624374999996 0.38480525625 0.48401489687500004
3 0.41472508750000003 0.4892986890625 0.42223583124999997 0.6353172687499999 0.44516055000000004 0.6342717906249999 0.43764980312499996 0.4882532125 0.41472508750000003 0.4892986890625
3 0.466378965625 0.3463555828125 0.477662671875 0.3577642234375 0.52316434375 0.3127629171875 0.5118829125000001 0.30135286875 0.466378965625 0.3463555828125
3 0.43138422500000007 0.38435692499999996 0.44244424374999997 0.3892970734375 0.478156975 0.308462475 0.46709695625 0.303522328125 0.43138422500000007 0.38435692499999996
3 0.4830199171875 0.4289823859375 0.48439148750000005 0.435897771875 0.5177718171875 0.42946547968750004 0.51640025 0.422550090625 0.4830199171875 0.4289823859375
3 0.312832325 0.42271560781249995 0.3155508234375 0.452199846875 0.36523242031250003 0.447905553125 0.36251392031249996 0.41842131250000003 0.312832325 0.42271560781249995
3 0.4529948765625 0.40132245 0.46637329687499995 0.4263655578125 0.496368603125 0.41046439218749997 0.48299159999999997 0.38542356875 0.4529948765625 0.40132245
3 0.43290694687500003 0.4466596671875 0.44023907500000004 0.47564379375000004 0.467972365625 0.46877794687499996 0.460640240625 0.43979381875 0.43290694687500003 0.4466596671875
3 0.33624683437499997 0.5156990218749999 0.42338188125 0.5447840953124999 0.4726362453125 0.3948535625 0.3855007703125 0.3657703390625 0.33624683437499997 0.5156990218749999