3 0.5709912593750001 0.4602290203125 0.5185926578125 0.46703321718749996 0.52226923125 0.4953426578125 0.5746678328125 0.4885367140625 0.5709912593750001 0.4602290203125
3 0.4518583921875 0.56119405625 0.347360140625 0.6020507 0.3511835671875 0.6118269234375 0.45568181875 0.570972028125 0.4518583921875 0.56119405625
3 0.45706293750000004 0.534984265625 0.3402395109375 0.5572377625 0.34318531406249997 0.5727010484374999 0.460008740625 0.5504493 0.45706293750000004 0.534984265625
3 0.471459790625 0.5680769234375 0.4355891609375 0.6048758734375 0.44653321718749994 0.61554370625 0.48240384687500004 0.5787447546875 0.471459790625 0.5680769234375
3 0.58226923125 0.5660979015625001 0.5740419578125 0.5749230765625 0.6159545453125 0.614 0.6241835671875 0.605174825 0.58226923125 0.5660979015625001
3 0.6687709796875 0.5335891609375001 0.548496503125 0.5388007 0.5496958046875 0.5664895109375 0.6699702796875 0.561277971875 0.6687709796875 0.5335891609375001
3 0.6718199296875 0.481190559375 0.5422674828125 0.5182062937499999 0.5480804203125 0.5385541953125 0.6776328671875 0.5015384609375 0.6718199296875 0.481190559375
3 0.3664667828125 0.477884615625 0.35861713281249996 0.4903706296875 0.40871153906249996 0.5218583921875 0.41655944062500005 0.5093706296875 0.3664667828125 0.477884615625
3 0.3721730765625 0.51915035 0.3700874125 0.5300961531249999 0.45028321718750003 0.5453706296874999 0.45236888124999997 0.534424825 0.3721730765625 0.51915035
3 0.47243181874999995 0.4585227265625 0.46651223750000004 0.46118706249999997 0.4793863640625 0.489797203125 0.48530594374999997 0.48713286718750004 0.47243181874999995 0.4585227265625
3 0.521424825 0.591534965625 0.4955209796875 0.6000874125 0.509940559375 0.6437639859375001 0.5358444062500001 0.6352115390625 0.521424825 0.591534965625
3 0.459916084375 0.48166258749999996 0.44026923125 0.4988548953125 0.4609265734375 0.5224667828125 0.48057517499999997 0.5052727265625 0.459916084375 0.48166258749999996
3 0.518328671875 0.49504370625 0.49385489531250004 0.50763111875 0.5059178328125 0.5310856640625 0.5303916078124999 0.5184982515625001 0.518328671875 0.49504370625
3 0.45094055937500005 0.5061888109375 0.44334440624999993 0.590384615625 0.5884772734375 0.6034790203125 0.596075175 0.5192832171874999 0.45094055937500005 0.5061888109375
0 0.1384335671875 0.264809440625 0.096996503125 0.7094615390625 0.95338111875 0.78926923125 0.99481818125 0.344615384375 0.1384335671875 0.264809440625