3 0.48752134687500004 0.47123798125 0.49168624375 0.5226850640625 0.519656796875 0.5186465140625 0.5154902203125 0.46719989531249995 0.48752134687500004 0.47123798125
3 0.43257805937500005 0.60585921875 0.414652946875 0.7157083203125 0.424834059375 0.7167329453125 0.44276085 0.6068833765625 0.43257805937500005 0.60585921875
3 0.45142610625 0.5963075421874999 0.45390658906250003 0.71289003125 0.46937637812500005 0.7115722703125 0.46689757812500005 0.5949893171875 0.45142610625 0.5963075421874999
3 0.419643484375 0.58260973125 0.39159265625 0.6263681390625 0.40408628281250003 0.6339014671875 0.43213711562499996 0.590143059375 0.419643484375 0.58260973125
3 0.365255721875 0.4553195546875 0.35845219687499996 0.46545990625 0.40458985781249995 0.494782728125 0.41139374218749997 0.48464403125000005 0.365255721875 0.4553195546875
3 0.398104540625 0.4002815046875 0.4176742625 0.5156058953125 0.44454180625 0.5093854421875 0.4249720859375 0.3940610484375 0.398104540625 0.4002815046875
3 0.4539773203125 0.37715041562499996 0.44486385000000006 0.5097141171875 0.46561609531250003 0.509814696875 0.47472956406250005 0.37725099375000004 0.4539773203125 0.37715041562499996
3 0.49980248281249995 0.6265542984375 0.48939953750000004 0.6373067109375 0.5299124390625 0.6763967703125 0.540313346875 0.66564316875 0.49980248281249995 0.6265542984375
3 0.4683947984375 0.5992875062499999 0.45829679375000004 0.6041714921875 0.4893726625 0.676085221875 0.4994706671875 0.6712012359374999 0.4683947984375 0.5992875062499999
3 0.5071340578125 0.555520290625 0.5057821203125 0.5618359734375 0.5359214984375 0.5664306578125 0.5372734375 0.5601149734375 0.5071340578125 0.555520290625
3 0.354429715625 0.5469863875 0.3515006265625 0.5737981890625 0.3964420359375 0.57585395625 0.3993711265625 0.549042153125 0.354429715625 0.5469863875
3 0.490659640625 0.5648214406250001 0.478143365625 0.5880034281250001 0.5050676484375 0.6012993718749999 0.5175826 0.5781195046875001 0.490659640625 0.5648214406250001
3 0.46776245781250003 0.5211426515625 0.4606615359375 0.5476717453125 0.48567809375 0.5528677453124999 0.49277901562500004 0.5263386515625 0.46776245781250003 0.5211426515625
3 0.4535839453125 0.4591271234375 0.3741835265625 0.48869468125 0.4164345015625 0.622704528125 0.49583527656250004 0.593138625 0.4535839453125 0.4591271234375
0 0.120973021875 0.19237219218749999 0.3725318359375 0.9818360687500001 0.3746142828125 0.9817390765624999 0.791785690625 0.8250545656250001 0.540033571875 0.0349783078125 0.120973021875 0.19237219218749999