0 0.98238126875 0.491852521875 0.7357960546875 0.1376875234375 0.0851522 0.34957003124999997 0.3223552703125 0.7153121890625 0.98238126875 0.491852521875
3 0.5706406328125 0.45405466250000004 0.5193265874999999 0.4590878703125 0.522207996875 0.4868242546875 0.5735216484375 0.48178938593750004 0.5706406328125 0.45405466250000004
3 0.43903560625000004 0.40176973125000004 0.330557303125 0.3858559515625 0.3291261234375 0.39599511718749997 0.43760481875 0.411910559375 0.43903560625000004 0.40176973125000004
3 0.44776746718749993 0.4203414625 0.33176838750000004 0.424830409375 0.3324515359375 0.44018657968749997 0.4484510109375 0.43569929687500003 0.44776746718749993 0.4203414625
3 0.46267284843749995 0.3885076 0.420307846875 0.361380653125 0.4123124359375 0.3739317109375 0.454677434375 0.40105865781250005 0.46267284843749995 0.3885076
3 0.591420234375 0.3322300734375 0.5816150718750001 0.325642421875 0.5505946374999999 0.3720182515625 0.560398140625 0.3786062859375 0.591420234375 0.3322300734375
3 0.6448042765625 0.36393113125 0.5293634078125 0.38538723125 0.53445861875 0.41198921874999994 0.6498994890625001 0.390533115625 0.6448042765625 0.36393113125
3 0.6655355421875 0.4190747484375 0.5341188203125 0.41231507812499996 0.533177890625 0.43294732343750003 0.6645946109375 0.4397069953125 0.6655355421875 0.4190747484375
3 0.41573780156250006 0.46895890468749996 0.40547002499999996 0.45880356874999995 0.36496758125 0.499757121875 0.375236625 0.509910409375 0.41573780156250006 0.46895890468749996
3 0.44411736562500004 0.43726231875000005 0.4396712328125 0.42730830312499996 0.36692009531249997 0.4594497609375 0.371366228125 0.46940377812499995 0.44411736562500004 0.43726231875000005
3 0.4860579953125 0.4750148390625 0.47983414687500003 0.473780425 0.47404508125 0.503822725 0.48026893125000003 0.5050571359375 0.4860579953125 0.4750148390625
3 0.5007298625 0.323058240625 0.474194046875 0.3206115921875 0.47032918125 0.365325028125 0.49686499843750004 0.367771678125 0.5007298625 0.323058240625
3 0.4774790015625 0.45879846718749995 0.45494020468749996 0.4467578890625 0.44063121250000004 0.473754940625 0.463167953125 0.4857942421875 0.4774790015625 0.45879846718749995
3 0.5218294140624999 0.43527766718749994 0.49574369999999995 0.4286787515625 0.4895644375 0.4536387171875 0.5156501515625 0.4602376296875 0.5218294140624999 0.43527766718749994
3 0.5840556859375 0.42010619374999997 0.5578791203125 0.3416846515625 0.4229433046875 0.38601319375 0.44911820625 0.4644351203125 0.5840556859375 0.42010619374999997