3 0.58773498125 0.527015859375 0.5324987250000001 0.5325594921875 0.5351444843750001 0.5623855546875001 0.5903806687500001 0.5568437625 0.58773498125 0.527015859375
3 0.772113396875 0.40997100625 0.660790346875 0.44966360312500003 0.664381825 0.4600440375 0.7757049515625 0.42034960468750004 0.772113396875 0.40997100625
3 0.7788286609374999 0.45128460312499996 0.6553762296875 0.47107356874999995 0.657804434375 0.487396746875 0.78125694375 0.467605946875 0.7788286609374999 0.45128460312499996
3 0.6722880515625 0.4031574078125 0.6331015921875001 0.440688640625 0.6441217781249999 0.4522206171875 0.6833082390625 0.41468938125 0.6722880515625 0.4031574078125
3 0.494565975 0.39960326875 0.48555990156249995 0.40861547031249995 0.527841846875 0.450913559375 0.536846084375 0.44190130781250003 0.494565975 0.39960326875
3 0.5620152468749999 0.45149736875 0.435672109375 0.4532943109375 0.4357466328125 0.48239509375 0.5620897703125001 0.480598153125 0.5620152468749999 0.45149736875
3 0.562515546875 0.48086960625 0.425084565625 0.5157671359375 0.430310628125 0.5373032875 0.5677416109375 0.5024057609375 0.562515546875 0.48086960625
3 0.7079451375 0.502651365625 0.6991822140624999 0.5155197203124999 0.750364328125 0.5500996359375 0.7591290125000001 0.5372331703125 0.7079451375 0.502651365625
3 0.6653574671875 0.47670154531250003 0.6627027421875 0.48812734375 0.74614385625 0.506609890625 0.7487985828125 0.49518409218750004 0.6653574671875 0.47670154531250003
3 0.63246524375 0.53414650625 0.6261441 0.5367623859374999 0.6384215390625 0.5671868390625 0.6447426859375 0.564570959375 0.63246524375 0.53414650625
3 0.6070045484375 0.371598775 0.5794762125 0.3797848734375 0.592730478125 0.42607133125 0.6202588125 0.4178852359375 0.6070045484375 0.371598775
3 0.6532181671874999 0.5004179859375 0.631879878125 0.51786598125 0.6525343125 0.5432798484375 0.673870690625 0.525833634375 0.6532181671874999 0.5004179859375
3 0.6064083515625 0.4899968546875 0.580207190625 0.5024620171875 0.5918542984374999 0.5274500140625 0.6180554609375 0.51498485 0.6064083515625 0.4899968546875
3 0.5229292562500001 0.41148605937499994 0.5113645890625 0.49963193281249996 0.6629940375000001 0.517809503125 0.6745568734375 0.4296635796875 0.5229292562500001 0.41148605937499994
0 1 0.30998765 0.14822744999999998 0.20532237343749998 0.0857774234375 0.6707972343749999 0.9803770406250001 0.7807232234375 1 0.6344627765624999 1 0.30998765