3 0.402545184375 0.4788564609375 0.39713356875 0.5327951515625 0.42625902031249996 0.5353787624999999 0.4316724328125 0.4814400015625 0.402545184375 0.4788564609375
3 0.5358331046875 0.2978854328125 0.497071090625 0.4065935875 0.5072076890624999 0.4101007015625 0.5459679093750001 0.301392621875 0.5358331046875 0.2978854328125
3 0.4896868109375 0.2924638578125 0.47036089375 0.41301647499999994 0.4863006421875 0.415387640625 0.5056247671875 0.2948350984375 0.4896868109375 0.2924638578125
3 0.54136036875 0.388111753125 0.504710740625 0.42637772656250006 0.51597183125 0.43713904843750007 0.5526214578124999 0.39887307656250004 0.54136036875 0.388111753125
3 0.5147876499999999 0.531133521875 0.5059870937500001 0.5399262499999999 0.5472916046875 0.5812149953125 0.5560921109375 0.572420475 0.5147876499999999 0.531133521875
3 0.47699979062500003 0.506482809375 0.475245059375 0.6298581546875 0.5036622671875 0.6299309265625 0.5054169984375 0.50655558125 0.47699979062500003 0.506482809375
3 0.45570444062500004 0.500963728125 0.42162665625000006 0.6351664671874999 0.442656925 0.6402697703125 0.4767347125 0.5060670328125 0.45570444062500004 0.500963728125
3 0.4216951265625 0.31407200468749996 0.4091308921875 0.32263080781250003 0.442898528125 0.37261065625 0.45546460624999996 0.3640535734375 0.4216951265625 0.31407200468749996
3 0.46275647343750004 0.3241597734375 0.4515990671875 0.326752140625 0.46964745937499996 0.408233228125 0.48080486718750004 0.40564086250000003 0.46275647343750004 0.3241597734375
3 0.3949995 0.42577140468749997 0.3924450671875 0.4319440671875 0.42215484999999997 0.4439331109375 0.4247092828125 0.43776045 0.3949995 0.42577140468749997
3 0.5382395859375 0.449680153125 0.5302457796875 0.47656184843749994 0.5754449734375 0.48950477187499997 0.5834387796875 0.46262307500000005 0.5382395859375 0.449680153125
3 0.4328268875 0.3973276140625 0.4157904828125 0.41816280156249996 0.44060738125 0.43833206562499993 0.4576455234375 0.4174950125 0.4328268875 0.3973276140625
3 0.443420834375 0.4518317484375 0.43124847656250004 0.477417446875 0.45564950625 0.4887909640625 0.46782186406250004 0.4632052671875 0.443420834375 0.4518317484375
3 0.5267379140624999 0.39665754999999997 0.44066253125 0.40794877500000004 0.4584131125 0.5560164578125 0.5444884453125 0.5447234453124999 0.5267379140624999 0.39665754999999997
0 0.638463728125 0.0370380703125 0.18392463750000002 0.0980210765625 0.2912684734375 0.9716066109374999 0.7458093609375 0.9106235296875 0.638463728125 0.0370380703125