3 0.49793790781249997 0.492379084375 0.5469117640625 0.48601797343750003 0.543475490625 0.4595604578125 0.494501634375 0.465919934375 0.49793790781249997 0.492379084375
3 0.3380343140625 0.6012500000000001 0.4357026140625 0.563065359375 0.43212908437499997 0.5539264703125 0.334460784375 0.5921127453125 0.3380343140625 0.6012500000000001
3 0.3305588234375 0.564681371875 0.43974673124999997 0.5438839875 0.4369934640625 0.5294297390625 0.32780555625 0.5502287578125 0.3305588234375 0.564681371875
3 0.42715196093749996 0.6047238562499999 0.4606781046875 0.570330065625 0.450449346875 0.5603594765625 0.416923203125 0.59475326875 0.42715196093749996 0.6047238562499999
3 0.5855 0.6032810453125 0.5931911765625 0.5950326796875001 0.5540163406249999 0.5585098046875 0.5463267968750001 0.5667581703125 0.5855 0.6032810453125
3 0.5235718953124999 0.5588758171875 0.63598529375 0.5540049015624999 0.6348643796875 0.5281258171875 0.5224509796875 0.53299673125 0.5235718953124999 0.5588758171875
3 0.5220620921875 0.5327663406250001 0.643147059375 0.498169934375 0.6377140515625 0.4791519609375 0.516629084375 0.5137483656249999 0.5220620921875 0.5327663406250001
3 0.3918022875 0.5171617640624999 0.3991372546875 0.5054901953125001 0.35231862812500003 0.47606209218749995 0.3449820265625 0.48773202656250003 0.3918022875 0.5171617640624999
3 0.43065686249999996 0.5391372546875 0.432606209375 0.5289068625 0.3576519609375 0.51463071875 0.35570261406250003 0.5248611109375 0.43065686249999996 0.5391372546875
3 0.45785784375 0.48719607812500004 0.4633905234375 0.48470588281250004 0.45135784375 0.45796568593750003 0.4458251640625 0.46045588281249994 0.45785784375 0.48719607812500004
3 0.4864150328125 0.6310996734375001 0.5106258171875 0.623106209375 0.4971486921875 0.5822843140625 0.47293790781249995 0.590277778125 0.4864150328125 0.6310996734375001
3 0.44060457499999994 0.5177303921874999 0.45896895468750004 0.50166013125 0.43966013125 0.47959313750000004 0.42129738593750005 0.49566176406249995 0.44060457499999994 0.5177303921874999
3 0.48265522812499995 0.5257859484375 0.5055294124999999 0.5140212421875 0.49425490156249996 0.49209967343749994 0.47138071875 0.5038643796875 0.48265522812499995 0.5257859484375
3 0.559818628125 0.5934477125 0.566919934375 0.5147549015624999 0.4312712421875 0.502516340625 0.42417156875 0.5812091500000001 0.559818628125 0.5934477125
0 0.9008725484375001 0.767094771875 0.9396013078125 0.35150326875000004 0.1391895421875 0.27691339843749996 0.10046078437499999 0.69250326875 0.9008725484375001 0.767094771875