3 0.4677093484375 0.5126366109375 0.519807659375 0.50841899375 0.5157179890625 0.4800943828125 0.463620146875 0.48431370156250003 0.4677093484375 0.5126366109375
3 0.6040346515625 0.5682753828125 0.7152742484375 0.5864273953125 0.71631184375 0.5761174078125 0.6050717734375 0.557963696875 0.6040346515625 0.5682753828125
3 0.59436206875 0.5491887531249999 0.712420284375 0.546676871875 0.7110858437500001 0.5310112625000001 0.59302715625 0.5335214406250001 0.59436206875 0.5491887531249999
3 0.5804908671875 0.5813736859375 0.624803178125 0.6097795890625 0.632431865625 0.5971278156250001 0.5881195531250001 0.5687219078125 0.5804908671875 0.5813736859375
3 0.45158942187499995 0.6364499015625 0.4618581328125 0.643339546875 0.4915521296875 0.5966178656250001 0.4812850953125 0.58972785625 0.45158942187499995 0.6364499015625
3 0.3958546890625 0.603185275 0.51263888125 0.5833678359375 0.5063396890625 0.556160196875 0.3895554921875 0.5759776343749999 0.3958546890625 0.603185275
3 0.3724308 0.5466052453125 0.5066725234375 0.5558340765625001 0.5067743765625 0.53481914375 0.3725326515625 0.5255903156249999 0.3724308 0.5466052453125
3 0.6249916953125 0.5002000171875001 0.6358802140625001 0.5107346453125 0.6754650843750001 0.469708921875 0.6645753609375 0.4591763578125 0.6249916953125 0.5002000171875001
3 0.597379753125 0.5320052671875 0.6023255609375 0.5422310953125 0.6751495921874999 0.5107618609375 0.6702037828125 0.5005360328124999 0.597379753125 0.5320052671875
3 0.5530585218749999 0.49277563750000003 0.55945415 0.49414468906250003 0.5641069953125 0.46362379843749996 0.557711365625 0.46225474687499996 0.5530585218749999 0.49277563750000003
3 0.5444165953125 0.6474129468750001 0.5715677859375 0.6503791125 0.5736495765625 0.6048688249999999 0.5464983828125 0.60190265625 0.5444165953125 0.6474129468750001
3 0.5624774078125 0.5094585921875 0.5859528390625 0.5221332999999999 0.5994170859375 0.4948682046875 0.5759438015625 0.4821948359375 0.5624774078125 0.5094585921875
3 0.5182457234375 0.5326456125 0.545110628125 0.53983641875 0.5503724 0.514503196875 0.5235074953125001 0.5073123890625 0.5182457234375 0.5326456125
3 0.4554451890625 0.5470036 0.48538701875 0.6274090875 0.6210931937499999 0.5846232890625 0.5911530375 0.5042174421875 0.4554451890625 0.5470036
0 0.9847707031249999 0.629081684375 0.9846724828125 0.626972878125 0.8260046234375 0.20452082031250002 0.0259274 0.4594596734375 0.1853136125 0.8838247875 0.9847707031249999 0.629081684375