3 0.5895443640625 0.5102279843749999 0.584504796875 0.45999757968750005 0.557380046875 0.4624035015625 0.5624212875 0.5126339718749999 0.5895443640625 0.5102279843749999
3 0.496477546875 0.392702778125 0.46038042187499995 0.291468309375 0.45094238437499995 0.2947343796875 0.48703783906250003 0.395968778125 0.496477546875 0.392702778125
3 0.5213514171875 0.3986840921875 0.5033541578125 0.2864194671875 0.48851193593750003 0.2886276859375 0.5065075265625001 0.400892240625 0.5213514171875 0.3986840921875
3 0.48936312343750005 0.4111267578125 0.45523315625 0.3754915703125 0.4447462671875 0.385513053125 0.4788762328125 0.4211482390625 0.48936312343750005 0.4111267578125
3 0.48817451875 0.5168688203125 0.47997900156249995 0.5086805921875001 0.441514221875 0.5471290671875 0.44970969375000003 0.5553189640625 0.48817451875 0.5168688203125
3 0.5168030390625 0.60061790625 0.5151689453125 0.48572461562499997 0.4887054203125 0.485792384375 0.49033951406250004 0.600685675 0.5168030390625 0.60061790625
3 0.5667351765624999 0.605561271875 0.5350002390624999 0.48058497187500004 0.5154157984375 0.485337425 0.5471507390625 0.6103137234375 0.5667351765624999 0.605561271875
3 0.57837185625 0.3145124390625 0.5666714140625 0.3065420546875 0.5352235859375 0.353087390625 0.5469257453124999 0.3610561734375 0.57837185625 0.3145124390625
3 0.5388233687499999 0.31835043125 0.528433034375 0.31593628906250004 0.5116254671875 0.391815553125 0.5220158031250001 0.39422969375 0.5388233687499999 0.31835043125
3 0.5939105312499999 0.4163104125 0.5915317156250001 0.41056212031249995 0.5638644796875 0.42172691875 0.5662432953125001 0.427475209375 0.5939105312499999 0.4163104125
3 0.4655836171875 0.45786072187500004 0.4581393859375 0.43282714218749996 0.4160476359375 0.44488023906249996 0.42349186874999994 0.46991381875 0.4655836171875 0.45786072187500004
3 0.5721701125 0.403476609375 0.5563049609374999 0.384073840625 0.53319260625 0.40285472968749997 0.5490593765625 0.4222592359375 0.5721701125 0.403476609375
3 0.55777485625 0.458657496875 0.5464393484375 0.434830815625 0.5237158890625 0.4454224046875 0.5350513968749999 0.4692490859375 0.55777485625 0.458657496875
3 0.5490080171875 0.393964796875 0.46885031718750003 0.38344984375 0.45232013593750003 0.5213362078125 0.5324777890625 0.5318528265625 0.5490080171875 0.393964796875
0 0.78809518125 0.105344628125 0.364805653125 0.048554203125 0.2648400328125 0.8620806625 0.688131234375 0.91887115625 0.78809518125 0.105344628125