2 0.18002350312499998 0.6815057703125 0.219780259375 0.580162584375 0.09738429531250001 0.5268823593749999 0.05762924375 0.62822520625 0.18002350312499998 0.6815057703125
2 0.22793548593750002 0.4589920546875 0.2775341296875 0.40252739687499994 0.2522778625 0.3800747453125 0.20267879375 0.436537678125 0.22793548593750002 0.4589920546875
2 0.294104290625 0.37191653750000003 0.3378587375 0.3324024390625 0.3164960109375 0.3090074703125 0.27274113906249997 0.34851984687500004 0.294104290625 0.37191653750000003
2 0.5686326375 0.3558133765625 0.6106173125 0.23905765625000003 0.3912833671875 0.1504508765625 0.3492986890625 0.2672065953125 0.5686326375 0.3558133765625
2 0.793975034375 0.3537400328125 0.7777452406250001 0.2416991453125 0.5069848328125001 0.2669123078125 0.5232142015625 0.3789514671875 0.793975034375 0.3537400328125
2 0.5106023937499999 0.466943428125 0.513914353125 0.4389620859375 0.458033484375 0.42948984218749997 0.45472322812500005 0.45747084843749997 0.5106023937499999 0.466943428125
2 0.6098812421875001 0.4114420109375 0.6756857359375 0.36033310625000003 0.6435048875 0.3199737734375 0.577702096875 0.37108234218749997 0.6098812421875001 0.4114420109375
2 0.9478635875 0.5161008125000001 0.9869505828125 0.44353809375 0.845662840625 0.36239650156250003 0.8065758437499999 0.4349592203125 0.9478635875 0.5161008125000001
2 0.87324005 0.5505513828125 0.9584167984375 0.5338089984375001 0.9458075718750001 0.482668928125 0.8606308234375 0.4994113109375 0.87324005 0.5505513828125
2 0.7754168328125 0.525195271875 0.8461729609375 0.502195359375 0.8213837953124999 0.43544950312499997 0.7506276703125 0.45844941562499997 0.7754168328125 0.525195271875
2 0.3605357984375 0.763306965625 0.36286129843750003 0.7390541171875 0.33086864843749997 0.7343378656249999 0.328543146875 0.758590715625 0.3605357984375 0.763306965625
2 0.394252565625 0.7231199015625001 0.39470430625 0.6748453953125 0.347969934375 0.67196478125 0.34751819375 0.7202392859375 0.394252565625 0.7231199015625001
2 0.467066740625 0.70413505625 0.4664669640625 0.6399547609375 0.4216627078125 0.638027684375 0.4222624796875 0.702207978125 0.467066740625 0.70413505625
2 0.427607278125 0.64142691875 0.4853312265625 0.6245593328125 0.46800839375000003 0.5735564937500001 0.41028444375 0.5904240749999999 0.427607278125 0.64142691875
2 0.40418564375 0.6335142125 0.40622128281250003 0.6130913421875 0.3762150140625 0.6085571875 0.3741793765625 0.628980059375 0.40418564375 0.6335142125
2 0.60556235625 0.6031174781249999 0.603215265625 0.563332853125 0.501540521875 0.5640087687500001 0.503887609375 0.6037933921875 0.60556235625 0.6031174781249999
2 0.51174580625 0.5568932734375001 0.5146670765625 0.5225101421875 0.4842658203125 0.5183588625 0.4813462546875 0.552741659375 0.51174580625 0.5568932734375001
2 0.45149448437500006 0.9004210296874999 0.6090143218749999 0.8191888671875001 0.5295260796875 0.675599246875 0.372004965625 0.7568334640625001 0.45149448437500006 0.9004210296874999
2 0.6027208921875 0.872391846875 0.6500360515625 0.8269635609374999 0.62343186875 0.7993917859375 0.5761179890625 0.8448180140625 0.6027208921875 0.872391846875
2 0.661463746875 0.8173952796874999 0.7527347703125 0.706923409375 0.6591308859375 0.6281669515625 0.567861990625 0.7386402109375 0.661463746875 0.8173952796874999
2 0.5920933296875 0.74422279375 0.6125380953125 0.7163451984375 0.5681282015625 0.6827676671875 0.54768173125 0.710645596875 0.5920933296875 0.74422279375
2 0.6229195921875 0.6858364015625 0.616632884375 0.6531819203125 0.5727832953124999 0.6593862234375 0.579071709375 0.6920403703125 0.6229195921875 0.6858364015625
2 0.5289763453125 0.6796139578125 0.5206703234375001 0.6375888468750001 0.48972871875 0.6421265046875 0.4980347421875 0.684151615625 0.5289763453125 0.6796139578125
2 0.728610459375 0.6930459140624999 0.8127166234375001 0.67167173125 0.7978500656249999 0.6225539203125 0.7137421984375 0.643928434375 0.728610459375 0.6930459140624999
2 0.7895533078125 0.660655896875 0.897325240625 0.5508978265625 0.8455862484375001 0.5000476046875 0.73781601875 0.609805340625 0.7895533078125 0.660655896875
2 0.6948799890624999 0.503557490625 0.68926174375 0.476417571875 0.655638234375 0.48166841875 0.661254775 0.508808671875 0.6948799890624999 0.503557490625
0 0.7492611640625 0.9691354453125 0.9918761484375 0.4408775796875 0.293025465625 0.092030515625 0.05041048125000001 0.620288384375 0.7492611640625 0.9691354453125