2 0.44067109687499995 0.7651727578124999 0.3546511625 0.8253870437499999 0.42578073125 0.9269999999999999 0.5118006640625 0.866787375 0.44067109687499995 0.7651727578124999
2 0.5936046515625 0.6707259140625 0.550639534375 0.729802325 0.5758571421875 0.7481428578125 0.6188205984375 0.6890664453124999 0.5936046515625 0.6707259140625
2 0.6471943515625 0.5985415281249999 0.6187624578124999 0.64829568125 0.6441428578124999 0.6627990031250001 0.6725730890625 0.61304485 0.6471943515625 0.5985415281249999
2 0.6837358796874999 0.32346179375 0.583943521875 0.3892823921875 0.705088040625 0.5729518265625 0.8048803984375 0.5071312296875 0.6837358796874999 0.32346179375
2 0.6510930234375001 0.168632890625 0.54511295625 0.179230896875 0.5708737546875 0.436828903125 0.676852159375 0.42623089687500004 0.6510930234375001 0.168632890625
2 0.5173621265625 0.459239203125 0.4922259140625 0.4687358796875 0.5110398671875 0.5185332218750001 0.5361760796875 0.50903820625 0.5173621265625 0.459239203125
2 0.5604335546875 0.2907558140625 0.5253239203125 0.3636760796875 0.568260796875 0.38434883750000004 0.60337043125 0.3114302328125 0.5604335546875 0.2907558140625
2 0.42763787343750004 0.0203488375 0.367966778125 0.07334053125 0.4681362125 0.1861362125 0.527807309375 0.13314451875 0.42763787343750004 0.0203488375
2 0.349772425 0.067586378125 0.349772425 0.1506428578125 0.399086378125 0.1506428578125 0.399086378125 0.067586378125 0.349772425 0.067586378125
2 0.399139534375 0.164727575 0.390777409375 0.235807309375 0.4566461796875 0.243556478125 0.46500830625 0.17247674375 0.399139534375 0.164727575
2 0.26866943593750003 0.66853820625 0.24678405312499999 0.6762624578125 0.25690531562499996 0.7049352156250001 0.27879069843750004 0.6972109640624999 0.26866943593750003 0.66853820625
2 0.321966778125 0.6241993359375 0.2776495015625 0.63568936875 0.2887475078125 0.67849335625 0.333064784375 0.667003321875 0.321966778125 0.6241993359375
2 0.34108305625 0.5494568109375 0.28194684375 0.5636162796875 0.2918189375 0.604843853125 0.35095515 0.5906843859375 0.34108305625 0.5494568109375
2 0.3518322265625 0.5283820593749999 0.346754153125 0.585935215625 0.3967940203125 0.5903504984375 0.40187209375000005 0.5327973421875 0.3518322265625 0.5283820593749999
2 0.3766810625 0.5993272421875 0.35826578124999997 0.6059036546875001 0.367860465625 0.6327707640625 0.386275746875 0.6261943515625 0.3766810625 0.5993272421875
2 0.3868322265625 0.4047059796875 0.34981727500000004 0.4116461796875 0.3675764125 0.5063621265625 0.4045913625 0.49942192656250006 0.3868322265625 0.4047059796875
2 0.44038538281250006 0.47769767500000004 0.40929069843750004 0.488299003125 0.4186046515625 0.5156196015625001 0.4496993359375 0.5050199328125 0.44038538281250006 0.47769767500000004
2 0.15046843906250001 0.4579833890625 0.10423421875000001 0.623109634375 0.2506644515625 0.6641112953125 0.2969003328125 0.49898338906250006 0.15046843906250001 0.4579833890625
2 0.13590199375 0.4216146171875 0.10267441875000001 0.4760365453125 0.132843853125 0.49445515 0.1660697671875 0.440034884375 0.13590199375 0.4216146171875
2 0.22773920312499998 0.2985747515625 0.1426362125 0.408792359375 0.23199003281250002 0.4777857140625 0.317094684375 0.3675697671875 0.22773920312499998 0.2985747515625
2 0.2444186046875 0.4311229234375 0.2224750828125 0.45652990000000004 0.2613853828125 0.49013455156249996 0.28332890312500003 0.46472591406249997 0.2444186046875 0.4311229234375
2 0.3017707640625 0.4128305640625 0.27060132812500004 0.41447176093750004 0.272822259375 0.45667441875000003 0.30399169375 0.455034884375 0.3017707640625 0.4128305640625
2 0.33346013281250003 0.498503321875 0.293307309375 0.5004152828125 0.294727575 0.5302325578125 0.3348803984375 0.5283205984375 0.33346013281250003 0.498503321875
2 0.24931727499999998 0.2347059796875 0.2448637875 0.317828903125 0.2927259140625 0.3203936875 0.2971794015625 0.237269103125 0.24931727499999998 0.2347059796875
2 0.3450996671875 0.128322259375 0.26363621249999997 0.253722590625 0.31975747499999996 0.2901794015625 0.40122092968749995 0.16478073124999998 0.3450996671875 0.128322259375
2 0.4512142859375 0.30474916875 0.4252375421875 0.3057475078125 0.4264867109375 0.33822425312500004 0.45246345468750004 0.337224253125 0.4512142859375 0.30474916875
0 0 0.378240390625 0.4343853828125 0.9318936875 0.8763737546874999 0.585117940625 0.4291943515625 0.015157807812499998 0 0.3518956078125 0 0.378240390625