2 0.35243374375 0.9688240671875 0.45827303124999996 0.9273051375 0.4026288359375 0.7994786359375 0.296789196875 0.8409993453125001 0.35243374375 0.9688240671875
2 0.5526261796874999 0.8173388703125 0.61159429375 0.7655391609375 0.5881454484375 0.7391623093749999 0.529175534375 0.7909615750000001 0.5526261796874999 0.8173388703125
2 0.6445492390625 0.7441679578125 0.6858147234375 0.6984717421875 0.6613817531249999 0.6761611828125 0.62011446875 0.7218569515625 0.6445492390625 0.7441679578125
2 0.7294702453124999 0.6642136546875 0.851406253125 0.620366175 0.7588681125 0.391300690625 0.63693210625 0.4351481671875 0.7294702453124999 0.6642136546875
2 0.612767409375 0.48258175625 0.729777590625 0.49953119843750005 0.756109425 0.21675753125 0.639097440625 0.19980764374999999 0.612767409375 0.48258175625
2 0.5307642343750001 0.5541115765625 0.5599867187500001 0.55065445 0.550094203125 0.49229422500000003 0.5208713687500001 0.49575313125 0.5307642343750001 0.5541115765625
2 0.620985678125 0.425676309375 0.6743618625 0.356953940625 0.632211840625 0.3233452734375 0.5788353046875 0.3920694203125 0.620985678125 0.425676309375
2 0.5421035937500001 0 0.469532940625 0.039091270312499996 0.5542746703125 0.1866477546875 0.6300568953125001 0.145826521875 0.5463086828125 0 0.5421035937500001 0
2 0.48696293125 0.1301944296875 0.50444815 0.041238507812500005 0.45103906718750003 0.028069828125 0.43355384687500004 0.1170257484375 0.48696293125 0.1301944296875
2 0.5297422484375 0.24507827031249999 0.5537626343750001 0.17118279375 0.48405535781250003 0.1452937671875 0.46003497343750005 0.2191892453125 0.5297422484375 0.24507827031249999
2 0.2162840984375 0.6858900921875 0.2416130140625 0.6834614109375 0.2366875078125 0.6500492921875 0.21135859531249998 0.6524779703125 0.2162840984375 0.6858900921875
2 0.256337128125 0.6660731484375 0.30675350468749996 0.6656013656249999 0.30374508125 0.61679345625 0.253328703125 0.6172652390625 0.256337128125 0.6660731484375
2 0.275168459375 0.5880125625 0.34219634375 0.588638946875 0.3401837640625 0.5418467890625001 0.27315588125 0.5412204015625 0.275168459375 0.5880125625
2 0.3919120578125 0.6005220484375 0.40952803125 0.5402369671875 0.35626226562499996 0.52214554375 0.33864629062499996 0.582430625 0.3919120578125 0.6005220484375
2 0.3516454 0.6382290484375 0.3729744046875 0.636103090625 0.3682390765625 0.6047654859375 0.346910071875 0.60689144375 0.3516454 0.6382290484375
2 0.3779495625 0.502765840625 0.419499375 0.5052170671875 0.4202052796875 0.3990311546875 0.37865546562499997 0.396579928125 0.3779495625 0.502765840625
2 0.43126638906250003 0.526307325 0.467174703125 0.523258221875 0.4628392375 0.49150810468749995 0.426930575 0.49455898749999994 0.43126638906250003 0.526307325
2 0.2181193171875 0.6404999328125001 0.30295778281249996 0.475989828125 0.1529972921875 0.392974803125 0.06816097343750001 0.5574835765625 0.2181193171875 0.6404999328125001
2 0.126231015625 0.42733070156249997 0.1736727421875 0.3779175703125 0.144877646875 0.350132996875 0.09743377187499999 0.39954746406249997 0.126231015625 0.42733070156249997
2 0.23711977968750003 0.43595300625 0.352494584375 0.3406346375 0.2702438109375 0.24287768125000003 0.154870459375 0.33819827187499996 0.23711977968750003 0.43595300625
2 0.2663564765625 0.457028634375 0.2954713109375 0.435674984375 0.2604039921875 0.3892946859375 0.2312895046875 0.41064655625 0.2663564765625 0.457028634375
2 0.2857871890625 0.42424592812500006 0.31989015468750004 0.43081335000000004 0.3263697359375 0.38501821718749996 0.2922664203125 0.37845257656250003 0.2857871890625 0.42424592812500006
2 0.2940259578125 0.5088783921875 0.3379156640625 0.5175529421875 0.3426546515625 0.4852385015625 0.2987649453125 0.47656395468749996 0.2940259578125 0.5088783921875
2 0.336033784375 0.2836002984375 0.35835665625 0.1957606828125 0.30705955625 0.18023451562499998 0.28473703281249996 0.268072353125 0.336033784375 0.2836002984375
2 0.3716708734375 0.25845835625 0.48629840625 0.1459065125 0.43319203125000005 0.0918719328125 0.3185641484375 0.20442555625 0.3716708734375 0.25845835625
2 0.4771486234375 0.33841651562499997 0.5054930515625 0.3442822546875 0.5109768703124999 0.309166915625 0.48263279218750005 0.303299396875 0.4771486234375 0.33841651562499997
0 0.53312646875 0 0 0.24485100625 0 0.2537217609375 0.3607227109375 0.9763631140625 0.9124186421875 0.72298364375 0.5515250671875 0 0.53312646875 0