2 0.6258445953125 0.825815878125 0.538371621875 0.764584459375 0.466040540625 0.8679155406250001 0.5535135140625 0.9291452703124999 0.6258445953125 0.825815878125
2 0.4265456078125 0.7286165546875 0.3828547296875 0.6685422296875 0.3572128375 0.6871925671875 0.40090202656249996 0.7472668921875 0.4265456078125 0.7286165546875
2 0.357271959375 0.6457331078124999 0.328359796875 0.5951385140625 0.302552365625 0.609886825 0.3314628375 0.66048141875 0.357271959375 0.6457331078124999
2 0.3926790546875 0.3823445953125 0.2912010140625 0.31541216250000004 0.168010134375 0.502184121875 0.269488175 0.5691165546875 0.3926790546875 0.3823445953125
2 0.43216554062499996 0.1687449328125 0.32439527031250004 0.1579679046875 0.2982010140625 0.4199172296875 0.4059695953125 0.43069425624999996 0.43216554062499996 0.1687449328125
2 0.4859459453125 0.46314020312500004 0.46038513437499995 0.4534831078125 0.441253378125 0.5041233109375 0.4668141890625 0.513778715625 0.4859459453125 0.46314020312500004
2 0.4522888515625 0.35630574375 0.4165861484375 0.28215371562499997 0.3729239859375 0.303177365625 0.4086266890625 0.377327703125 0.4522888515625 0.35630574375
2 0.6123040546875 0.061065878124999994 0.551625 0.0071790546875 0.44976351406250004 0.1218800671875 0.5104425671875 0.1757668921875 0.6123040546875 0.061065878124999994
2 0.63080574375 0.1396739859375 0.63080574375 0.0552145265625 0.580658784375 0.0552145265625 0.580658784375 0.1396739859375 0.63080574375 0.1396739859375
2 0.5891081078125 0.22627702656249998 0.5806047296875 0.15399662187500002 0.5136233109375 0.1618766890625 0.5221266890625 0.2341570953125 0.5891081078125 0.22627702656249998
2 0.735533784375 0.674172296875 0.713278715625 0.6663175671875 0.7029864859375 0.6954746625 0.7252415546875 0.7033293921875 0.735533784375 0.674172296875
2 0.7041469593749999 0.6329138515625 0.65908108125 0.6212297296875 0.6477956078125 0.66475675625 0.6928614859375 0.676440878125 0.7041469593749999 0.6329138515625
2 0.6997770265625001 0.5596233109375001 0.6396418921875 0.5452246625 0.6296030406249999 0.5871486484374999 0.689738175 0.601547296875 0.6997770265625001 0.5596233109375001
2 0.633875 0.58231925625 0.6287111484375 0.52379391875 0.5778260140625 0.528283784375 0.582989865625 0.586809121875 0.633875 0.58231925625
2 0.62216891875 0.602625 0.6034425671875 0.5959375 0.5936858109375 0.6232584453125 0.6124121625 0.6299459453125 0.62216891875 0.602625
2 0.630760134375 0.4050861484375 0.5931199328125001 0.39802871562500003 0.5750608109375 0.49434459531249997 0.6127010140625 0.5014020265625 0.630760134375 0.4050861484375
2 0.5702820953125001 0.483033784375 0.5386621625 0.472253378125 0.529190878125 0.5000371625 0.5608108109375001 0.5108158781250001 0.5702820953125001 0.483033784375
2 0.8804915546875 0.620121621875 0.8334763515624999 0.45220608125000006 0.6845709453125 0.49389864843750003 0.7315878375 0.661815878125 0.8804915546875 0.620121621875
2 0.882077703125 0.4705641890625 0.8482888515625 0.41522297343750003 0.8176114859375 0.43395439218750004 0.8513986484375 0.48929391874999995 0.882077703125 0.4705641890625
2 0.841440878125 0.40218412187499997 0.7549003375 0.2901047296875 0.6640354734375 0.360265203125 0.750577703125 0.4723429046875 0.841440878125 0.40218412187499997
2 0.760253378125 0.45072804062499994 0.7379391890625 0.4248918921875 0.698371621875 0.45906250000000004 0.7206858109375001 0.48490033749999994 0.760253378125 0.45072804062499994
2 0.7113141890625 0.40795945937500006 0.67961824375 0.406290540625 0.677359796875 0.44920777031250003 0.70905574375 0.450875 0.7113141890625 0.40795945937500006
2 0.6882246624999999 0.49535472968749994 0.64739358125 0.49341047343750005 0.645949325 0.52373141875 0.6867804046875 0.525675675 0.6882246624999999 0.49535472968749994
2 0.7374864859375 0.309684121875 0.7329577703125 0.2251570953125 0.6842871625 0.2277635140625 0.688815878125 0.31229222968750003 0.7374864859375 0.309684121875
2 0.7183969593749999 0.24449493281249998 0.6355574328125 0.1169763515625 0.578488175 0.154050675 0.661327703125 0.2815675671875 0.7183969593749999 0.24449493281249998
2 0.5540658781250001 0.2973986484375 0.5276503375 0.2963834453125 0.5263800671875 0.3294070953125 0.5527956078125 0.3304239859375 0.5540658781250001 0.2973986484375
0 0.9994966218749999 0.354533784375 0.5500422296874999 0.0019003375 0.095309121875 0.5814881749999999 0.5447635140625 0.934121621875 0.9994966218749999 0.354533784375