2 0.7679601265625 0.564155471875 0.805977525 0.6610648921875 0.9230170359375001 0.610115353125 0.8850012671874999 0.5132062562499999 0.7679601265625 0.564155471875
2 0.7127329890625 0.3942918234375 0.7601616921875001 0.4482861515625 0.784313403125 0.42681415468750006 0.73688429375 0.37282147499999996 0.7127329890625 0.3942918234375
2 0.6550475828125 0.3272348328125 0.696887771875 0.3650201890625 0.7173162859375 0.342647103125 0.6754756890625 0.30486339375 0.6550475828125 0.3272348328125
2 0.39422219531249997 0.23797388437500003 0.434370040625 0.349621540625 0.644108128125 0.26489130625 0.6039602796875 0.15324365 0.39422219531249997 0.23797388437500003
2 0.2344061140625 0.24049980781250002 0.2188863734375 0.34763890625 0.4778014203125 0.371747340625 0.493320753125 0.26460989375 0.2344061140625 0.24049980781250002
2 0.4866944 0.4291324953125 0.48986146093749994 0.455889653125 0.5432959125 0.4468314984375 0.5401304812500001 0.4200746609375 0.4866944 0.4291324953125
2 0.332000515625 0.3539435328125 0.3949260625 0.40281642343749996 0.42569737031250005 0.3642224890625 0.36277345156249996 0.3153499203125 0.332000515625 0.3539435328125
2 0.0343535046875 0.4335083015625 0.07173044375 0.5028964015625 0.20683685000000002 0.4253047546875 0.169459909375 0.3559166546875 0.0343535046875 0.4335083015625
2 0.06163893593749999 0.5198298546875 0.1430892015625 0.5358397593750001 0.15514677500000001 0.486937065625 0.073696509375 0.47092716250000005 0.06163893593749999 0.5198298546875
2 0.16897210625 0.48959931250000005 0.23663265312499998 0.511592978125 0.260337290625 0.447767253125 0.1926767453125 0.4257735875 0.16897210625 0.48959931250000005
2 0.6311388828125 0.7160955 0.6333626421874999 0.7392872859375 0.663955615625 0.734777371875 0.6617318546875001 0.7115855843750001 0.6311388828125 0.7160955
2 0.6006890078125 0.654695909375 0.601120984375 0.70085840625 0.6458107265625 0.6981038171875 0.64537875 0.651941321875 0.6006890078125 0.654695909375
2 0.532065965625 0.621331740625 0.5314924296875 0.682704146875 0.574336503125 0.6808613796875 0.5749100359375 0.6194889734375 0.532065965625 0.621331740625
2 0.5140270140625 0.6066098625 0.569225540625 0.622739490625 0.5857905 0.5739680218750001 0.5305919734375 0.557838396875 0.5140270140625 0.6066098625
2 0.5896758984375 0.5956435953125 0.591622478125 0.615172965625 0.620315971875 0.61083718125 0.6183693921875 0.5913078109375001 0.5896758984375 0.5956435953125
2 0.4013004015625 0.548062040625 0.399055996875 0.5861060890625 0.49628247343750004 0.58675243125 0.49852687656250005 0.548708384375 0.4013004015625 0.548062040625
2 0.4859746078125 0.5090253234375 0.48876807343750006 0.5419041921875001 0.51783764375 0.5379342125 0.515045809375 0.5050556625 0.4859746078125 0.5090253234375
2 0.3957550546875 0.7927243546875 0.5463834000000001 0.870402609375 0.6223952515625 0.733097 0.4717656859375 0.6554167796875 0.3957550546875 0.7927243546875
2 0.35652802499999997 0.8001589046875001 0.401773146875 0.843599703125 0.4272121734375 0.8172322265625 0.381968275 0.7737933953125 0.35652802499999997 0.8001589046875001
2 0.2583223765625 0.6853705109375 0.3456002921875 0.7910092359374999 0.43510697187499997 0.7156997015625 0.347831090625 0.610059646875 0.2583223765625 0.6853705109375
2 0.392385446875 0.6943800953125 0.411935753125 0.7210380468750001 0.45440434375 0.6889298515625 0.4348524078125 0.66227158125 0.392385446875 0.6943800953125
2 0.38846980468750003 0.6339802109375 0.382458140625 0.665206059375 0.424387678125 0.6711386046875 0.43040097343749995 0.6399130765625001 0.38846980468750003 0.6339802109375
2 0.480234003125 0.619069334375 0.4722913703125 0.659255846875 0.501879278125 0.6635949828125 0.5098219125 0.6234084703125 0.480234003125 0.619069334375
2 0.200964728125 0.65166109375 0.28139124843749996 0.6721001546875 0.2956090234375 0.625131565625 0.215180875 0.6046921859375 0.200964728125 0.65166109375
2 0.12005773906249999 0.5361710468750001 0.22311465 0.6411272015625 0.2725884328125 0.59250135625 0.16953315 0.487545521875 0.12005773906249999 0.5361710468750001
2 0.3190184578125 0.46494930312499994 0.3136460109375 0.49090185000000003 0.34580012187500003 0.49592329218750003 0.3511709390625 0.46997042499999997 0.3190184578125 0.46494930312499994
0 0.0296434328125 0.43096418593749997 0.2616440125 0.9361107703125 0.9299199765624999 0.6025257671875 0.6979193984375 0.09737918125 0.0296434328125 0.43096418593749997