2 0 0.5479568875 0.0950253375 0.7878177453124999 0.917097928125 0.43492506249999996 0.7766791390625001 0.0804790015625 0 0.41388470312500003 0 0.5479568875
2 0.7204468859375 0.15157305625 0.016133675 0.4325287109375 0.12329148593749999 0.72631245 0.8276049437499999 0.44535511093749997 0.7204468859375 0.15157305625
2 0.6412479796875 0.3519729921875 0.6195911171875 0.437419215625 0.7104241796874999 0.45691042812499993 0.7320827203125 0.37146438125 0.6412479796875 0.3519729921875
2 0.496436575 0.3723360546875 0.4072704 0.40528564375 0.422845959375 0.45185875624999994 0.5120121328125 0.41890916718750004 0.496436575 0.3723360546875
2 0.11653976562499999 0.4370031671875 0.107892690625 0.47556119375000006 0.1318059515625 0.4799835328125 0.1404530234375 0.44142550625 0.11653976562499999 0.4370031671875
2 0.23506436718749998 0.355461071875 0.1272057296875 0.47448301718749997 0.168029115625 0.511105128125 0.2758875046875 0.39208486875 0.23506436718749998 0.355461071875
2 0.321912715625 0.53791068125 0.275963603125 0.539937596875 0.27603109375 0.55956115625 0.32198020625 0.557534240625 0.321912715625 0.53791068125
2 0.3028740828125 0.4323058546875 0.26702950625 0.4786065296875 0.298406384375 0.5023274546875001 0.3342492828125 0.45602660000000006 0.3028740828125 0.4323058546875
2 0.43908830156249995 0.305535134375 0.411996834375 0.327250346875 0.4445278765625 0.368542671875 0.47161909687500003 0.3468291453125 0.43908830156249995 0.305535134375
2 0.5973426500000001 0.2392401578125 0.5275204328124999 0.2676745546875 0.541876121875 0.3061241046875 0.6116985859375 0.277688021875 0.5973426500000001 0.2392401578125
0 0 0.5450383265625 0.096014778125 0.7885588953125 0.9200912906250001 0.43631077031250004 0.7797074765625001 0.0802578015625 0 0.41354056406249995 0 0.5450383265625