2 0.5863023109375 1 0.9232491125 0.21507175781250001 0.5643163921875 0.072875515625 0.2069567140625 0.9053540890624999 0.4458598328125 1 0.5863023109375 1
2 0.566743078125 0.9852443796875001 0.8512551328125 0.2720158109375 0.55375431875 0.16350132343749998 0.26924055625 0.8767301406250001 0.566743078125 0.9852443796875001
2 0.5617906671874999 0.3741482359375 0.6483184890625 0.3522172359375 0.6285803734375001 0.2602326890625 0.54205273125 0.2821653875 0.5617906671874999 0.3741482359375
2 0.59433099375 0.5891565562500001 0.627697665625 0.498861696875 0.5805350203125 0.4830889796875 0.5471683484375001 0.5733838390625 0.59433099375 0.5891565562500001
2 0.5231658796875001 0.8923238578125 0.5622119828125001 0.8835673265624999 0.5577336640625 0.85935136875 0.5186875609375 0.868107896875 0.5231658796875001 0.8923238578125
2 0.5242577046875 0.87276635 0.64478625625 0.7635424125 0.6076988671875 0.7222025265625 0.487172021875 0.8314262125 0.5242577046875 0.87276635
2 0.45797458593749996 0.722125465625 0.4600271578125 0.67559471875 0.44015519999999997 0.6755263734375 0.4381026265625 0.7220571203125 0.45797458593749996 0.722125465625
2 0.5200819953125 0.7311726515625 0.5669687546875 0.694874346875 0.542947746875 0.6631019921875 0.49606080468749997 0.6993985984375 0.5200819953125 0.7311726515625
2 0.6733540796875 0.5843702937499999 0.6953441671875 0.556935896875 0.6535274484375 0.5239933203125 0.6315390671875 0.5514274671875 0.6733540796875 0.5843702937499999
2 0.7336839953125 0.467384371875 0.762478321875 0.3966783296875 0.723543775 0.382140671875 0.6947477421875 0.45284696562500004 0.7336839953125 0.467384371875
0 0.58664791875 1 0.9234731125 0.2120050875 0.56291314375 0.0698442625 0.20620618125 0.9043521234374999 0.448796184375 1 0.58664791875 1