2 0.3939601578125 0 0.0453903640625 0.8120043718750001 0.41972283906249996 0.9603014421875 0.79241478125 0.0921059671875 0.5599229343750001 0 0.3939601578125 0
2 0.4171920375 0.0087880390625 0.1204731953125 0.7526171734375 0.4307380703125 0.8657874 0.7274586937499999 0.1219580046875 0.4171920375 0.0087880390625
2 0.422356928125 0.6461028296875 0.3321166921875 0.6689747640625 0.35270165625 0.76490584375 0.44294170624999996 0.7420321375000001 0.422356928125 0.6461028296875
2 0.38842048125 0.4218697296875 0.3536222359375 0.5160386265625 0.4028083609375 0.5324880609375 0.43760660781249994 0.438319165625 0.38842048125 0.4218697296875
2 0.462638884375 0.1056952515625 0.4219175359375 0.11482747499999998 0.42658799375 0.14008240156250001 0.46730934218750003 0.1309501796875 0.462638884375 0.1056952515625
2 0.461500215625 0.126091859375 0.335800471875 0.240001971875 0.37447906875000003 0.2831155171875 0.5001770328124999 0.16920566718750002 0.461500215625 0.126091859375
2 0.530627165625 0.283195884375 0.528486528125 0.331723 0.5492110796875 0.3317942765625 0.551351715625 0.28326716093750004 0.530627165625 0.283195884375
2 0.46585508124999997 0.273760534375 0.41695667812500004 0.31161619375 0.442008290625 0.3447517171875 0.4909068828125 0.30689783125000003 0.46585508124999997 0.273760534375
2 0.3060069671875 0.42686134375 0.283073409375 0.45547279375 0.3266842453125 0.4898287484375 0.3496160234375 0.461217559375 0.3060069671875 0.42686134375
2 0.2430886390625 0.5488664640625001 0.21305891250000003 0.6226060984374999 0.25366391718750003 0.6377674828125001 0.2836954234375 0.5640275875 0.2430886390625 0.5488664640625001
0 0.39361176875 0 0.0451567546875 0.8152026156250001 0.42118629218750003 0.9634627484375 0.7931975125 0.0931509203125 0.5569404953125 0 0.39361176875 0