2 0.566627165625 0 0.07492926093749999 0.4371929265625 0.5753490859375 1 0.5806102703125 1 1 0.6270995187499999 1 0.46424116406250004 0.5872186687500001 0 0.566627165625 0
2 0.610982315625 0.264017684375 0.6436897109374999 0.25311575625 0.6221864953125 0.188606109375 0.5894790999999999 0.1995080390625 0.610982315625 0.264017684375
2 0.6872893890625 0.33596945312500004 0.7093408359375 0.330879421875 0.701805465625 0.2982234734375 0.6797524109374999 0.30331189687500004 0.6872893890625 0.33596945312500004
2 0.6561045015625 0.388503215625 0.6627717046875 0.30850482343749996 0.6108810296875 0.3041800640625 0.6042138265625 0.38417845625 0.6561045015625 0.388503215625
2 0.5881414796875 0.399435690625 0.605133440625 0.35412379375 0.5776591640625 0.3438199359375 0.560667203125 0.389133440625 0.5881414796875 0.399435690625
2 0.50180868125 0.354 0.50180868125 0.3328987140625 0.47919935625 0.3328987140625 0.47919935625 0.354 0.50180868125 0.354
2 0.6073102890625 0.47087299062500004 0.6610964625 0.40745176875 0.6286270093749999 0.379914790625 0.574839228125 0.44333440468749996 0.6073102890625 0.47087299062500004
2 0.72408199375 0.6189469453124999 0.7338344046875 0.5799372984375 0.7127926046875 0.5746768484375 0.7030385859375 0.6136864953125001 0.72408199375 0.6189469453124999
2 0.67865755625 0.563003215625 0.67865755625 0.5378826359375 0.6550434078125 0.5378826359375 0.6550434078125 0.563003215625 0.67865755625 0.563003215625
2 0.4294614140625 0.48060771718749995 0.4418199359375 0.4558890671875 0.42232636718750005 0.4461414796875 0.40996784531249997 0.470860128125 0.4294614140625 0.48060771718749995
2 0.5296832796875 0.6020868171875 0.5409791 0.5738472671875 0.51993086875 0.565427653125 0.5086350484375 0.593667203125 0.5296832796875 0.6020868171875
2 0.47528135000000005 0.6194742765625 0.48683601249999997 0.5848070734374999 0.4657347265625 0.5777733125 0.45418006406250006 0.6124405140625 0.47528135000000005 0.6194742765625
2 0.4040385859375 0.59756913125 0.4256430875 0.532757234375 0.389167203125 0.520599678125 0.367564309375 0.5854099671874999 0.4040385859375 0.59756913125
2 0.6180257234375001 0.8078681671875 0.6290096468749999 0.6963327968749999 0.5734308687499999 0.690860128125 0.5624469453125001 0.8023938906250001 0.6180257234375001 0.8078681671875
2 0.4964742765625 0.7849887453125 0.50987620625 0.7407588421875 0.47984083593750004 0.73165755625 0.46643729843750004 0.775887459375 0.4964742765625 0.7849887453125
0 0.568732659375 0 0.07482475937500001 0.43703376250000003 0.572964775 1 0.5802537156249999 1 1 0.6285885609374999 1 0.4663395203125 0.5873599390625001 0 0.568732659375 0