2 1 0.4866433328125 0.369516278125 0.0833223046875 0 0.6521819921875001 0 0.7050734234375 0.5465188015625 1 0.6771203625 1 1 0.5745442671875 1 0.4866433328125
2 0.26302174375 0.7148357078124999 0.269480153125 0.6784648078125 0.19797434375 0.666972575 0.191515934375 0.7033434749999999 0.26302174375 0.7148357078124999
2 0.3553694046875 0.7705745390625001 0.35733511406249996 0.7464447515625 0.3216542234375 0.74415745625 0.3196904625 0.768288659375 0.3553694046875 0.7705745390625001
2 0.324513653125 0.7253556875 0.4080277984375 0.7044653859375 0.3954242078125 0.6505087656249999 0.311910065625 0.671399065625 0.324513653125 0.7253556875
2 0.363803315625 0.6566858625 0.40906071875 0.6309207890625 0.393919615625 0.6037409874999999 0.3486605125 0.6295063390625 0.363803315625 0.6566858625
2 0.3253763390625 0.551432959375 0.34767722343749996 0.5477767250000001 0.344177171875 0.52394074375 0.3218762890625 0.5275969765624999 0.3253763390625 0.551432959375
2 0.42882635156250004 0.70644495625 0.4875266359375 0.6387516078125001 0.453395790625 0.6092904765625 0.3946974546875 0.6769852390625 0.42882635156250004 0.70644495625
2 0.6223778484375 0.753242578125 0.6620954453125 0.7362018296875 0.6532783046875 0.7149282015625 0.6135609546875 0.731970646875 0.6223778484375 0.753242578125
2 0.569390709375 0.702358978125 0.59593938125 0.69800631875 0.5922837765625 0.6731109984375 0.56573510625 0.6774636546874999 0.569390709375 0.702358978125
2 0.446072040625 0.466878940625 0.4702827640625 0.44956689687500007 0.45696331562500003 0.4307046875 0.4327525921875 0.448016728125 0.446072040625 0.466878940625
2 0.5860865078125 0.5509792375 0.6141828046875 0.5341774828125 0.6020261546875 0.5134461640625 0.5739298578125 0.5302479156250001 0.5860865078125 0.5509792375
2 0.5892877203125 0.49199963437500005 0.62413700625 0.473811271875 0.6134367828125 0.45278389218750004 0.5785874921875 0.47097225312499996 0.5892877203125 0.49199963437500005
2 0.524805859375 0.436505428125 0.5899577828125 0.4024987890625 0.57146095 0.36615244687500004 0.5063104796875 0.40015711249999997 0.524805859375 0.436505428125
2 0.7291629109375 0.6225626875 0.8453386421875001 0.5916570343750001 0.8309492453124999 0.534011390625 0.7147752140625 0.564916765625 0.7291629109375 0.6225626875
2 0.7576720234375001 0.48926800000000004 0.8023416843750001 0.46747521093750005 0.7880730984375 0.43738557968749997 0.7434036890625 0.4591800609375 0.7576720234375001 0.48926800000000004
0 1 0.484508315625 0.3693318875 0.0832397109375 0 0.65477460625 0 0.705297609375 0.5489898890625 1 0.67887438125 1 1 0.574245721875 1 0.484508315625