2 0.438126703125 0 0 0.42672424218750005 0 0.4866938828125 0.5334911109375 0.9627723078124999 1 0.431574571875 1 0.3149167953125 0.59322805 0 0.438126703125 0
2 0.258423325 0.396185721875 0.2412778234375 0.361647253125 0.1751969171875 0.3911751984375 0.19234242031249998 0.425713665625 0.258423325 0.396185721875
2 0.32352063750000004 0.3063392828125 0.314400140625 0.28283824375 0.2803977359375 0.29414207812500004 0.2895167625 0.31764501875 0.32352063750000004 0.3063392828125
2 0.3853443140625 0.3352599625 0.2979141796875 0.33562080625 0.3017827921875 0.392473971875 0.3892129234375 0.392113128125 0.3853443140625 0.3352599625
2 0.40832221406249997 0.40814315624999997 0.3566269828125 0.3939729125 0.350026596875 0.424837284375 0.40172356249999996 0.439007375 0.40832221406249997 0.40814315624999997
2 0.37348996562500003 0.5063712859375 0.3507176828125 0.5083793203125 0.3544368421875 0.5329715375 0.3772091234375 0.5309635046875 0.37348996562500003 0.5063712859375
2 0.4822633703125 0.3804951046875 0.404972228125 0.32802702031250003 0.380595734375 0.3659645859375 0.4578854078125 0.41843457500000003 0.4822633703125 0.3804951046875
2 0.622854625 0.23939127500000001 0.5791515984375 0.2324957734375 0.5769358812500001 0.2558835859375 0.620639175 0.262780834375 0.622854625 0.23939127500000001
2 0.569952928125 0.29412324375 0.54284306875 0.296513759375 0.54672751875 0.322198925 0.573837375 0.319808409375 0.569952928125 0.29412324375
2 0.522024528125 0.5730153890625 0.49331549218750004 0.5619252640625 0.48600262812499995 0.5840560640625 0.5147116640625 0.5951461874999999 0.522024528125 0.5730153890625
2 0.636637296875 0.4524436703125 0.6043033546875 0.442844503125 0.5986793609375 0.466539940625 0.631013303125 0.47613910937500004 0.636637296875 0.4524436703125
2 0.664350590625 0.509962165625 0.6250374171875 0.5006931171875 0.6209177484375 0.524314384375 0.660230921875 0.5335834312500001 0.664350590625 0.509962165625
2 0.65242999375 0.589537625 0.578931825 0.5722059609375 0.571811684375 0.613037803125 0.6453078515625 0.630367871875 0.65242999375 0.589537625
2 0.84418226875 0.33677088906249997 0.7220076843750001 0.33543753593750003 0.7252441640625 0.3964114984375 0.8474170109375001 0.397745003125 0.84418226875 0.33677088906249997
2 0.83948585 0.47115993906250003 0.789548846875 0.4607916171875 0.784667553125 0.4943272578125 0.8346048250000001 0.5046973265625 0.83948585 0.47115993906250003
0 0.43991373906250003 0 0 0.42648802343750003 0 0.4847922984375 0.53333653125 0.9629011203125 1 0.43426839062499994 1 0.31514584375 0.595301978125 0 0.43991373906250003 0