2 0.278682096875 0 0 0.356692059375 0 0.7106022546874999 0.3477142453125 0.988207025 0.4680256640625 0.99030706875 0.924570525 0.40596200937500004 0.41608180156249996 0 0.278682096875 0
2 0.337802575 0.16392230000000002 0.300881971875 0.15317094375 0.2830385078125 0.225062003125 0.3199591140625 0.2358133609375 0.337802575 0.16392230000000002
2 0.24791143125 0.281745384375 0.223220540625 0.2769883265625 0.21786916562499997 0.31325201406250003 0.24255843281249997 0.318010903125 0.24791143125 0.281745384375
2 0.3381759734375 0.367922153125 0.32367313124999997 0.28005236093749997 0.2670376171875 0.2868126890625 0.28154045625 0.374682478125 0.3381759734375 0.367922153125
2 0.3864745078125 0.3717053828125 0.3637369921875 0.3224416609375 0.3344693796875 0.3348492984375 0.357206753125 0.3841112484375 0.3864745078125 0.3717053828125
2 0.47284917968749995 0.3298684015625 0.4709563171875 0.3066232140625 0.44611057968749995 0.3074929671875 0.44800344374999995 0.3307381546875 0.47284917968749995 0.3298684015625
2 0.37576267812499997 0.4319583734375 0.3109654828125 0.3641644421875 0.27775446875 0.395748246875 0.342550040625 0.46354401406249995 0.37576267812499997 0.4319583734375
2 0.25016364062499996 0.6245499890625 0.23594549062499998 0.5819521671875 0.2132942109375 0.58855653125 0.2275105953125 0.631154415625 0.25016364062499996 0.6245499890625
2 0.2983598 0.5668709484375001 0.2961063921875 0.5391981046875001 0.2701564421875 0.5401065109375 0.27240985 0.5677793546875 0.2983598 0.5668709484375001
2 0.5594115359375 0.45593833124999994 0.5436132140625001 0.4291836703125 0.523065825 0.4406715109375 0.5388641468750001 0.46742617031249994 0.5594115359375 0.45593833124999994
2 0.4620008734375 0.595018265625 0.44705453281249996 0.5643441015625 0.42467957656250005 0.57442885 0.43962592031250003 0.6051030171875 0.4620008734375 0.595018265625
2 0.5235263296875 0.61360414375 0.50771895625 0.5758592265625 0.4851613828125 0.5844193640625 0.50096875625 0.622164278125 0.5235263296875 0.61360414375
2 0.616284978125 0.5804952796875 0.586731503125 0.50993126875 0.5477381703125 0.5247272203125 0.57729355625 0.595292940625 0.616284978125 0.5804952796875
2 0.421589703125 0.8270217671875001 0.39951431406250004 0.7045786546875 0.33892885625 0.712745396875 0.36100439375 0.835190278125 0.421589703125 0.8270217671875001
2 0.5247184578125 0.7941288984375 0.5060215203125 0.7459208328125 0.47383160625 0.7571022390625 0.49252677968749997 0.805310365625 0.5247184578125 0.7941288984375
0 0.27875768437500004 0 0 0.358648259375 0 0.7118544703125 0.3477857953125 0.9882082734375001 0.4703211703125 0.9903471359375 0.924671084375 0.40578265468749997 0.41400232656249997 0 0.27875768437500004 0