2 0.49121255937499997 1 0.9720916703125001 0.6350593921875001 0.9726880140624999 0.63142204375 0.6455129234375 0.025144575000000002 0.0887919859375 0.3867758421875 0.48107205468750003 1 0.49121255937499997 1
2 0.6337193390625 0.295180265625 0.6670214453125001 0.289266784375 0.65649886875 0.22379427812500002 0.6231967640625 0.22970775781250002 0.6337193390625 0.295180265625
2 0.695963475 0.3756224640625 0.7180573124999999 0.3738226109375 0.715964303125 0.3411540796875 0.6938691703125001 0.3429521484375 0.695963475 0.3756224640625
2 0.65752611875 0.422037953125 0.6766538015625 0.3455703140625 0.6272497687499999 0.334030153125 0.6081220890625 0.410497790625 0.65752611875 0.422037953125
2 0.590186846875 0.42298372031250003 0.6137779921875001 0.3815449109375 0.5888917421875 0.36767978125 0.5653003421875 0.40912014843750005 0.590186846875 0.42298372031250003
2 0.5140580640625 0.3667794578125 0.5174058031250001 0.3463602109375 0.49558098125 0.3431554765625 0.49223324375 0.3635747234375 0.5140580640625 0.3667794578125
2 0.597356940625 0.49482907656249997 0.6593386625 0.44108162812499996 0.6323646093749999 0.40983235625000003 0.5703815921875 0.4635780203125 0.597356940625 0.49482907656249997
2 0.6865848 0.6546686421875 0.7021877359375 0.6183022171875 0.6827106234375 0.6102292484375 0.667106134375 0.6465954484374999 0.6865848 0.6546686421875
2 0.6516120359375 0.5940944953125 0.6555974390625 0.56978586875 0.632802659375 0.56643870625 0.6288172578125 0.5907473328124999 0.6516120359375 0.5940944953125
2 0.42413469062500003 0.47904015624999996 0.43998602968749995 0.4568722125 0.4227153171875 0.44467659218750005 0.4068639796875 0.4668445359375 0.42413469062500003 0.47904015624999996
2 0.5016062578125 0.61079863125 0.5169903640625 0.5850729593749999 0.4980082484375 0.5739420265625 0.48262414375 0.5996676984375 0.5016062578125 0.61079863125
2 0.4463334453125 0.619912946875 0.462987165625 0.58800406875 0.44373396875 0.5782066718750001 0.4270802515625 0.6101155546875 0.4463334453125 0.619912946875
2 0.381037953125 0.5886175953125 0.41217528281250004 0.528962865625 0.37889385625 0.5120280328125 0.34775833437500003 0.5716814328125001 0.381037953125 0.5886175953125
2 0.5542359718750001 0.8224506937499999 0.5825339609375 0.716077290625 0.5297519140625 0.7029035546875 0.5014541796875001 0.8092754031249999 0.5542359718750001 0.8224506937499999
2 0.440531990625 0.7830816046875 0.4604860125 0.742180946875 0.43293674375 0.729116503125 0.412981171875 0.77001693125 0.440531990625 0.7830816046875
0 0.4906471375 1 0.97175294375 0.63712543125 0.9723490328125 0.6334896375 0.6463738484375 0.0262428484375 0.0887163609375 0.386607009375 0.478993503125 1 0.4906471375 1