2 0.379103234375 0 0.3388347171875 0.006089934375 0 0.4437562046875 0 0.5471477609375001 0.427948921875 0.9865318671875001 0.4761257671875 0.9851300640625 0.9303750296875 0.4761006046875 0.3882555359375 0 0.379103234375 0
2 0.389144015625 0.8153604187499999 0.4218476265625 0.7991257703125 0.3938883546875 0.7365554140625 0.36118474218749996 0.7527900609375 0.389144015625 0.8153604187499999
2 0.2972657796875 0.71574839375 0.3195201265625 0.707113815625 0.3088150078125 0.6749163968749999 0.2865624625 0.6835523671875 0.2972657796875 0.71574839375
2 0.3903737921875 0.69549941875 0.39003211875 0.6127140125 0.33619927656250004 0.6163771031249999 0.3365409515625 0.6991625109374999 0.3903737921875 0.69549941875
2 0.421017803125 0.6498185656250001 0.43443510781250005 0.6008680015625 0.40521055156249997 0.594619903125 0.39179310156249997 0.643568825 0.421017803125 0.6498185656250001
2 0.523407425 0.645642615625 0.52150606875 0.6240801109375 0.49822031093749997 0.6276016890625 0.5001216687500001 0.64916419375 0.523407425 0.645642615625
2 0.3652727171875 0.6208734140625001 0.41495523749999996 0.5476897546874999 0.3790313015625 0.524606871875 0.32935058437500003 0.5977919218750001 0.3652727171875 0.6208734140625001
2 0.2610397703125 0.43496383749999995 0.267570603125 0.39358228125 0.2454236140625 0.3914845265625 0.23889443593749998 0.4328658296875 0.2610397703125 0.43496383749999995
2 0.3238321078125 0.46356738125 0.3215685875 0.4378977359375 0.297247946875 0.441575821875 0.29951146562500003 0.46724546875 0.3238321078125 0.46356738125
2 0.5717780859375 0.5210662609375001 0.582279046875 0.49388239375 0.561323946875 0.486958025 0.550822984375 0.51414189375 0.5717780859375 0.5210662609375001
2 0.46050500625 0.4143754796875 0.46959421875 0.383759278125 0.4471576 0.378434059375 0.4380683890625 0.4090502609375 0.46050500625 0.4143754796875
2 0.5152101828125 0.39331850625000003 0.5239868109375 0.3560938453125 0.501620425 0.352193034375 0.4928437953125 0.38941769531250003 0.5152101828125 0.39331850625000003
2 0.5992201703125 0.4398158109375 0.615629578125 0.370224128125 0.5769684390625 0.36348035 0.56055751875 0.43307392812499995 0.5992201703125 0.4398158109375
2 0.3941021375 0.2945344328125 0.39536479999999996 0.1788520171875 0.3376299359375 0.1819149140625 0.3363674171875 0.2975989734375 0.3941021375 0.2945344328125
2 0.486816121875 0.23826791093750002 0.49663528125 0.19098355625000002 0.4648795671875 0.1863618359375 0.4550620625 0.2336459359375 0.486816121875 0.23826791093750002
0 0.37910324218749997 0 0.3392258921875 0.0060307765625 0 0.44165145937499994 0 0.545366434375 0.4277083046875 0.98653886875 0.4742607828125 0.9851843296875 0.9304969984374999 0.47624697187500004 0.3910081515625 0 0.37910324218749997 0