2 0.334356271875 0 0 0.43188154843750004 0 0.5537578828124999 0.43462845000000006 1 0.5169719578125 1 0.98740003125 0.47284064531250003 0.44899254375000003 0 0.334356271875 0
2 0.415147578125 0.7506591078125 0.380263725 0.767976065625 0.41008695 0.8347177796875 0.4449708015625 0.817400821875 0.415147578125 0.7506591078125
2 0.32440267500000003 0.6849108234375 0.3006666265625 0.6941225249999999 0.3120834984375 0.728464953125 0.33582146874999996 0.7192547359375 0.32440267500000003 0.6849108234375
2 0.3536125609375 0.622468909375 0.353977015625 0.7107733453125 0.41139871093749997 0.706866046875 0.41103425937500004 0.6185616140625 0.3536125609375 0.622468909375
2 0.42722458906250005 0.5992612296875001 0.4129126421875 0.6514734140625 0.44408565624999996 0.658139803125 0.4583974484375 0.60592586875 0.42722458906250005 0.5992612296875001
2 0.5264349984375001 0.6344418015625 0.5284631140625 0.65744180625 0.553301253125 0.6536854562500001 0.551273140625 0.6306854515625 0.5264349984375001 0.6344418015625
2 0.39930005468749996 0.5245806640625 0.346307290625 0.6026447171875 0.38462423125 0.627264975 0.43761892031249994 0.5492024046874999 0.39930005468749996 0.5245806640625
2 0.25678518906250003 0.3825834953125 0.24982073124999998 0.42672355156249997 0.273442421875 0.42896142656249997 0.28040864375 0.3848211 0.25678518906250003 0.3825834953125
2 0.31206447656249997 0.436014209375 0.31447889687499997 0.46339516718749996 0.340420915625 0.4594718734375 0.33800649374999997 0.43209091875 0.31206447656249997 0.436014209375
2 0.59374554375 0.48442189375 0.5825445171875 0.5134180203125001 0.6048966250000001 0.5208040109375001 0.61609765 0.4918078859375 0.59374554375 0.48442189375
2 0.47196810625 0.36866299687500004 0.4622729484375 0.40132027812500004 0.48620534062500004 0.4070005109375 0.4959005 0.3743432296875 0.47196810625 0.36866299687500004
2 0.5300617859375001 0.3406725703125 0.5207000484375001 0.380378875 0.544557528125 0.384539740625 0.553919265625 0.344833434375 0.5300617859375001 0.3406725703125
2 0.6104330015625 0.3527123734375 0.5929280203125 0.42694552343750003 0.63416818125 0.43413686562500003 0.65167155 0.3599057359375 0.6104330015625 0.3527123734375
2 0.3551385984375 0.15904257500000002 0.3537919109375 0.2824389046875 0.4153756140625 0.27917006093749996 0.41672245312499995 0.155775484375 0.3551385984375 0.15904257500000002
2 0.4908715390625 0.1637859578125 0.4803995328125 0.21422233125 0.5142705296875001 0.2191524390625 0.5247442999999999 0.16871579375 0.4908715390625 0.1637859578125
0 0.3345951671875 0 0 0.42967408437500004 0 0.5518815953125 0.4344422921875 1 0.5150987890625001 1 0.98753013125 0.47299677031250004 0.4517230890625 0 0.3345951671875 0