2 0.317476728125 0 0 0.41421542499999997 0 0.44591274218750004 0.5810834375 0.8860947140625001 0.9954332562499999 0.3454874109375 0.5393575375 0 0.317476728125 0
2 0.7284205578125 0.3031000421875 0.71963204375 0.3366535796875 0.7853892578125 0.352462215625 0.7941777703125 0.3189086734375 0.7284205578125 0.3031000421875
2 0.646612034375 0.2444405546875 0.6429424 0.2668653765625 0.6760173468749999 0.27153022031249996 0.679685275 0.2491039375 0.646612034375 0.2444405546875
2 0.6719207203125 0.2889094921875 0.5925070906250001 0.302531940625 0.6001420093750001 0.353879509375 0.6795556421875 0.340257059375 0.6719207203125 0.2889094921875
2 0.6300783671875 0.3503418015625 0.5859429 0.3712310203125 0.5979819046875 0.3977189859375 0.6421189765624999 0.376829625 0.6300783671875 0.3503418015625
2 0.6578696765625 0.45148510625 0.636810159375 0.45332532499999995 0.6382561640625 0.4758623421875 0.6593156812500001 0.47402212343750005 0.6578696765625 0.45148510625
2 0.573276778125 0.2992084265625 0.513421046875 0.3583534796875 0.5429818421875 0.3883190875 0.602835865625 0.3291725703125 0.573276778125 0.2992084265625
2 0.3964806421875 0.2417453734375 0.3581719390625 0.254868584375 0.3647678296875 0.2753859359375 0.40307642968749996 0.26226112343749997 0.3964806421875 0.2417453734375
2 0.44198095156250006 0.293078221875 0.41691009843750004 0.29526895937500003 0.418420365625 0.3188075890625 0.4434912203125 0.31661685 0.44198095156250006 0.293078221875
2 0.5389594203125 0.5220078515625 0.5150801031250001 0.5364825359375 0.526055128125 0.5550636859375 0.549934446875 0.5405890015625 0.5389594203125 0.5220078515625
2 0.41489288281250003 0.433452809375 0.38743166875 0.44717524218750004 0.39718077812499997 0.46742189375 0.42464199531249996 0.453699459375 0.41489288281250003 0.433452809375
2 0.40741755 0.48837853437499995 0.37355795937499997 0.50291953125 0.381927353125 0.5233399265625 0.41578694531249993 0.5087989296875 0.40741755 0.48837853437499995
2 0.4632780171875 0.5448365515625 0.3999761515625 0.57202413125 0.41444399687500005 0.6073213749999999 0.4777443640625 0.5801355375 0.4632780171875 0.5448365515625
2 0.28701971875 0.3563856140625 0.1764076171875 0.3770612828125 0.1854256578125 0.4319849109375 0.29603615625 0.41130938281249996 0.28701971875 0.3563856140625
2 0.2503009203125 0.47901240156249997 0.207015703125 0.49622870937499997 0.21802001875000002 0.5253759140625001 0.2613051328125 0.5081580031249999 0.2503009203125 0.47901240156249997
0 0.316162265625 0 0 0.41451808437500004 0 0.448125715625 0.58124896875 0.886185 0.994387140625 0.344523253125 0.5372486890625 0 0.316162265625 0