2 0 0.5182484125 0.359208078125 0.9924366953125 0.8846107999999999 0.589740465625 0.4454930375 0.0100618875 0 0.35151144218749997 0 0.5182484125
2 0.3506226984375 0.7243923921875 0.318012853125 0.7329337296875 0.33337686718750004 0.7968415203125 0.36598671562499996 0.7883001843749999 0.3506226984375 0.7243923921875
2 0.2827972875 0.6498596453125 0.2610031640625 0.6534260703125 0.26553538906249996 0.6855691265625 0.2873309328125 0.682004359375 0.2827972875 0.6498596453125
2 0.3174607296875 0.600842828125 0.3042214125 0.67802295 0.35412482968750003 0.6854431390625 0.3673641484375 0.608263015625 0.3174607296875 0.600842828125
2 0.3842276484375 0.59446325625 0.3639259390625 0.6373574125 0.3896687921875 0.6490593796875 0.40997063906250003 0.6061636640625 0.3842276484375 0.59446325625
2 0.46401305 0.6438998734375 0.4622245875 0.6643670921875 0.48412775156250004 0.665772428125 0.4859162140625 0.645305209375 0.46401305 0.6438998734375
2 0.37171228749999996 0.5239810796875 0.3142306890625 0.58215336875 0.3433520921875 0.61088110625 0.4008351125 0.5527104781250001 0.37171228749999996 0.5239810796875
2 0.2711379046875 0.373098353125 0.258383784375 0.41032962343749996 0.2783225296875 0.41673990468750005 0.29107820625 0.379508734375 0.2711379046875 0.373098353125
2 0.3104020203125 0.4301845015625 0.30827289687500004 0.4545502375 0.3311495015625 0.4560180296875 0.333278625 0.4316522921875 0.3104020203125 0.4301845015625
2 0.5448314640625 0.525593475 0.53076388125 0.5488011859374999 0.5488224359375 0.559467540625 0.5628900203125 0.5362598281250001 0.5448314640625 0.525593475
2 0.45803593906250006 0.40153515312500004 0.4446994484375 0.4282240203125 0.4643766625 0.4376989390625 0.477713153125 0.41101006875 0.45803593906250006 0.40153515312500004
2 0.51221241875 0.3880516421875 0.49808038750000005 0.42095893125000006 0.517926459375 0.4290929375 0.532058490625 0.396185646875 0.51221241875 0.3880516421875
2 0.579373453125 0.413726821875 0.5529505234375 0.4752483234375 0.587256725 0.489307803125 0.6136779609375 0.427787759375 0.579373453125 0.413726821875
2 0.389893934375 0.196446153125 0.36979976875 0.3039472890625 0.42317880625 0.3127101390625 0.4432728359375 0.20521056093749998 0.389893934375 0.196446153125
2 0.5057097765624999 0.2261933859375 0.48897767812500004 0.26826120625 0.5173035593749999 0.2789559265625 0.5340372171875 0.23688820625 0.5057097765624999 0.2261933859375
0 0 0.5160399953125 0.3582710359375 0.9914200015624999 0.884698546875 0.5899013421875 0.44703758125000004 0.009180892187500001 0 0.35014650937499997 0 0.5160399953125