2 1 0.6465416125 0.5556962171875 0.09002780625 0.00442729375 0.52073050625 0.0064084671875 0.6342318437500001 0.298426946875 1 0.5538782624999999 1 1 0.6514468484375 1 0.6465416125
2 0.7941783546875001 0.678413234375 0.784035565625 0.6435824765625 0.716213809375 0.66041593125 0.7263566 0.695246690625 0.7941783546875001 0.678413234375
2 0.677369503125 0.7516787359375 0.6728817125 0.7283854421875 0.638668959375 0.733435440625 0.6431584781249999 0.756727203125 0.677369503125 0.7516787359375
2 0.6744789046874999 0.656912140625 0.5915828734375 0.6432302140624999 0.585205209375 0.696659946875 0.6681012375 0.7103418703125 0.6744789046874999 0.656912140625
2 0.6344889984375001 0.6191160453125 0.5880137890625 0.5976655578125001 0.57631014375 0.6252766484375 0.6227836812499999 0.646727 0.6344889984375001 0.6191160453125
2 0.6494120624999999 0.5179657390625 0.627482640625 0.51618001875 0.6266621171875 0.53961939375 0.648591540625 0.5414051125 0.6494120624999999 0.5179657390625
2 0.5951278859375 0.6689004875 0.5311713453125 0.6077710578125 0.501373571875 0.6391037359375 0.5653318421875 0.7002316343749999 0.5951278859375 0.6689004875
2 0.3896677671875 0.739674065625 0.34948114375 0.7262607171875 0.3432505515625 0.7476315140625001 0.383437234375 0.761043196875 0.3896677671875 0.739674065625
2 0.4300017875 0.6829184984375 0.40389533125000004 0.6807926421875 0.40303834375 0.7052737265625 0.4291448 0.7073995828124999 0.4300017875 0.6829184984375
2 0.533788990625 0.449421496875 0.50854874375 0.43451741874999994 0.4977111609375 0.4539017484375 0.5229514046875 0.468805825 0.533788990625 0.449421496875
2 0.40627915000000003 0.540514590625 0.37734125937499996 0.5264142703125 0.3678273421875 0.5475227171875 0.3967652359375 0.561623040625 0.40627915000000003 0.540514590625
2 0.3954158234375 0.483284003125 0.35980741250000003 0.46837138749999996 0.3517318125 0.48965211562500005 0.38734022343749996 0.5045647328125 0.3954158234375 0.483284003125
2 0.45761201093750004 0.40874386406249996 0.3910421890625 0.380863228125 0.37708213281249997 0.41764758750000003 0.443653565625 0.44553002812500003 0.45761201093750004 0.40874386406249996
2 0.2739824015625 0.5853638546875 0.15847003125 0.564538015625 0.1507638890625 0.62169396875 0.266277928125 0.642519946875 0.2739824015625 0.5853638546875
2 0.23498034531249998 0.48488535781250003 0.1895010390625 0.4672467375 0.1789524859375 0.49761624531250004 0.22443185 0.5152532015625 0.23498034531249998 0.48488535781250003
0 1 0.6488667718750001 0.5558654203125 0.0899329390625 0.00438949375 0.518564934375 0.0064072890625 0.63416434375 0.297103678125 1 0.5517810734374999 1 1 0.6516239328125 1 0.6488667718750001