2 0.3807612546875 0 0 0.5017258421874999 0 0.5288539828125 0.645772434375 0.9419552156250001 1 0.39663206406249996 1 0.331113984375 0.3864234953125 0 0.3807612546875 0
2 0.749782096875 0.325177125 0.7434743828125 0.360699371875 0.8133117249999999 0.3719234515625 0.8196194359375 0.33640120625000003 0.749782096875 0.325177125
2 0.659589215625 0.2707388671875 0.657669371875 0.29430562656250003 0.6925177078125 0.2965395515625 0.6944356484374999 0.27297140937500003 0.659589215625 0.2707388671875
2 0.6897249984375 0.3149026109375 0.6081595171874999 0.3353054734375 0.6204690234375 0.3880031046875 0.7020345031249999 0.36760024687500004 0.6897249984375 0.3149026109375
2 0.6513520953125 0.38197014218750003 0.6071506984374999 0.4071340296875 0.6219385078124999 0.43367963437499996 0.6661415671875 0.408515475 0.6513520953125 0.38197014218750003
2 0.6888824421875 0.48476714374999996 0.6671019109375 0.488338065625 0.6705202953125 0.5116178734375 0.692300825 0.508046953125 0.6888824421875 0.48476714374999996
2 0.5878462640625 0.33337209375 0.5305156515625 0.3994859296875 0.5638501109375 0.428259634375 0.6211788203124999 0.3621444171875 0.5878462640625 0.33337209375
2 0.39881096875 0.287666415625 0.36002011562499997 0.304309546875 0.368631521875 0.325086790625 0.40742213437499997 0.3084420015625 0.39881096875 0.287666415625
2 0.450561740625 0.33736273125 0.4246325390625 0.34161382812499996 0.4282028453125 0.3659282578125 0.45413204687500003 0.3616771640625 0.450561740625 0.33736273125
2 0.5710029734375001 0.567348234375 0.5473571671874999 0.5842563296875001 0.560365828125 0.602678421875 0.584011634375 0.585770328125 0.5710029734375001 0.567348234375
2 0.43425550937499996 0.485210278125 0.40681479375 0.5016199921875 0.41868778906250004 0.5218675796875 0.4461285046875 0.50545786875 0.43425550937499996 0.485210278125
2 0.43112899374999997 0.542813690625 0.39709285625 0.5605776578125 0.40754340781250004 0.5811143984375 0.44157955 0.5633504328125001 0.43112899374999997 0.542813690625
2 0.49410627656250006 0.59701303125 0.43047456562499997 0.6302261828125 0.4485398046875 0.6657244437500001 0.5121700984374999 0.6325132203125 0.49410627656250006 0.59701303125
2 0.29451755625 0.41529710781249995 0.18105259375 0.44548162968750005 0.1951062359375 0.5017822078124999 0.3085695421875 0.4715979578125 0.29451755625 0.41529710781249995
2 0.26667365625 0.5454815859375 0.2230462890625 0.5667658765625 0.236981940625 0.5961534171875 0.28060906406249997 0.5748674734375 0.26667365625 0.5454815859375
0 0.3795269765625 0 0.3787328734375 0.00013019375 0 0.5022612328125 0 0.5310424265625 0.6459525234375 0.94203588125 1 0.39415335625000003 1 0.33091394531249996 0.38355298125 0 0.3795269765625 0