2 0.41875139531250005 0 0 0.372333978125 0 0.4499625390625 0.42068316875 0.9230924093749999 1 0.40799293593749997 1 0.4059159765625 0.6390797109374999 0 0.41875139531250005 0
2 0.165533003125 0.3613861390625 0.17672277187500002 0.3949570953125 0.24293564375 0.3728861390625 0.23174587500000002 0.33931518125000004 0.165533003125 0.3613861390625
2 0.2780445546875 0.27966501718750003 0.2832673265625 0.3023003296875 0.316787128125 0.29456435625 0.31156270625000004 0.27193069375 0.2780445546875 0.27966501718750003
2 0.284158415625 0.3729900984375 0.3662689765625 0.3798333328125 0.3707079203125 0.3265726078125 0.28859735937500003 0.3197293734375 0.284158415625 0.3729900984375
2 0.324844884375 0.40708910937500004 0.37135478593750004 0.424529703125 0.3819290421875 0.3963300328125 0.3354207921875 0.3788894390625 0.324844884375 0.40708910937500004
2 0.3136353140625 0.5081485156250001 0.3352937296875 0.5081485156250001 0.3352937296875 0.48494224375000006 0.3136353140625 0.48494224375000006 0.3136353140625 0.5081485156250001
2 0.3618927390625 0.354775578125 0.4269867984375 0.4099834984375 0.455252475 0.376655115625 0.390156765625 0.3214488453125 0.3618927390625 0.354775578125
2 0.5617970296875 0.2683877890625 0.601836634375 0.278399340625 0.6072359734375 0.2568003296875 0.5671963703125 0.2467904296875 0.5617970296875 0.2683877890625
2 0.524031353125 0.327661715625 0.54981518125 0.327661715625 0.54981518125 0.3034240921875 0.524031353125 0.3034240921875 0.524031353125 0.327661715625
2 0.42986798750000005 0.5665231015625001 0.45523927343750004 0.5792079203125 0.465244225 0.5591996703125 0.4398729375 0.5465148515625 0.42986798750000005 0.5665231015625001
2 0.5523036296875 0.466341584375 0.581288778125 0.47793564374999997 0.58993069375 0.45633168281250003 0.5609455453125001 0.44473762343749995 0.5523036296875 0.466341584375
2 0.564975246875 0.521968646875 0.60055775625 0.5338283828125 0.607777228125 0.5121699671875 0.5721947187499999 0.5003102312500001 0.564975246875 0.521968646875
2 0.5062920796875 0.60055775625 0.57281353125 0.6227310234375001 0.5852937296875 0.5852937296875 0.5187706265625 0.5631188125000001 0.5062920796875 0.60055775625
2 0.6810478546875001 0.41142904218750004 0.795526403125 0.4227029703125 0.8011452140624999 0.365656765625 0.6866650171875001 0.3543828390625 0.6810478546875001 0.41142904218750004
2 0.7229224421875 0.5074900984374999 0.76832013125 0.5212475249999999 0.7776617156250001 0.49041749218749997 0.7322640265625 0.476661715625 0.7229224421875 0.5074900984374999
0 0.420760728125 0 0 0.3723097109375 0 0.4479548015625 0.4205198015625 0.9231996703125 1 0.41044729531249996 1 0.40629096875000004 0.6404944625 0 0.420760728125 0