2 0.6478501203125 1 0.9914471578124999 0.55170511875 0.4081228015625 0.10982560937500001 0.0028938921875 0.6385327515625 0.48006449062499995 1 0.6478501203125 1
2 0.2083142796875 0.63171148125 0.199719225 0.6645264234375 0.2640289515625 0.679987065625 0.2726240078125 0.647172128125 0.2083142796875 0.63171148125
2 0.3152786328125 0.7108619546875 0.31169144531250004 0.7327945765625 0.344036659375 0.73735530625 0.34762551406250003 0.7154241125 0.3152786328125 0.7108619546875
2 0.3894837578125 0.6303253859375 0.311818225 0.6436479703125 0.31928508125 0.6938652453125 0.3969506125 0.6805426625 0.3894837578125 0.6303253859375
2 0.39159631250000004 0.5874509296875 0.3484308125 0.6078804609375 0.360206378125 0.63378521875 0.4033703078125 0.613355825 0.39159631250000004 0.5874509296875
2 0.35220859375 0.511027709375 0.3316126515625 0.5128274203125 0.333026825 0.5348683390625 0.35362276875 0.5330686296875 0.35220859375 0.511027709375
2 0.44538568281249996 0.5966439125 0.38684920156249997 0.6544884609375 0.415757615625 0.6837930171875 0.47429576874999996 0.6259499 0.44538568281249996 0.5966439125
2 0.6196767453125 0.7070911125 0.5822114171874999 0.7199270140625 0.5886620140625001 0.7399911609375 0.62612744375 0.727156825 0.6196767453125 0.7070911125
2 0.567205240625 0.6646252828125 0.542686259375 0.666767796875 0.5441632828125 0.6897882796875 0.5686822625 0.687645765625 0.567205240625 0.6646252828125
2 0.46193979531249996 0.433569790625 0.43858612187499996 0.44772585 0.44931956093750003 0.46589798125000004 0.4726732328125 0.45174192343749997 0.46193979531249996 0.433569790625
2 0.5879772890625 0.5192823609375 0.5611205640625 0.5327027296875 0.5706550734375 0.5525037 0.5975117953125 0.53908333125 0.5879772890625 0.5192823609375
2 0.602894946875 0.46459522968750006 0.5697806921875 0.4788161421875 0.5779658546875 0.49878703125 0.6110801078125 0.48456611875 0.602894946875 0.46459522968750006
2 0.571094078125 0.3824624296875 0.509187115625 0.4090498359375 0.5233350203125 0.44357179999999996 0.58524345 0.4169826890625 0.571094078125 0.3824624296875
2 0.795071134375 0.553939284375 0.6868954578124999 0.5741596921875 0.6957134203125 0.627874446875 0.8038906640624999 0.607653903125 0.795071134375 0.553939284375
2 0.7631942578124999 0.4626040578125 0.7208619609375 0.47944295937500003 0.7316239437500001 0.507946990625 0.7739563406250001 0.491109659375 0.7631942578124999 0.4626040578125
0 0.6492236390625 1 0.99233369375 0.5501508609375 0.4079609140625 0.10973731093750001 0.003916979687500001 0.6394756875 0.482286796875 1 0.6492236390625 1