2 1 0.6475828406249999 0.556910615625 0.0925901328125 0.0090871234375 0.520600940625 0.0110559140625 0.6333928953125 0.30189225625 0.9976803640625 0.3303784015625 1 0.551104259375 1 1 0.64927953125 1 0.6475828406249999
2 0.793902240625 0.6772981515625001 0.78382284375 0.6426850859375 0.7164249734375 0.65941333125 0.726504371875 0.6940263984375 0.793902240625 0.6772981515625001
2 0.67782344375 0.75010574375 0.6733637015625 0.7269580328125 0.639364778125 0.73197646875 0.6438262375 0.7551226578125 0.67782344375 0.75010574375
2 0.6749509109375 0.6559314390625001 0.59257298125 0.6423350250000001 0.5862351765625 0.6954308218749999 0.6686131046875 0.7090272343749999 0.6749509109375 0.6559314390625001
2 0.6352109421875001 0.6183715703125 0.589026203125 0.5970551484375 0.5773957046875 0.62449366875 0.6235787828125 0.64580995625 0.6352109421875001 0.6183715703125
2 0.6500407375 0.5178534531250001 0.6282483734375 0.5160788937499999 0.6274329796875 0.539371771875 0.64922534375 0.54114633125 0.6500407375 0.5178534531250001
2 0.5960958359374999 0.6678448593749999 0.5325390249999999 0.6070974890625 0.5029274874999999 0.6382343374999999 0.56648601875 0.6989801859375 0.5960958359374999 0.6678448593749999
2 0.39191984375 0.738176103125 0.3519843859375 0.7248465875 0.34579273593750004 0.7460838171875 0.3857282515625 0.7594116765625001 0.39191984375 0.738176103125
2 0.4320017765625 0.6817752578125 0.4060584859375 0.6796626875 0.40520685468749995 0.703990765625 0.43115014531250007 0.7061033359375 0.4320017765625 0.6817752578125
2 0.535140309375 0.4497376125 0.5100578140625001 0.434926684375 0.49928796562500005 0.4541898625 0.5243704578124999 0.4690007890625 0.535140309375 0.4497376125
2 0.40842740468749994 0.540261375 0.37967037656249997 0.5262491812500001 0.37021592187499996 0.5472257 0.39897295312500003 0.561237896875 0.40842740468749994 0.540261375
2 0.397631975 0.483388478125 0.362246115625 0.468569065625 0.3542209890625 0.489716790625 0.38960684687499997 0.504536203125 0.397631975 0.483388478125
2 0.45943943593750003 0.409314215625 0.393285675 0.3816078328125 0.37941286875 0.41816229062500004 0.44556823124999995 0.445870465625 0.45943943593750003 0.409314215625
2 0.2769575109375 0.58483033125 0.16216709375 0.564134653125 0.1545091140625 0.62093338125 0.269301190625 0.6416291968750001 0.2769575109375 0.58483033125
2 0.23819921875 0.48497982500000003 0.1930041578125 0.4674514453125 0.1825215328125 0.49763114374999995 0.22771665156249998 0.51515786875 0.23819921875 0.48497982500000003
0 0.5489993328125 1 0.9997834234375 0.6496301703125 0.5570787609375001 0.0924958578125 0.009049559375 0.518448903125 0.01105474375 0.6333258171875 0.300483046875 0.9975656125000001 0.33037839375 1 0.5489993328125 1