3 0.4133714390625 0.7510158640625 0.487446215625 0.7312469859374999 0.44422981406249995 0.6041333421874999 0.3701550421875 0.623902221875 0.4133714390625 0.7510158640625
3 0.47550395781250004 0.6891012562500001 0.50407379375 0.6820172046875 0.4892304890625 0.6359225015625001 0.4606625140625 0.6430069875 0.47550395781250004 0.6891012562500001
3 0.5429372906250001 0.7027224421875 0.551212659375 0.697034778125 0.520701028125 0.6549995578125001 0.5124237953125 0.6606867859375 0.5429372906250001 0.7027224421875
3 0.5691908953125 0.6472684796875 0.572240759375 0.6356814187500001 0.5067588875 0.6135334734375 0.5037087375 0.6251223703125001 0.5691908953125 0.6472684796875
3 0.7223550609375 0.64673655625 0.728264340625 0.628824221875 0.54086534375 0.5535769187499999 0.5349560624999999 0.5714892468749999 0.7223550609375 0.64673655625
3 0.551943034375 0.546849321875 0.5950548140625 0.51482803125 0.5845298718749999 0.5012489109375 0.5414180921875 0.5332702046875 0.551943034375 0.546849321875
3 0.542826534375 0.49384205156250005 0.6731277234374999 0.4435883921875 0.6519177125 0.39662827031250003 0.521616521875 0.4468819328125 0.542826534375 0.49384205156250005
3 0.45373502187500003 0.41485983437499996 0.5532070671875 0.42856156562500003 0.5538163609375 0.41782126875000003 0.45434431562500005 0.404119540625 0.45373502187500003 0.41485983437499996
3 0.29120858125 0.619512503125 0.304650459375 0.585830125 0.239345621875 0.5553628140625 0.22590374375 0.5890451921875 0.29120858125 0.619512503125
3 0.1396174265625 0.5650782171875 0.21949552187500002 0.5503794578125001 0.2142823640625 0.5303880140625 0.13440240781249999 0.5450863390625 0.1396174265625 0.5650782171875
3 0 0.45890500625 0.10728011875000001 0.48998000625 0.115182496875 0.45280304843749997 0 0.41943902499999997 0 0.45890500625
3 0 0.38355957812499997 0.113913359375 0.41473115624999995 0.124282296875 0.361815971875 0.0043681359375 0.3290041578125 0 0.3512914640625 0 0.38355957812499997
3 0.20744239062499997 0.3826163 0.2145549671875 0.3644715640625 0.11926554062500001 0.3206528890625 0.1121548265625 0.3387980609375 0.20744239062499997 0.3826163
3 0.3660133796875 0.393773653125 0.4079697078125 0.393829834375 0.400688459375 0.302677103125 0.35873027031250004 0.302620484375 0.3660133796875 0.393773653125
3 0.46348370625 0.4147674828125 0.47885257656249997 0.3314660265625 0.4416122921875 0.3216878921875 0.4262415609375 0.4049889109375 0.46348370625 0.4147674828125
3 0.33202830625 0.36405576562499997 0.34215162499999996 0.313390196875 0.1947622625 0.2725109171875 0.1846370796875 0.323176046875 0.33202830625 0.36405576562499997
3 0.50961230625 0.6701708843749999 0.574868534375 0.454559878125 0.1108487296875 0.280215125 0.045592503125 0.49582612968750006 0.50961230625 0.6701708843749999
0 0 0.603147240625 0.8208276890624999 0.9165629125000001 0.9574989578125 0.47438693593750003 0.0422454125 0.1249167515625 0 0.2615943921875 0 0.603147240625