3 0.281882003125 0.46658494375000004 0.318936840625 0.5314705640625 0.42519619999999997 0.4732156484375 0.3881413609375 0.4083300296875 0.281882003125 0.46658494375000004
3 0.354774528125 0.5143397968750001 0.36856757500000004 0.5394450156249999 0.40731038125 0.51907814375 0.393517403125 0.4939746953125 0.354774528125 0.5143397968750001
3 0.3593453546875 0.578059865625 0.36669390156250004 0.5847967546875 0.3977114125 0.5506872984375 0.39036279218750003 0.5439486390625 0.3593453546875 0.578059865625
3 0.41716266874999997 0.593928409375 0.42862463906250003 0.5950148468750001 0.4324140984375 0.5318262093749999 0.4209503625 0.5307397843749999 0.41716266874999997 0.593928409375
3 0.45657042968750006 0.7340281531249999 0.4745928984375 0.7368009078125 0.496379578125 0.5542193125 0.47835710625 0.5514465578125 0.45657042968750006 0.7340281531249999
3 0.5053993171875 0.5633679171875 0.545887540625 0.598113028125 0.5557376453125 0.5864825109375 0.5152494203125 0.5517374 0.5053993171875 0.5633679171875
3 0.551972865625 0.54722523125 0.6314310359374999 0.6590847296875 0.669354334375 0.63276363125 0.5898961640625 0.5209041296875 0.551972865625 0.54722523125
3 0.6021830859375 0.4540665046875 0.6148202734375 0.5471207062500001 0.624881134375 0.5460980828124999 0.6122439453124999 0.45304388281249997 0.6021830859375 0.4540665046875
3 0.37213077031249997 0.3354312421875 0.406612296875 0.3427776359375 0.41811990000000004 0.27852696875 0.3836383734375 0.2711805734375 0.37213077031249997 0.3354312421875
3 0.383819415625 0.1886837796875 0.4176725046875 0.2596266625 0.4347865203125 0.2519140984375 0.40093335625000004 0.1809694484375 0.383819415625 0.1886837796875
3 0.4448678703125 0.148038765625 0.48116501874999995 0.1498011625 0.4827812546875 0.0314004515625 0.4464841078125 0.0296380546875 0.4448678703125 0.148038765625
3 0.5159572125 0.1430379859375 0.5673968421875 0.14474219375 0.567191275 0.0301673515625 0.5157533359375 0.028461362499999997 0.5159572125 0.1430379859375
3 0.5693421421875 0.223911909375 0.5878847125 0.22775174531250003 0.6040878968750001 0.134094328125 0.5855453984375 0.1302562609375 0.5693421421875 0.223911909375
3 0.5993424 0.3706799375 0.609951175 0.40908722812500004 0.6921735640625 0.3890117203125 0.6815647171875 0.3506026640625 0.5993424 0.3706799375
3 0.6047452890625 0.462975046875 0.6854813640625 0.464784434375 0.6850376812500001 0.42926290937499995 0.604301534375 0.4274517578125 0.6047452890625 0.462975046875
3 0.6181167624999999 0.335203825 0.66741910625 0.3370142375 0.667673253125 0.1961067046875 0.6183708359375 0.194294525 0.6181167624999999 0.335203825
3 0.3809010046875 0.54277095 0.596345290625 0.5707708046875 0.63924605625 0.12044140156250001 0.4238017703125 0.09244154843749999 0.3809010046875 0.54277095
0 0.3199473859375 0 0.23272346875 0.8638521453125 0.675280040625 0.9238767937500001 0.76505039375 0.034805109375 0.5084353171875 0 0.3199473859375 0