3 0.48826791875 0.3746945390625 0.5510767921874999 0.40795904375 0.60668259375 0.3029641640625 0.5438737203125 0.26969965937499996 0.48826791875 0.3746945390625
3 0.570926621875 0.376523890625 0.5952235499999999 0.3888686 0.614655290625 0.3506211609375 0.5903566546875 0.33827645 0.570926621875 0.376523890625
3 0.6191228671875 0.37151023906249997 0.6256655296875 0.3783481234375 0.6583993171875 0.347027303125 0.6518583625 0.3401894203125 0.6191228671875 0.37151023906249997
3 0.6065511953125 0.40159385625 0.607663821875 0.4126314 0.6686058015625 0.4064846421875 0.6674931734375 0.3954488046875 0.6065511953125 0.40159385625
3 0.6268515359375 0.4562662109375 0.6296279859375 0.47357679218750004 0.805656996875 0.445341296875 0.8028805453125001 0.4280307171875 0.6268515359375 0.4562662109375
3 0.627339590625 0.49191296875 0.6610887375 0.5296808875 0.672254265625 0.519703071875 0.63850511875 0.48193515312499996 0.627339590625 0.49191296875
3 0.5980119453125 0.5652747437500001 0.7063788390625 0.637677475 0.7315597265625 0.5999880546874999 0.6231928328125 0.527585325 0.5980119453125 0.5652747437500001
3 0.5326672359375 0.5895426625 0.6225153578125 0.5980989765625 0.6234453921875 0.5883344703125 0.5335972703125 0.57977815625 0.5326672359375 0.5895426625
3 0.3559232078125 0.3757337890625 0.36320477812499996 0.40877303749999994 0.4251279859375 0.3951245734375 0.41784641562499997 0.362085325 0.3559232078125 0.3757337890625
3 0.2689863484375 0.3959965875 0.3376228671875 0.42592832812500003 0.3449675765625 0.40908361718749997 0.2763327640625 0.3791518765625 0.2689863484375 0.3959965875
3 0.1232406140625 0.445972696875 0.1251450515625 0.4809863484375 0.23936689375000003 0.474769625 0.23746245781250003 0.4397559734375 0.1232406140625 0.445972696875
3 0.12249488125 0.5129709890624999 0.124430034375 0.5626211609375 0.23497098906249997 0.5583157 0.2330375421875 0.508663821875 0.12249488125 0.5129709890624999
3 0.22109727031249998 0.5764266218749999 0.2249044375 0.5941979515625 0.3151723546875 0.5748549484375001 0.31136348125 0.5570836171875 0.22109727031249998 0.5764266218749999
3 0.43422355 0.660571671875 0.47133959062499997 0.6693157000000001 0.490245734375 0.5890546078125001 0.4531314 0.5803105796875 0.43422355 0.660571671875
3 0.507931740625 0.5828720140625 0.51013310625 0.6608361781250001 0.5444061437500001 0.6598686 0.5422064843750001 0.5819044375 0.507931740625 0.5828720140625
3 0.283064846875 0.60563651875 0.28509044375000003 0.6532184296875 0.4210341296875 0.647433446875 0.4190102390625 0.5998515359375001 0.283064846875 0.60563651875
3 0.183704778125 0.4215802046875 0.211930034375 0.6287167234375 0.646158703125 0.56954778125 0.617933446875 0.3624112625 0.183704778125 0.4215802046875
0 0.069617746875 0.32828668906249997 0.13001706562499998 0.75367918125 0.9872730375 0.6319607515625 0.9268737203124999 0.206568259375 0.069617746875 0.32828668906249997