3 0.48240627343750003 0.684079146875 0.544453146875 0.719512834375 0.600159409375 0.6179023234375001 0.5381125359375 0.582468634375 0.48240627343750003 0.684079146875
3 0.474780703125 0.63661975625 0.49878756874999997 0.6498093578125 0.518261696875 0.6127614828125 0.49425652500000006 0.5995719484375 0.474780703125 0.63661975625
3 0.431413103125 0.63841145625 0.43785525312500007 0.6454385046875 0.4704741140625 0.6157780796875 0.4640302703125 0.6087509625 0.431413103125 0.63841145625
3 0.42164205312499997 0.5791901890625 0.4226809578125 0.5901506984375 0.48310508125 0.586528715625 0.48206618749999997 0.57556651875 0.42164205312499997 0.5791901890625
3 0.28605913125 0.535233040625 0.288710578125 0.5524670265625 0.46330422968749996 0.5316335171875 0.46065278281250005 0.514399528125 0.28605913125 0.535233040625
3 0.4186794171875 0.4670575390625 0.4519044296875 0.505774403125 0.46302611093749996 0.4963552421875 0.4298010984375 0.45763837656249995 0.4186794171875 0.4670575390625
3 0.3603752265625 0.385256571875 0.467340871875 0.46123844687500004 0.49251042656250005 0.42497429374999995 0.385544778125 0.34899241718749996 0.3603752265625 0.385256571875
3 0.467440825 0.40114061406249996 0.5564239046874999 0.4132249234375 0.5574017875 0.40360422656250006 0.46841870781250006 0.391519915625 0.467440825 0.40114061406249996
3 0.6628438859375 0.600239490625 0.6698688749999999 0.6332124515625 0.7313085765625 0.6222083046875 0.7242835859375 0.5892353453125 0.6628438859375 0.600239490625
3 0.7423570046875 0.5896631671875 0.8101961359375001 0.6220351843749999 0.817572965625 0.605669978125 0.74973214375 0.5732978906249999 0.7423570046875 0.5896631671875
3 0.8473776390625 0.5289484515625 0.8490629296875 0.5636575984375 0.9622836109374999 0.562112071875 0.96059831875 0.527402925 0.8473776390625 0.5289484515625
3 0.8522152765625 0.44648927031249996 0.8538449265624999 0.49567841562500004 0.963408821875 0.49587337187499997 0.9617774703125 0.44668584375 0.8522152765625 0.44648927031249996
3 0.7728373937499999 0.42689774375 0.7765092359375 0.4446290765625 0.8660674500000001 0.42913471249999996 0.8623972984374999 0.4114034484375 0.7728373937499999 0.42689774375
3 0.5994353375 0.4057966890625 0.636162309375 0.41594132968749997 0.655361203125 0.3373162390625 0.6186325421875 0.3271715296875 0.5994353375 0.4057966890625
3 0.546174884375 0.3335709453125 0.5479051109374999 0.41077481718750003 0.58187425625 0.4111991578125 0.5801423421874999 0.33399521718749997 0.546174884375 0.3335709453125
3 0.6683551359375 0.3508429796875 0.6700863421875 0.3979883453125 0.8048308609375001 0.3977453875 0.8030979640625 0.3505999515625 0.6683551359375 0.3508429796875
3 0.44482541875 0.41880731562499995 0.4716002796875 0.6248259140625 0.9022277687500001 0.5838020578124999 0.875452909375 0.377783459375 0.44482541875 0.41880731562499995
0 1 0.571992296875 0.9573426140624999 0.2574830609375 0.107167815625 0.3433259609375 0.1645663859375 0.7665206828125 1 0.6821662109375 1 0.571992296875