3 0.21902477031249998 0.43516991562499996 0.23800289375 0.5062817 0.36003199218750004 0.46479395468750007 0.34105386718749997 0.3936821734375 0.21902477031249998 0.43516991562499996
3 0.27846279375 0.49481713281250006 0.28526348281249997 0.522244175 0.3295143984375 0.507994603125 0.3227132921875 0.480569346875 0.27846279375 0.49481713281250006
3 0.2653864546875 0.5595531312500001 0.2708466140625 0.5674974859375 0.311200425 0.5382063203125 0.305740684375 0.5302601765625 0.2653864546875 0.5595531312500001
3 0.318622259375 0.58475659375 0.3297458390625 0.5876844609375 0.351007865625 0.524821865625 0.339882525 0.5218937218749999 0.318622259375 0.58475659375
3 0.31913290625 0.7317941921875 0.336328746875 0.7374671 0.40856615781250005 0.5575640640625 0.3913703234375 0.5518911531249999 0.31913290625 0.7317941921875
3 0.41502465156249996 0.568198646875 0.44576509062499997 0.6095859546875 0.45880104531250004 0.599482009375 0.42806060312499994 0.5580947015625 0.41502465156249996 0.568198646875
3 0.4659116296875 0.55944680625 0.51415514375 0.6845359484375 0.559236859375 0.6641743359375 0.5109933453125 0.5390851953125 0.4659116296875 0.55944680625
3 0.5417345578125 0.4739189546875 0.528580896875 0.5694121187500001 0.5388915812499999 0.569997040625 0.5520452421875001 0.4745038765625 0.5417345578125 0.4739189546875
3 0.345267996875 0.317893571875 0.3776030796875 0.330797775 0.4068516984375 0.2681051296875 0.374516615625 0.25520092656250004 0.345267996875 0.317893571875
3 0.3975249109375 0.1723660640625 0.4116357203125 0.24904903437499998 0.43082750625 0.24404440312500003 0.416717115625 0.1673596453125 0.3975249109375 0.1723660640625
3 0.46961919375 0.141322246875 0.5053090734375 0.14890852968749999 0.53968288125 0.030239959374999997 0.5039929984375 0.022653678125 0.46961919375 0.141322246875
3 0.541858090625 0.1476901578125 0.5926566671875 0.1576443390625 0.6241560078124999 0.04252674375 0.5733596109375 0.032571051562499995 0.541858090625 0.1476901578125
3 0.5726883515625001 0.23747802812500002 0.5901072984375 0.24430610156250002 0.6321732265625 0.1528282515625 0.6147538609375001 0.1460019671875 0.5726883515625001 0.23747802812500002
3 0.5619772937499999 0.389706178125 0.5619233578125 0.42998425312500005 0.6494299812500001 0.42299425468749996 0.6494843343750001 0.38271439375 0.5619772937499999 0.389706178125
3 0.5418232171875 0.48327769218750005 0.621792615625 0.49803180625000004 0.6311796234375 0.46228113281249994 0.5512106453125 0.44752523125000004 0.5418232171875 0.48327769218750005
3 0.5905064656250001 0.35708050625 0.6391454109375 0.36679889375 0.6783895203125 0.2253051046875 0.6297509953125 0.2155849296875 0.5905064656250001 0.35708050625
3 0.2966359515625 0.527561146875 0.5036225171875001 0.5902071265625 0.6709934796875 0.14474811406250002 0.464006915625 0.0821021359375 0.2966359515625 0.527561146875
0 0.3756154203125 0 0.060099603125 0.8263279156250001 0.48458854218749997 0.9575323328125 0.82007991875 0.0788889296875 0.5648485937500001 0 0.3756154203125 0