3 0.39385 0.5061421875 0.3633921875 0.4486328125 0.26725625000000003 0.49954687499999995 0.2977140625 0.55705625 0.39385 0.5061421875
3 0.3763703125 0.5465640625 0.3650671875 0.5243171875 0.33004687499999996 0.5421078125000001 0.34135 0.56435625 0.3763703125 0.5465640625
3 0.3667375 0.5744374999999999 0.36047656250000004 0.568446875 0.3317984375 0.5984203124999999 0.338059375 0.604409375 0.3667375 0.5744374999999999
3 0.398128125 0.5579546875 0.388021875 0.5569359375 0.38239531250000003 0.6127359375 0.39249999999999996 0.6137546875 0.398128125 0.5579546875
3 0.45393125 0.578065625 0.43808125000000003 0.5755234375 0.41222812500000006 0.7367 0.42807812500000003 0.7392421875 0.45393125 0.578065625
3 0.5053015624999999 0.6068718750000001 0.4707203125 0.5759703125 0.461584375 0.58619375 0.496165625 0.6170953124999999 0.5053015624999999 0.6068718750000001
3 0.6041859374999999 0.648340625 0.5378921875 0.5491171875 0.5033828125 0.5721734374999999 0.5696765625 0.671396875 0.6041859374999999 0.648340625
3 0.567946875 0.571553125 0.5601125 0.48928593749999993 0.551171875 0.4901375 0.55900625 0.5724046875 0.567946875 0.571553125
3 0.3945953125 0.334121875 0.36434375 0.3274546875 0.351846875 0.384153125 0.3820984375 0.3908203125 0.3945953125 0.334121875
3 0.410303125 0.31069843750000004 0.382896875 0.247853125 0.3674734375 0.25457968750000004 0.3948796875 0.3174234375 0.410303125 0.31069843750000004
3 0.460715625 0.11614843749999999 0.42865624999999996 0.11440468749999999 0.4229640625 0.2189890625 0.45502343749999996 0.22073281250000001 0.460715625 0.11614843749999999
3 0.5354625000000001 0.11549374999999999 0.4900015625 0.113721875 0.4860578125 0.2149375 0.5315203125 0.2167078125 0.5354625000000001 0.11549374999999999
3 0.564375 0.207490625 0.548103125 0.20400468749999998 0.5303921875000001 0.2866546875 0.5466640625 0.2901421875 0.564375 0.207490625
3 0.6331546875 0.43313281249999996 0.6251484375 0.3991484375 0.5516593750000001 0.4164609375 0.5596656249999999 0.45044375 0.6331546875 0.43313281249999996
3 0.625390625 0.468653125 0.5540046875 0.46663750000000004 0.55311875 0.4980203125 0.6245046875 0.500034375 0.625390625 0.468653125
3 0.618415625 0.2625984375 0.5748484375 0.26074375 0.5695515624999999 0.38521875 0.61311875 0.387071875 0.618415625 0.2625984375
3 0.59598125 0.1956109375 0.406321875 0.1697671875 0.3521453125 0.5673578125 0.5418046875 0.5932015625 0.59598125 0.1956109375
0 0.7104 0.12060937499999999 0.3209 0.06530625 0.20945156250000002 0.85023125 0.5989515625 0.905534375 0.7104 0.12060937499999999