3 0.72748035625 0.5657500234375 0.6896844234375 0.49956669218750005 0.5812998765625 0.5589867046875 0.6190958109375 0.6251700359375 0.72748035625 0.5657500234375
3 0.65312998125 0.5170400734375 0.6390610734375 0.49143275 0.5995434109375 0.512206959375 0.6136122484375 0.5378124765625001 0.65312998125 0.5170400734375
3 0.6484677390625 0.45204560312500003 0.6409722203125 0.44517397656249996 0.609334359375 0.479965621875 0.6168299515625 0.4868390546875 0.6484677390625 0.45204560312500003
3 0.589494078125 0.4358596890625 0.57780286875 0.4347515234375 0.5739376203125001 0.49920393281250003 0.5856306296875 0.5003120859375 0.589494078125 0.4358596890625
3 0.5492981609375 0.29295795 0.53091524375 0.29012974062499997 0.5086928296875 0.47636296875 0.5270757515625 0.47919117812499995 0.5492981609375 0.29295795
3 0.499492696875 0.46703139218749995 0.45819470781250005 0.431591378125 0.4481476015625 0.4434545046875 0.4894455921875 0.47889451875000005 0.499492696875 0.46703139218749995
3 0.4519876765625 0.4834969296875 0.37094034374999996 0.3694002421875 0.332258578125 0.3962477640625 0.4133059140625 0.5103444546875 0.4519876765625 0.4834969296875
3 0.40077325156250004 0.57851883125 0.387883321875 0.48360354687499996 0.37762124375 0.48464662187499996 0.390511175 0.57956190625 0.40077325156250004 0.57851883125
3 0.6354266156249999 0.6995268 0.60025545625 0.692033478125 0.5885177015624999 0.7575691578125 0.6236888578124999 0.76506248125 0.6354266156249999 0.6995268
3 0.623504196875 0.8492092109374999 0.5889740453125001 0.776847471875 0.57151775 0.7847142859375 0.6060479765625 0.8570778296875 0.623504196875 0.8492092109374999
3 0.5597423171875 1 0.5612347718749999 0.890667125 0.52421168125 0.8888694812500001 0.5226946859375 1 0.5597423171875 1
3 0.4889091109375 1 0.48872364375000005 0.895767921875 0.43625522187500004 0.894029628125 0.43644534999999995 1 0.4889091109375 1
3 0.434271015625 0.8132765187500001 0.41535759375000003 0.8093598859375 0.3988303453125 0.9048904515625 0.41774369375 0.9088052796874999 0.434271015625 0.8132765187500001
3 0.40367075156250004 0.6635731296875 0.3928498015625 0.62439769375 0.308982965625 0.6448747109374999 0.3198039890625 0.68405195 0.40367075156250004 0.6635731296875
3 0.3981598046875 0.56943211875 0.3158090078125 0.56758654375 0.31626156562499996 0.6038184984375 0.398612434375 0.6056658734375 0.3981598046875 0.56943211875
3 0.3845209015625 0.6997587656250001 0.3342325109375 0.6979121453125 0.33397328125 0.8416378281249999 0.384261746875 0.8434862515624999 0.3845209015625 0.6997587656250001
3 0.626480975 0.4880402984375 0.406727803125 0.45948044687499995 0.3629690234375 0.9188164359375 0.5827221953125 0.9473762859375 0.626480975 0.4880402984375
0 0.6928607859375 1 0.7776220609375 0.16053747812500002 0.32621435781249997 0.0993123359375 0.2352711296875 1 0.6928607859375 1