3 0.53088909375 0.2684402125 0.46422179531249996 0.250648221875 0.42532703749999995 0.3650505 0.4919943328125 0.3828424921875 0.53088909375 0.2684402125
3 0.5458539140625 0.31274701562499996 0.5201410625 0.30637136875 0.5067837625 0.34785621093749997 0.532494940625 0.3542322484375 0.5458539140625 0.31274701562499996
3 0.58827889375 0.29923120000000003 0.5808310609375 0.2941123015625 0.553368915625 0.3319443921875 0.560818425 0.33706289843750004 0.58827889375 0.29923120000000003
3 0.6072041828125 0.35444922343749996 0.60445930625 0.34402086875000004 0.5455253640625 0.3639523671875 0.5482704984375 0.37438237343749997 0.6072041828125 0.35444922343749996
3 0.74762540625 0.3606207 0.7423070546874999 0.3444996 0.57364795625 0.41222217812500006 0.5789663093749999 0.4283432734375 0.74762540625 0.3606207
3 0.6277368328125 0.46321727187499995 0.58893623125 0.4343981109375 0.5794637828125 0.446619315625 0.618264384375 0.47543847968749997 0.6277368328125 0.46321727187499995
3 0.6980024515625 0.527332946875 0.58073138125 0.48210465312500006 0.5616423703125 0.5243687609375 0.6789134406249999 0.56959705625 0.6980024515625 0.527332946875
3 0.5900738609375 0.540857090625 0.5005490203125 0.5531886484374999 0.5010973843750001 0.5628549140625 0.590622225 0.5505233578125 0.5900738609375 0.540857090625
3 0.3663729140625 0.3993153875 0.3542752234375 0.369001246875 0.29550086875 0.3964218265625 0.307598559375 0.4267359671875 0.3663729140625 0.3993153875
3 0.28973347031249996 0.4312209875 0.217843184375 0.41799210468750003 0.2131496671875 0.43598479531249995 0.285041628125 0.4492132875 0.28973347031249996 0.4312209875
3 0.195851746875 0.51903975625 0.18873960625 0.48558049375 0.0774878234375 0.5178059359375 0.0845999625 0.5512652015625 0.195851746875 0.51903975625
3 0.2040415671875 0.600928125 0.1947095234375 0.553304459375 0.0867853609375 0.5828371359375 0.09611882187500001 0.6304587578125 0.2040415671875 0.600928125
3 0.2852869703125 0.5985380921875 0.2788856515625 0.5822078296875 0.19312684375 0.6216442453125001 0.1995264859375 0.6379749 0.2852869703125 0.5985380921875
3 0.4593602375 0.5721156484375001 0.4215995421875 0.5721662125 0.41504474374999994 0.6542040640625 0.4528071140625 0.6541531078125 0.4593602375 0.5721156484375001
3 0.5231548187499999 0.6282430765625 0.5093228359374999 0.553271765625 0.4758049046875 0.5620724796875 0.4896385625 0.637043396875 0.5231548187499999 0.6282430765625
3 0.40012396250000004 0.6445113234375001 0.391012975 0.5989123109375 0.258360871875 0.6357040578125 0.2674735359375 0.681302675 0.40012396250000004 0.6445113234375001
3 0.60956918125 0.517458609375 0.550838575 0.3234087046875 0.13322075312499998 0.4803189828125 0.19195135624999998 0.6743688875 0.60956918125 0.517458609375
0 0.9539365625 0.4996142578125 0.8309324203124999 0.10165587812500002 0.007204228125000001 0.41617904531249994 0.130208371875 0.8141374234375001 0.9539365625 0.4996142578125