3 0.2830625 0.4456770828125 0.31690451406250003 0.5095763890625 0.423722221875 0.45300520781250003 0.3898802078125 0.38910590312500004 0.2830625 0.4456770828125
3 0.3528298609375 0.49296701406250004 0.3653888890625 0.5176875 0.40430034687500005 0.497918403125 0.39174131874999996 0.473199653125 0.3528298609375 0.49296701406250004
3 0.35477604218750003 0.5555364578125 0.3617326390625 0.562190971875 0.393597221875 0.5288888890625 0.38664062499999996 0.5222326390625 0.35477604218750003 0.5555364578125
3 0.4109947921875 0.5714427078125001 0.42222222187499997 0.572574653125 0.42847569375 0.510574653125 0.417246528125 0.5094427078125 0.4109947921875 0.5714427078125001
3 0.4441423609375 0.70918055625 0.461753471875 0.7120052078125 0.49047916718750006 0.5329201390625 0.47286805625 0.5300954859375 0.4441423609375 0.70918055625
3 0.49898263906249996 0.5419513890625 0.53740625 0.5762864578125 0.5475572921875 0.5649270828125 0.50913368125 0.5305920140625 0.49898263906249996 0.5419513890625
3 0.545425346875 0.5263732640625001 0.61908506875 0.636621528125 0.6574288187499999 0.6110034718749999 0.583769096875 0.5007552078125 0.545425346875 0.5263732640625001
3 0.5985243062500001 0.435222221875 0.6072291671875 0.5266302078125 0.61716319375 0.5256840281249999 0.6084583328125001 0.4342760421875 0.5985243062500001 0.435222221875
3 0.3770520828125 0.31746180625 0.41066493125000003 0.3248697921875 0.424550346875 0.26187152812500003 0.3909375 0.2544635421875 0.3770520828125 0.31746180625
3 0.39441493125 0.17349131874999998 0.42486631875 0.2433177078125 0.442003471875 0.23584548593750002 0.4115520828125 0.1660173609375 0.39441493125 0.17349131874999998
3 0.45607118125 0.13394618125 0.4916927078125 0.13588368125 0.4980173609375 0.01967881875 0.4623958328125 0.017741318750000002 0.45607118125 0.13394618125
3 0.526175346875 0.12944444375 0.5766892359375 0.13141145781250002 0.5810694437499999 0.018951389062499997 0.5305572921875 0.0169826390625 0.526175346875 0.12944444375
3 0.5754357640625 0.2091302078125 0.593515625 0.21300520781249999 0.61319444375 0.1211701390625 0.5951145828125 0.117296875 0.5754357640625 0.2091302078125
3 0.599065971875 0.35335937500000003 0.60796180625 0.39111805624999996 0.68961631875 0.37188368125000004 0.6807204859375 0.3341232640625 0.599065971875 0.35335937500000003
3 0.6006875 0.44398090312500005 0.6800052078125 0.44621875 0.6809895828125 0.41135069375000005 0.601671875 0.4091111109375 0.6006875 0.44398090312500005
3 0.61894618125 0.31864583281250003 0.6673541671875001 0.3207048609375 0.6732395828125 0.1824010421875 0.624831596875 0.180340278125 0.61894618125 0.31864583281250003
3 0.37738368125 0.5210225687500001 0.58811631875 0.549737846875 0.6483125000000001 0.1079704859375 0.4375798609375 0.07925520781249999 0.37738368125 0.5210225687500001
0 0.337439803125 0 0.21883506874999997 0.8353263890625 0.651612846875 0.89677430625 0.77544444375 0.0246354171875 0.601937165625 0 0.337439803125 0