3 0.718643859375 0.40310165312499996 0.78342186875 0.41075519531250004 0.7886891546875 0.3682499546875 0.723912771875 0.360596778125 0.718643859375 0.40310165312499996
3 0.720290290625 0.3822720296875 0.725952325 0.374307234375 0.6924855796875 0.3506164703125 0.6868235453125 0.358581265625 0.720290290625 0.3822720296875
3 0.7868370671875 0.5384195140625 0.7899502921875 0.531508578125 0.766478146875 0.521045715625 0.7633652953125 0.527955025 0.7868370671875 0.5384195140625
3 0.7146014453125 0.583762584375 0.7419830359375 0.5821940703124999 0.7380021140624999 0.5048794937500001 0.7106221484375 0.5064483734375 0.7146014453125 0.583762584375
3 0.5174453140625 0.4706574265625 0.5731225328125 0.46428312343749994 0.5720240000000001 0.4541708703125 0.51634515625 0.46054480625 0.5174453140625 0.4706574265625
3 0.5579251468749999 0.387155334375 0.595009284375 0.38079508125 0.5826463578125 0.30628149531250004 0.5455622203125 0.31264175 0.5579251468749999 0.387155334375
3 0.5492262343750001 0.45153106562499995 0.6070837671875 0.40287414374999997 0.5911076828125 0.383846121875 0.533251775 0.4325034109375 0.5492262343750001 0.45153106562499995
3 0.5628205203125 0.5233510671875 0.609701771875 0.4875071734375 0.5968735578125 0.47068302656250005 0.5499923046874999 0.50652691875 0.5628205203125 0.5233510671875
3 0.7591066578125 0.4942118953125 0.7695926562500001 0.4765279875 0.7257552734375 0.45071254843749997 0.7152705265625 0.46839845 0.7591066578125 0.4942118953125
3 0.754153196875 0.529219103125 0.7681225328125 0.5060063390625 0.7037954109375 0.4675499453125 0.6898277015625001 0.490763075 0.754153196875 0.529219103125
3 0.541215190625 0.55043619375 0.5575066375 0.5416134953125 0.5542183890625 0.5354970265625 0.53792656875 0.544321353125 0.541215190625 0.55043619375
3 0.5919021296875 0.337730021875 0.6268437125 0.33497574375 0.6252202015625 0.312753265625 0.5902789921875 0.3155059171875 0.5919021296875 0.337730021875
3 0.5963760875 0.5901430328124999 0.7821187843749999 0.546197946875 0.72709976875 0.30821185156249997 0.541358321875 0.3521589328125 0.5963760875 0.5901430328124999
0 0.114500871875 0.814419284375 0.7671148578125 0.9589520515625001 0.9327496656250001 0.22952865625 0.28013567968749997 0.0849958859375 0.114500871875 0.814419284375