3 0.7401877140625001 0.7736774750000001 0.7332849828125 0.7072440265625 0.6897150171875001 0.711769625 0.696617746875 0.778204778125 0.7401877140625001 0.7736774750000001
3 0.73618600625 0.6735699656249999 0.726972696875 0.6697508531249999 0.7108566546875 0.708617746875 0.720069965625 0.712436859375 0.73618600625 0.6735699656249999
3 0.5828293515625 0.7866808875 0.5752406140625 0.785163821875 0.570071671875 0.8110068265624999 0.577662115625 0.8125238906250001 0.5828293515625 0.7866808875
3 0.5925614328125001 0.7545290109375 0.5848532421875 0.7275546078125 0.5086450515625 0.7493276453125 0.5163532421875 0.7763037546875 0.5925614328125001 0.7545290109375
3 0.605887371875 0.5771450515625001 0.5870375421875 0.523023890625 0.577199659375 0.5264505125000001 0.5960494875 0.580569965625 0.605887371875 0.5771450515625001
3 0.7557525593750001 0.553701365625 0.7410887374999999 0.5181416375000001 0.6695546078125 0.54763993125 0.6842184296875 0.583199659375 0.7557525593750001 0.553701365625
3 0.680300340625 0.5800068265625 0.6187952218749999 0.5334470984374999 0.6034044375 0.55377645 0.66490955625 0.600337884375 0.680300340625 0.5800068265625
3 0.5949965875000001 0.6057559734375 0.5487320812500001 0.5672030718750001 0.5348327640625 0.583883959375 0.5810972703124999 0.622436859375 0.5949965875000001 0.6057559734375
3 0.6438310578124999 0.7298310578125 0.623841296875 0.723435153125 0.607935153125 0.7731433453125 0.6279232078125 0.77954095625 0.6438310578124999 0.7298310578125
3 0.622112628125 0.7117832765625 0.5958293515624999 0.70318259375 0.57191296875 0.7762576796875 0.5981962453125 0.78486006875 0.622112628125 0.7117832765625
3 0.520790103125 0.57809215 0.5083344703125 0.5638583625 0.502974403125 0.5685494875 0.515428328125 0.5827832765625 0.520790103125 0.57809215
3 0.7588515359375 0.5976962453125 0.7482662109375 0.5634453921875 0.7264675765625 0.57018259375 0.7370546078125 0.604433446875 0.7588515359375 0.5976962453125
3 0.7862406140625 0.6983651875 0.7007372015625 0.5230426625 0.475754265625 0.6327627984374999 0.5612559734375 0.80808703125 0.7862406140625 0.6983651875
0 0.9108515359375 0.8855665531250001 0.9085494875 0.2007337890625 0.1439709890625 0.2033037546875 0.1462730375 0.88813651875 0.9108515359375 0.8855665531250001