3 0.7342728765625 0.2814542484375 0.6706617640625 0.288063725 0.6749950984375 0.32978267968749997 0.73860784375 0.323173203125 0.7342728765625 0.2814542484375
3 0.6384183 0.2852859484375 0.6347614375 0.29410784375 0.6719771234375 0.309539215625 0.6756339875 0.3007173203125 0.6384183 0.2852859484375
3 0.74672385625 0.43212745156250004 0.7452712421875 0.43939379062499995 0.770016340625 0.44434313750000004 0.7714689546875 0.4370751640625 0.74672385625 0.43212745156250004
3 0.7159379078125 0.4228088234375 0.6901094765625 0.4301895421875 0.710957515625 0.50316013125 0.73678758125 0.4957794125 0.7159379078125 0.4228088234375
3 0.54608986875 0.4100490203125 0.4942679734375 0.42809803906250005 0.49754902031250003 0.4375179734375 0.54936928125 0.4194689546875 0.54608986875 0.4100490203125
3 0.52364215625 0.26655065312500004 0.4895931375 0.28059150312500003 0.5178382359375 0.3490866015625 0.5518872546875 0.3350457515625 0.52364215625 0.26655065312500004
3 0.548830065625 0.33879738593750003 0.504248365625 0.3976895421875 0.5237140515625 0.4124264703125 0.5682973859375 0.3535343140625 0.548830065625 0.33879738593750003
3 0.57348529375 0.42047712343750004 0.5365702609375 0.46477614375 0.552542484375 0.4780849671875 0.589457515625 0.43378594843749996 0.57348529375 0.42047712343750004
3 0.692289215625 0.3737173203125 0.6861650328125 0.39285784375 0.7337614375 0.4080882359375 0.7398872546875 0.388949346875 0.692289215625 0.3737173203125
3 0.6750081703124999 0.394513071875 0.6667728765625001 0.4196797390625 0.7367434640625 0.44258006562499996 0.7449803921875 0.41741339843749997 0.6750081703124999 0.394513071875
3 0.5469967312499999 0.49153104531249997 0.533367646875 0.503457515625 0.5378594765625 0.50858986875 0.5514885625 0.49666503281249996 0.5469967312499999 0.49153104531249997
3 0.5657679734375 0.2635833328125 0.5329722218749999 0.27371895468749996 0.5394232031249999 0.29459150312500004 0.5722189546875 0.2844542484375 0.5657679734375 0.2635833328125
3 0.6621601312500001 0.23735784375 0.4942859484375 0.31922875781250004 0.599344771875 0.5346535953125 0.7672205875 0.4527843140625 0.6621601312500001 0.23735784375
0 0.841408496875 0.11804085 0.18566993437499998 0.1202450984375 0.18813071875 0.852341503125 0.8438692812499999 0.8501372546875 0.841408496875 0.11804085