3 0.36010288749999997 0.72641889375 0.3682391546875 0.7952841515625 0.41342745000000003 0.789684378125 0.40529079375 0.7208173921875 0.36010288749999997 0.72641889375
3 0.35796015 0.6869884859375001 0.34949259375 0.6930079250000001 0.3746787875 0.7285871890625 0.38314634375 0.7225677515625 0.35796015 0.6869884859375001
3 0.5380252750000001 0.768361775 0.53067983125 0.7716711203125 0.5418031390625 0.7966248953124999 0.5491503140625 0.7933151546875 0.5380252750000001 0.768361775
3 0.5151610609375 0.7122893265625 0.5134931500000001 0.741397596875 0.5956880484375 0.74562980625 0.597355571875 0.716519809375 0.5151610609375 0.7122893265625
3 0.46635992656249997 0.505749003125 0.45958365 0.5649424578125 0.47033421718749996 0.566110334375 0.47711088593750006 0.50691860625 0.46635992656249997 0.505749003125
3 0.309120796875 0.5368103343749999 0.3023590640625 0.57623533125 0.38157616562499996 0.589378640625 0.38833789687500003 0.54995364375 0.309120796875 0.5368103343749999
3 0.4365484765625 0.5237228171874999 0.384819796875 0.585230759375 0.4050489234375 0.6022153 0.45677721250000003 0.54070563125 0.4365484765625 0.5237228171874999
3 0.5152445640625001 0.5415200578125 0.47713810156249997 0.5913605937499999 0.4950242375 0.6049985609374999 0.533130703125 0.5551580281249999 0.5152445640625001 0.5415200578125
3 0.474709315625 0.717231125 0.45590702812500006 0.7283777 0.48335201406249995 0.7749822265625 0.5021521812499999 0.7638343203125 0.474709315625 0.717231125
3 0.4984856609375 0.6901822734375 0.47380725156250003 0.705031665625 0.5146911249999999 0.7734193046875 0.539369146875 0.7585681828124999 0.4984856609375 0.6901822734375
3 0.55542469375 0.5286926984375 0.5460433499999999 0.5460129046875 0.552545909375 0.5495087171875 0.561925521875 0.53218890625 0.55542469375 0.5286926984375
3 0.312165759375 0.584349759375 0.3092393515625 0.6214965593749999 0.33286457812500003 0.6232225515625001 0.3357927140625 0.586075353125 0.312165759375 0.584349759375
3 0.3511324203125 0.5323410734375 0.30441127031250004 0.7298070625 0.5574197437499999 0.788299040625 0.604138771875 0.5908317203125 0.3511324203125 0.5323410734375
0 0.0671052609375 0.25462929375 0.2207613625 0.9484381828125 0.9962280953124999 0.772348021875 0.8425719968750001 0.0785391328125 0.0671052609375 0.25462929375