3 0.1928504140625 0.636288709375 0.26408217500000003 0.6447045734375 0.26987616875 0.5979638171875 0.19864261875 0.5895475515624999 0.1928504140625 0.636288709375
3 0.2986412875 0.6556794828125 0.3048675796875 0.6469209453125 0.26806565937500004 0.6208692453125 0.2618393671875 0.6296277828125 0.2986412875 0.6556794828125
3 0.217274890625 0.4682658796875 0.22069795781249998 0.4606680140625 0.1948870734375 0.449160671875 0.191463596875 0.45676032656250004 0.217274890625 0.4682658796875
3 0.24858874062499997 0.48604316875000003 0.27869729374999996 0.484317940625 0.274321434375 0.39929887656249996 0.24421109375 0.401023703125 0.24858874062499997 0.48604316875000003
3 0.43110762812500003 0.541805228125 0.49233522343749997 0.5347960890625 0.491125428125 0.5236756828125 0.4298996203125 0.530685225 0.43110762812500003 0.541805228125
3 0.41942668593750004 0.7044327203125 0.46020649375 0.697438625 0.446611521875 0.6154992890625001 0.4058317140625 0.62249338125 0.41942668593750004 0.7044327203125
3 0.41012213593749997 0.6191382859375001 0.47374375312500006 0.5656319875 0.45617733749999995 0.54470810625 0.3925539328125 0.598214 0.41012213593749997 0.6191382859375001
3 0.4037816546875 0.52364753125 0.45533492343750004 0.48423156718750004 0.44122829374999994 0.4657307859375 0.389675028125 0.5051467515625 0.4037816546875 0.52364753125
3 0.26205605625 0.5456081937499999 0.273585675 0.5261597796874999 0.22538099531250003 0.4977738609375 0.21385 0.5172200828125 0.26205605625 0.5456081937499999
3 0.286204359375 0.52709284375 0.30156403906249996 0.5015663781249999 0.2308281 0.4592779625 0.21546663124999998 0.484804025 0.286204359375 0.52709284375
3 0.4506876828125 0.452374403125 0.4686030859375 0.44267067656250003 0.46498673124999995 0.435946453125 0.44707173906250003 0.445648390625 0.4506876828125 0.452374403125
3 0.3726100875 0.697315996875 0.41103341093749995 0.694289025 0.40924851718750005 0.6698501484375 0.37082478281250003 0.6728789078124999 0.3726100875 0.697315996875
3 0.2605775734375 0.7023099921875 0.4648293375 0.6539833046875 0.4043287015625 0.39228257499999997 0.2000755640625 0.44060706875 0.2605775734375 0.7023099921875
0 0.21355901562500001 0 0.034433357812499996 0.7888344671875 0.7520844765625 0.947770846875 0.9342258453125 0.14565577031250002 0.276541125 0 0.21355901562500001 0