0 0.8465768984375 0.26468265468749996 0.5507973765624999 0.2695302484375 0.54860706875 0.268545278125 0.38043919531250003 0.7335071921874999 0.695526409375 0.748259046875 0.8465768984375 0.26468265468749996
0 0.0820194796875 0.6870448859375 0.36161993125 0.7323063453125 0.5463257453125 0.2682876390625 0.2796989390625 0.27364942187499997 0.0820194796875 0.6870448859375
2 0.3731013015625 0.7377569203125 0.699050709375 0.7512618609375 0.7313889609374999 0.6180452734374999 0.43693325937500005 0.58588439375 0.3731013015625 0.7377569203125
2 0.089576590625 0.687668259375 0.3523532796875 0.7342711734375 0.404764653125 0.61045765625 0.148690496875 0.5713298234375 0.089576590625 0.687668259375
2 0.4356275390625 0.5205190390625 0.7027316890625 0.633487571875 0.85666214375 0.277581225 0.55005486875 0.2668072375 0.4356275390625 0.5205190390625
2 0.4952606859375 0.62586494375 0.529825209375 0.618536153125 0.52528654375 0.5959468 0.490722021875 0.6032755890625 0.4952606859375 0.62586494375
2 0.5004047359375 0.6660967453125 0.5075658 0.689369540625 0.5231766625 0.6844019046875001 0.5160155984375 0.661129109375 0.5004047359375 0.6660967453125
2 0.5499519890625 0.6377320281250001 0.5848621671875 0.6420399921875 0.5917043234375 0.591310096875 0.55679415 0.587002134375 0.5499519890625 0.6377320281250001
2 0.2088245171875 0.4455223421875 0.449216653125 0.487975265625 0.5434977796875 0.2655669984375 0.285668684375 0.2731799734375 0.2088245171875 0.4455223421875
2 0.20220913125 0.453725471875 0.2388282296875 0.457861009375 0.24301072499999998 0.42424970625 0.2063916265625 0.42011416874999996 0.20220913125 0.453725471875
2 0.18379703125 0.5488608046875 0.22155935312500002 0.55312545 0.2261215515625 0.51645823125 0.18835922968750002 0.5121935859375 0.18379703125 0.5488608046875
2 0.23936452031250002 0.578529496875 0.3380758265625 0.6245345234374999 0.3629143171875 0.57226453125 0.2642010859375 0.5262582453125 0.23936452031250002 0.578529496875
2 0.269499421875 0.6092758765624999 0.2935757765625 0.6089872078125 0.29357021250000004 0.5930168140625 0.26949257968749996 0.5933074203125 0.269499421875 0.6092758765624999
2 0.1920353359375 0.6146587593749999 0.2073110515625 0.6363259375 0.2344618484375 0.617026496875 0.21918645468750003 0.5953609140625 0.1920353359375 0.6146587593749999
2 0.402017209375 0.545231396875 0.42823774062500003 0.5396718 0.424176796875 0.5194601046875 0.3979562640625 0.5250197015625 0.402017209375 0.545231396875