0 0.73451246875 0.41467541093750004 0.2030504453125 0.6235060125 0.2041090890625 0.6259473546875001 0.190809075 0.96108108125 0.74291849375 0.7708977859374999 0.73451246875 0.41467541093750004
0 0.21593213437499997 0.318791403125 0.20281861874999998 0.620932821875 0.7336479578125 0.3934119125 0.689723496875 0.078582034375 0.21593213437499997 0.318791403125
2 0.56569440625 0.48449034375 0.5943776296875 0.8166607046875001 0.7462291140625 0.7747699078125 0.739523084375 0.4061978078125 0.56569440625 0.48449034375
2 0.5568035984375 0.1586589296875 0.5943965671875 0.447090221875 0.7361195875 0.38284058125 0.6902306515625 0.087115075 0.5568035984375 0.1586589296875
2 0.20104220625 0.6252142734375 0.2051631828125 0.9719913140625 0.612637378125 0.7835981046875 0.491638653125 0.48559797343750005 0.20104220625 0.6252142734375
2 0.5839875109375 0.5447128578125 0.57476835625 0.5841438328125 0.6002531265625 0.58838966875 0.6094722796875 0.5489586953125001 0.5839875109375 0.5447128578125
2 0.6488957390625 0.5710663859375 0.6750859703125001 0.57825479375 0.6811286359375 0.560380440625 0.65493840625 0.5531920296874999 0.6488957390625 0.5710663859375
2 0.5637983140625 0.620177075 0.5677600453125 0.6595390531249999 0.6254418375 0.6497837921875 0.62148010625 0.610421815625 0.5637983140625 0.620177075
2 0.2152424890625 0.3255701421875 0.19980946093750002 0.6178380703124999 0.454392390625 0.5022739640625 0.41261666874999997 0.23173262343749998 0.2152424890625 0.3255701421875
2 0.383881259375 0.22998290156249998 0.3876024546875 0.2712868890625 0.42581050625000005 0.2652207546875 0.4220893125 0.22391676562499999 0.383881259375 0.22998290156249998
2 0.48872713437500004 0.2059197421875 0.492564503125 0.24851321406250002 0.5342463921875 0.24189619218749997 0.5304090218749999 0.19930272031250001 0.48872713437500004 0.2059197421875
2 0.5026677203125 0.29124688593750003 0.5522098875 0.401209871875 0.6121122515625 0.371014559375 0.5625714609375 0.261053703125 0.5026677203125 0.29124688593750003
2 0.5785268593749999 0.29458613749999996 0.5775620796875 0.3218632453125 0.595664025 0.3212376625 0.5966265765625 0.29396208125 0.5785268593749999 0.29458613749999996
2 0.5821819875 0.2375380265625 0.6063363500000001 0.2539787296875 0.6289283343750001 0.2224694578125 0.6047721687500001 0.20602845625000002 0.5821819875 0.2375380265625
2 0.497734171875 0.44276079687500003 0.4907405546875 0.472673003125 0.5135429046875 0.4764719421875 0.5205365234375 0.44655973437499996 0.497734171875 0.44276079687500003