2 0.6077765625 0.55444375 0.29719531250000003 0.65664375 0.344325 0.7998703125 0.65490625 0.6976703125 0.6077765625 0.55444375
2 0.8766187499999999 0.48236718749999996 0.597475 0.5705171874999999 0.6382203125 0.6995453125 0.9173640625000001 0.6113953125 0.8766187499999999 0.48236718749999996
2 0.34465625 0.20316562500000002 0.1159921875 0.3622359375 0.326909375 0.665428125 0.5555718749999999 0.5063578125 0.34465625 0.20316562500000002
2 0.5195828125 0.5949312499999999 0.48586718749999996 0.5949312499999999 0.48586718749999996 0.6170203125 0.5195828125 0.6170203125 0.5195828125 0.5949312499999999
2 0.50679375 0.654221875 0.50446875 0.6774734375 0.5200078125 0.679028125 0.5223328125 0.6557765625 0.50679375 0.654221875
2 0.4547078125 0.5928078125 0.42285625 0.603790625 0.43879375 0.650009375 0.4706453125 0.6390265625 0.4547078125 0.5928078125
2 0.7092671875 0.24447812500000002 0.41208437499999995 0.2826296875 0.441496875 0.5117375 0.7386796875 0.47358593750000005 0.7092671875 0.24447812500000002
2 0.7511671875 0.3666015625 0.7176843749999999 0.3777625 0.727915625 0.4084546875 0.7613984375 0.39729375 0.7511671875 0.3666015625
2 0.785346875 0.4493765625 0.75081875 0.46088593749999995 0.7619796875 0.49436875 0.7965078125 0.482859375 0.785346875 0.4493765625
2 0.717034375 0.47765 0.633328125 0.5404296875 0.6663921875 0.5845140625 0.750096875 0.5217359375 0.717034375 0.47765
2 0.7246875 0.5415875 0.70210625 0.5461031249999999 0.705103125 0.5610828125 0.7276828125 0.556565625 0.7246875 0.5415875
2 0.7721390625 0.5335093750000001 0.7619203125 0.5568671875 0.79095 0.56956875 0.8011687500000001 0.546209375 0.7721390625 0.5335093750000001
2 0.5916625 0.5030875 0.5660859375 0.5030875 0.5660859375 0.5228515625 0.5916625 0.5228515625 0.5916625 0.5030875
0 0.40066406250000003 0.209346875 0.12547031250000001 0.353115625 0.381571875 0.84333125 0.656765625 0.6995625000000001 0.40066406250000003 0.209346875
0 0.640878125 0.14872968749999999 0.41262499999999996 0.2868484375 0.6854421875 0.7377 0.9136953125 0.5995812500000001 0.640878125 0.14872968749999999