2 0.357962890625 0.814783371875 0.7187373125 0.8562271562499999 0.738814175 0.68971444375 0.37803975156249997 0.6482706609375 0.357962890625 0.814783371875
2 0.05310869687500001 0.7798585640625 0.37655574375 0.81307384375 0.392776390625 0.6634528765625001 0.06932934375000001 0.6302375984374999 0.05310869687500001 0.7798585640625
2 0.424426796875 0.584188865625 0.7083521734375 0.7059564265625 0.8719765953125 0.3284860875 0.5880495140625001 0.20671887500000002 0.424426796875 0.584188865625
2 0.48781541875 0.6965682531249999 0.5245566859374999 0.6889896109375 0.5197321921875 0.6649430875 0.482990925 0.672521728125 0.48781541875 0.6965682531249999
2 0.493283421875 0.73937710625 0.5008954640625001 0.76416653125 0.517489440625 0.7589811828124999 0.5098773999999999 0.73419175625 0.493283421875 0.73937710625
2 0.545950978125 0.7095243921875001 0.5830596671875 0.71432083125 0.59033271875 0.660423871875 0.5532240296875 0.6556274328125 0.545950978125 0.7095243921875001
2 0.21772914375000002 0.5896720609375 0.549913875 0.564403359375 0.5319262046875 0.30838136875 0.19974147343749998 0.333650071875 0.21772914375000002 0.5896720609375
2 0.1763085640625 0.51172585625 0.215233796875 0.51634953125 0.21967969062499998 0.48063770625 0.1807544578125 0.4760140328125 0.1763085640625 0.51172585625
2 0.1567369390625 0.6127659624999999 0.1968773921875 0.617533984375 0.2017269015625 0.5785752640624999 0.1615864484375 0.5738072390625 0.1567369390625 0.6127659624999999
2 0.2158038625 0.6446553296875 0.3207316421875 0.6941814046875 0.347134365625 0.63875823125 0.24220454375 0.5892308078124999 0.2158038625 0.6446553296875
2 0.24783654843749997 0.6775332515625 0.27342914218750003 0.6773752453124999 0.2734232296875 0.660394465625 0.24782927500000002 0.660554521875 0.24783654843749997 0.6775332515625
2 0.16549406093750002 0.6827775265625 0.18173178437499998 0.70590995 0.21059243906249997 0.6855574859375 0.19435505625 0.6624267640625 0.16549406093750002 0.6827775265625
2 0.38869981249999996 0.6102567359375 0.416571615625 0.604507603125 0.41225492812500003 0.5829921125 0.384383125 0.588741246875 0.38869981249999996 0.6102567359375
0 0.3563499265625 0.8172611921874999 0.6876402453125 0.9119118625 0.8596559265625 0.320688065625 0.528365609375 0.22603739687500002 0.3563499265625 0.8172611921874999
0 0.0545263609375 0.766172909375 0.3334295765625 0.8652242703124999 0.5322584859374999 0.31309549375 0.2533552703125 0.2140441359375 0.0545263609375 0.766172909375