0 0.7214782859375 0.7208597453125 0.895614865625 0.215334559375 0.588758046875 0.227512384375 0.5865226921875 0.2265430640625 0.39531217343749997 0.7131629796875 0.7214782859375 0.7208597453125
0 0.5841666156249999 0.22633079843749998 0.307518378125 0.23833786093749998 0.087576675 0.6721530765625 0.3758427828125 0.7123714109375 0.5841666156249999 0.22633079843749998
2 0.7633799578125 0.5848520171875 0.4592364703125 0.558588940625 0.3875498671875 0.7177508234375 0.725023696875 0.7238910328125 0.7633799578125 0.5848520171875
2 0.42499198437499996 0.58486935625 0.16089708281249998 0.5504482953125 0.095389740625 0.6726174406250001 0.3661634078125 0.714634496875 0.42499198437499996 0.58486935625
2 0.905604546875 0.2284775390625 0.58808681875 0.2247042703125 0.46025064374999997 0.49078164218750003 0.7331070140625 0.6015710999999999 0.905604546875 0.2284775390625
2 0.550481696875 0.5668972765625 0.5143777109375 0.5753385640625 0.5182653046875 0.59867305625 0.5543692906250001 0.59023176875 0.550481696875 0.5668972765625
2 0.5450895453125 0.6587505921875 0.538507659375 0.6347701609375 0.5221414515625 0.640302978125 0.528723340625 0.6642834078125001 0.5450895453125 0.6587505921875
2 0.6195154453125 0.5604802921875 0.583474634375 0.55685283125 0.574542475 0.609667721875 0.610583284375 0.6132951828125 0.6195154453125 0.5604802921875
2 0.5813329828125 0.2235755375 0.31372516093749997 0.2377064046875 0.2278051828125 0.4184271375 0.47551959843749997 0.45667803281249997 0.5813329828125 0.2235755375
2 0.2640220578125 0.395523496875 0.22620309375 0.392116278125 0.22064878906250002 0.42710052656249997 0.25846775312500003 0.43050774531249997 0.2640220578125 0.395523496875
2 0.24316991093749998 0.4916293734375 0.2041702640625 0.48811578281249995 0.198111553125 0.5262807609375 0.2371112015625 0.529794353125 0.24316991093749998 0.4916293734375
2 0.3829827890625 0.546242178125 0.2822979296875 0.50088013125 0.254652296875 0.55572949375 0.35533520625000004 0.6010902796875001 0.3829827890625 0.546242178125
2 0.310331034375 0.5694552796875 0.2853554328125 0.57033865625 0.28478403124999996 0.586911209375 0.309758234375 0.5860298734375 0.310331034375 0.5694552796875
2 0.248174275 0.5958017203125 0.23312075625 0.5736853828124999 0.2042698046875 0.5943695171875001 0.21932359687499997 0.61648750625 0.248174275 0.5958017203125
2 0.44841621875 0.4899593203125 0.42102785468750004 0.49636285156250004 0.42450625625000005 0.5172412546875 0.451894621875 0.510837721875 0.44841621875 0.4899593203125