2 0.22314555937499997 0.30001141875 0.26044496562499997 0.6247083984375 0.41030640468749996 0.6066392234375 0.373007 0.2819422421875 0.22314555937499997 0.30001141875
2 0.261983540625 0.60797483125 0.2918772921875 0.8990771734375 0.42653616093749996 0.8844785906249999 0.3966424109375 0.5933762484375 0.261983540625 0.60797483125
2 0.35838921562500003 0.30935804375 0.46798002031249997 0.5648908828125 0.8077030125 0.4176304375 0.698112521875 0.1620960640625 0.35838921562500003 0.30935804375
2 0.37365935 0.4747739828125 0.366838571875 0.5078411234375 0.38848044531250003 0.5121831671875 0.395301221875 0.47911602656249996 0.37365935 0.4747739828125
2 0.30600012187500003 0.4960690828125 0.3283106046875 0.5029199203125 0.33297741875 0.487985340625 0.3106669359375 0.481134503125 0.30600012187500003 0.4960690828125
2 0.3508612515625 0.4221213 0.355178046875 0.4555191203125 0.40368531093750004 0.4489733734375 0.39936851562500003 0.41557555312499994 0.3508612515625 0.4221213
2 0.4857869765625 0.4519525125 0.46304514531249996 0.7509187703125 0.6934649359375 0.7671076734375 0.71620676875 0.468141415625 0.4857869765625 0.4519525125
2 0.529035421875 0.7531645828125 0.5331967296875 0.7881972921875 0.5653373703125 0.7841959875 0.5611760640625 0.7491632781249999 0.529035421875 0.7531645828125
2 0.4379694140625 0.769685346875 0.442260634375 0.8058117546875 0.477323484375 0.801447196875 0.4730322625 0.7653207890625 0.4379694140625 0.769685346875
2 0.3689867359375 0.658216521875 0.413560203125 0.7526515234375 0.4634422734375 0.7288909109375 0.4188675921875 0.6344540703125 0.3689867359375 0.658216521875
2 0.3841122796875 0.700788771875 0.3839700734375 0.72382210625 0.3992509296875 0.723828653125 0.39939498125 0.70079409375 0.3841122796875 0.700788771875
2 0.35843104531250003 0.7833163937500001 0.3792502265625 0.7979303453125 0.3975659125 0.77195545 0.3767482625 0.7573418046875 0.35843104531250003 0.7833163937500001
2 0.4496931578125 0.5719605453125001 0.4445189375 0.59704516875 0.463882878125 0.6009301875 0.46905709843750004 0.5758455640625 0.4496931578125 0.5719605453125001
0 0.1730293234375 0.3279987796875 0.2582149265625 0.6261600656249999 0.7903163421875 0.4713459515625 0.705130740625 0.17318466562499998 0.1730293234375 0.3279987796875
0 0.21504815625 0.64678838125 0.30419438125 0.897801275 0.8011102781250001 0.71885525625 0.71196405625 0.4678423625 0.21504815625 0.64678838125