0 0.746707428125 0.69586686875 0.732047771875 0.38274895 0.2699918703125 0.549865775 0.270970684375 0.5520423921875001 0.2661533875 0.8459732921875001 0.746707428125 0.69586686875
0 0.7308544312499999 0.36404730625 0.6858758546875 0.0861943578125 0.2750641125 0.28263832031249997 0.269735840625 0.547598709375 0.7308544312499999 0.36404730625
2 0.749691475 0.6993691421875 0.7362709390625 0.37545691875 0.585347615625 0.4388899265625 0.617307490625 0.7315052796875 0.749691475 0.6993691421875
2 0.732806978125 0.354838571875 0.6864953328125 0.0937042375 0.5708840125 0.15244868125 0.6097672953125 0.4069223734375 0.732806978125 0.354838571875
2 0.632653275 0.7030271156250001 0.5203907953125 0.43759236718750005 0.2682646921875 0.5513045265625001 0.2789713421875 0.8559955046875001 0.632653275 0.7030271156250001
2 0.6177953015625001 0.5312013015625 0.6250782874999999 0.49685280625 0.6026301171874999 0.49234250937499996 0.5953471328125 0.5266910031250001 0.6177953015625001 0.5312013015625
2 0.68818598125 0.5090810140625 0.6650586406250001 0.50196470625 0.660122053125 0.5174780015625 0.6832493921875 0.5245943078125 0.68818598125 0.5090810140625
2 0.6411522421875 0.585894278125 0.636871203125 0.5512022890625 0.5864583703124999 0.5580016859375 0.590739409375 0.592693671875 0.6411522421875 0.585894278125
2 0.48805042031249996 0.4510965484375 0.445862828125 0.21220686406249997 0.2745975984375 0.2885707546875 0.2670322046875 0.54478841875 0.48805042031249996 0.4510965484375
2 0.45812437812500006 0.242023053125 0.45401468749999996 0.2056328234375 0.4206134546875 0.209789178125 0.4247231453125 0.2461794078125 0.45812437812500006 0.242023053125
2 0.552793415625 0.2248621078125 0.548555425 0.1873358 0.5121173765625 0.191869484375 0.5163553671875001 0.2293957921875 0.552793415625 0.2248621078125
2 0.6237561828125 0.34065035312499997 0.5780386875 0.2425559921875 0.52609413125 0.2672373296875 0.571812878125 0.36533360312499996 0.6237561828125 0.34065035312499997
2 0.6083060375 0.296428428125 0.6085929015625 0.27250255 0.5927242484375 0.2724957515625 0.5924354593750001 0.2964228984375 0.6083060375 0.296428428125
2 0.6354739 0.2107028578125 0.6139421421875 0.195522615625 0.5947649078125 0.2225040390625 0.61629508125 0.2376839625 0.6354739 0.2107028578125
2 0.5394238515625001 0.43024875468749996 0.5449487000000001 0.4041921015625 0.524863328125 0.4001565375 0.5193384796875 0.4262131921875 0.5394238515625001 0.43024875468749996