2 0.7028046875 0.65664375 0.3922234375 0.55444375 0.34509375000000003 0.6976703125 0.655675 0.7998703125 0.7028046875 0.65664375
2 0.40252499999999997 0.5705171874999999 0.12338125 0.48236718749999996 0.0826359375 0.6113953125 0.3617796875 0.6995453125 0.40252499999999997 0.5705171874999999
2 0.8840078124999999 0.3622359375 0.65534375 0.20316562500000002 0.44442812500000006 0.5063578125 0.673090625 0.665428125 0.8840078124999999 0.3622359375
2 0.5141328125 0.5949312499999999 0.48041718749999995 0.5949312499999999 0.48041718749999995 0.6170203125 0.5141328125 0.6170203125 0.5141328125 0.5949312499999999
2 0.49553125 0.6774734375 0.49320624999999996 0.654221875 0.4776671875 0.6557765625 0.4799921875 0.679028125 0.49553125 0.6774734375
2 0.5771437500000001 0.603790625 0.5452921875000001 0.5928078125 0.5293546874999999 0.6390265625 0.56120625 0.650009375 0.5771437500000001 0.603790625
2 0.587915625 0.2826296875 0.2907328125 0.24447812500000002 0.2613203125 0.47358593750000005 0.558503125 0.5117375 0.587915625 0.2826296875
2 0.28231562499999996 0.3777625 0.24883281249999997 0.3666015625 0.23860156250000003 0.39729375 0.272084375 0.4084546875 0.28231562499999996 0.3777625
2 0.24918125 0.46088593749999995 0.21465312499999997 0.4493765625 0.20349218750000003 0.482859375 0.2380203125 0.49436875 0.24918125 0.46088593749999995
2 0.366671875 0.5404296875 0.282965625 0.47765 0.24990312499999998 0.5217359375 0.3336078125 0.5845140625 0.366671875 0.5404296875
2 0.29789374999999996 0.5461031249999999 0.27531249999999996 0.5415875 0.2723171875 0.556565625 0.294896875 0.5610828125 0.29789374999999996 0.5461031249999999
2 0.23807968750000003 0.5568671875 0.22786093749999997 0.5335093750000001 0.19883125 0.546209375 0.20905 0.56956875 0.23807968750000003 0.5568671875
2 0.4339140625 0.5030875 0.4083375 0.5030875 0.4083375 0.5228515625 0.4339140625 0.5228515625 0.4339140625 0.5030875
0 0.8745296874999999 0.353115625 0.5993359375 0.209346875 0.343234375 0.6995625000000001 0.618428125 0.84333125 0.8745296874999999 0.353115625
0 0.587375 0.2868484375 0.359121875 0.14872968749999999 0.0863046875 0.5995812500000001 0.31455781250000003 0.7377 0.587375 0.2868484375