2 0.35381023906250003 0.69303415 0.5003620062499999 0.37358575781250003 0.35008281874999997 0.299984328125 0.203531053125 0.619432721875 0.35381023906250003 0.69303415
2 0.48171617187500004 0.38217374375 0.60940686875 0.09447390624999999 0.4738296703125 0.030019140625000003 0.3461389734375 0.317718978125 0.48171617187500004 0.38217374375
2 0.6530823828125001 0.9354507999999999 0.8520850421875 0.713527165625 0.546659853125 0.43761160468750004 0.3476573703125 0.6595335515625 0.6530823828125001 0.9354507999999999
2 0.44243325 0.49891678749999996 0.4462845984375 0.46248242968750003 0.4222775578125 0.458985953125 0.4184262109375 0.49542030937500003 0.44243325 0.49891678749999996
2 0.35484884375000003 0.4657496421875 0.38038490937499997 0.4669176515625 0.3804702625 0.4498794734375 0.354934196875 0.44871146250000005 0.35484884375000003 0.4657496421875
2 0.4256068609375 0.565606396875 0.4411817171875 0.5329248843750001 0.392770371875 0.5083862625 0.37719551406249996 0.5410677749999999 0.4256068609375 0.565606396875
2 0.7734235093749999 0.6280834609375 0.8488350484374999 0.3129756875 0.6031937593750001 0.24492596406249997 0.527782221875 0.5600337375 0.7734235093749999 0.6280834609375
2 0.704939178125 0.282782175 0.7208939671875 0.24836606875 0.6887055171875 0.23245153125 0.672750728125 0.2668676359375 0.704939178125 0.282782175
2 0.618383140625 0.23381832500000002 0.6348360265624999 0.19832777031249998 0.5997208421875 0.1809668515625 0.58326795625 0.2164574046875 0.618383140625 0.23381832500000002
2 0.5185116640625 0.3481920765625 0.5963042656249999 0.26767339218749997 0.552167115625 0.2249664625 0.4743763921875 0.30548370468749997 0.5185116640625 0.3481920765625
2 0.52020215625 0.27296983125 0.527689334375 0.24928247187500002 0.5117528234375001 0.2436747375 0.5042641265625 0.2673601609375 0.52020215625 0.27296983125
2 0.5153360390625 0.20662868906249998 0.5418892859375 0.19928323750000002 0.5314026265625 0.1659023953125 0.50484768125 0.17324759843749998 0.5153360390625 0.20662868906249998
2 0.5514151484375 0.426767378125 0.55433676875 0.39912839375 0.53285660625 0.395999940625 0.5299349875 0.42363892343750004 0.5514151484375 0.426767378125
0 0.6640772968750001 0.9266520390625 0.8517648718749999 0.6520246125 0.34823873125000004 0.29767550468750004 0.16055115625 0.57230293125 0.6640772968750001 0.9266520390625
0 0.7689002046875 0.6268314546875 0.94508515 0.402035471875 0.48625045624999996 0.035853775 0.3100655125 0.260649759375 0.7689002046875 0.6268314546875