2 0.728774559375 0.3317859546875 0.39471087968749996 0.17852920625 0.31774206562499996 0.33568390937500003 0.65180574375 0.48894065937500003 0.728774559375 0.3317859546875
2 1 0.45627183125000004 0.7102285203125 0.327661671875 0.6428248437499999 0.46944174843750003 0.9436874187500001 0.602974503125 1 0.484523959375 1 0.45627183125000004
2 0.584850609375 0.537356709375 0.3527753703125 0.3292495375 0.0642344578125 0.6486482437500001 0.2963114609375 0.8567556 0.584850609375 0.537356709375
2 0.56249835 0.40728372031250004 0.5243970625000001 0.40325616875000003 0.5207406140625 0.42836156875000003 0.558841903125 0.432389121875 0.56249835 0.40728372031250004
2 0.572021465625 0.36356367343749996 0.5732429156250001 0.336859290625 0.5554252109375 0.3367700328125 0.5542037625 0.363474415625 0.572021465625 0.36356367343749996
2 0.5108378953125 0.3764265328125 0.47666115 0.3601391 0.450999846875 0.4107653453125 0.4851765921875 0.4270527765625 0.5108378953125 0.3764265328125
2 0.7863519328125 0.5964771343749999 0.45682746406249997 0.5176153953125 0.3856643546875 0.7744951734375001 0.7151888234375 0.8533569140624999 0.7863519328125 0.5964771343749999
2 0.7993970921875 0.68590119375 0.76340639375 0.6692164484374999 0.7467637390624999 0.702877571875 0.7827544375000001 0.71956231875 0.7993970921875 0.68590119375
2 0.8532372796875001 0.592845325 0.8161229750000001 0.5756396921875 0.7979677640625 0.6123614546875 0.8350820703125 0.6295670859375 0.8532372796875001 0.592845325
2 0.8072246140624999 0.5431159375 0.7230235765625 0.4617661625 0.6783612265625 0.50792069375 0.7625637734375 0.589272434375 0.8072246140624999 0.5431159375
2 0.7876604046875 0.5008526265625 0.762891334375 0.493021309375 0.7570250125 0.5096885296875 0.7817961078125 0.5175182578124999 0.7876604046875 0.5008526265625
2 0.868990959375 0.5214014390624999 0.8613097015625 0.49363156249999995 0.8264013703125 0.5045997796874999 0.8340828890624999 0.53236788125 0.868990959375 0.5214014390624999
2 0.628366075 0.5229219406250001 0.5994625640625 0.519866653125 0.5961909765625 0.5423295671874999 0.625094490625 0.54538485625 0.628366075 0.5229219406250001
0 0.7311890140624999 0.329857496875 0.443996934375 0.13358290781249998 0.0734357765625 0.6601461921875 0.36062785625 0.85642078125 0.7311890140624999 0.329857496875
0 1 0.47027292656249997 0.7699087484375 0.28993779062499997 0.38697364218749997 0.7697649203125 0.6220544078125 0.9540106140625 1 0.4804354703125 1 0.47027292656249997