2 0.39188432500000003 0.825067325 0.7349161578125 0.6676963015624999 0.655881065625 0.506322678125 0.312849234375 0.663693703125 0.39188432500000003 0.825067325
2 1 0.48262375625000004 0.955598490625 0.3892275234375 0.6466590671875 0.52634505 0.7158722375 0.6719313031249999 1 0.5458260125 1 0.48262375625000004
2 0.34882303124999997 0.6703008109375 0.587128478125 0.45660686874999995 0.2908433125 0.1286335125 0.052536053125 0.3423276421875 0.34882303124999997 0.6703008109375
2 0.5250520171875 0.594307425 0.5641761578125 0.59017175 0.5604215515625001 0.564392378125 0.521297409375 0.568528053125 0.5250520171875 0.594307425
2 0.5752091671875 0.66248676875 0.573954928125 0.635065490625 0.555658896875 0.63515714375 0.5569131359374999 0.6625784234375 0.5752091671875 0.66248676875
2 0.47603460468750003 0.6385819984375 0.5111288453125 0.6218573187499999 0.484778646875 0.56987198125 0.44968440625 0.5865966593749999 0.47603460468750003 0.6385819984375
2 0.45566847031249996 0.4768781515625 0.7940392328125 0.39589931875 0.7209657046875 0.1321234375 0.382594940625 0.21310227187500003 0.45566847031249996 0.4768781515625
2 0.77047770625 0.321207271875 0.8074345968750001 0.3040746125 0.7903451609375 0.269509834375 0.75338826875 0.28664249375 0.77047770625 0.321207271875
2 0.8246094984375001 0.41729615468750003 0.862720159375 0.3996286265625 0.8440775625000001 0.3619210453125 0.8059668999999999 0.3795885734375 0.8246094984375001 0.41729615468750003
2 0.7290107875 0.5342266921875 0.8154722546875 0.45069302968749997 0.7696124640625001 0.4032974328125 0.6831494484375 0.4868331125 0.7290107875 0.5342266921875
2 0.7699488203125 0.50213248125 0.7953828328125 0.494090928125 0.7893611046875 0.4769778953125 0.7639250140625 0.48501781875 0.7699488203125 0.50213248125
2 0.8710092906250001 0.5015058453125001 0.87889675625 0.47299046875000006 0.8430515578125 0.4617296265625 0.8351638234375001 0.4902431796875 0.8710092906250001 0.5015058453125001
2 0.6021327000000001 0.47456645625 0.63181214375 0.471429146875 0.62845273125 0.4483632015625 0.5987732859375 0.4515005125 0.6021327000000001 0.47456645625
0 0.44249349687499995 0.8712202343750001 0.7373954312500001 0.6696765296875 0.35688632187499997 0.12897731875000001 0.0619843875 0.3305210234375 0.44249349687499995 0.8712202343750001
0 1 0.49823707187500005 0.6253310375 0.0287676234375 0.383939378125 0.2179595125 0.7771546203125 0.71066790625 1 0.5360117578125 1 0.49823707187500005