2 0.64659800625 0.2661212625 0.53794684375 0.596307309375 0.6902142859375 0.646411959375 0.7988654484375 0.3162259140625 0.64659800625 0.2661212625
2 0.555034884375 0.5853554812499999 0.4613205984375 0.8821196015625 0.59849335625 0.9254368765625 0.6922076406250001 0.6286727578125 0.555034884375 0.5853554812499999
2 0.3336063125 0.0734800671875 0.16449501718749998 0.3165780734375 0.48682558125000003 0.540807309375 0.6559368765625 0.2977109640625 0.3336063125 0.0734800671875
2 0.5809900328125 0.46670265781250003 0.5809900328125 0.5025465109375 0.6044734218750001 0.5025465109375 0.6044734218750001 0.46670265781250003 0.5809900328125 0.46670265781250003
2 0.6687425250000001 0.48647840468750003 0.64402325625 0.48895016562500004 0.6456760796875 0.5054700999999999 0.6703953484375 0.5029983390625 0.6687425250000001 0.48647840468750003
2 0.5904086375 0.39971428593749997 0.5787325578125 0.4335764125 0.6278687703125 0.4505199328125 0.6395448499999999 0.4166578078125 0.5904086375 0.39971428593749997
2 0.2489750828125 0.3882624578125 0.20841528281250002 0.70420431875 0.45198505000000005 0.735473421875 0.49254485 0.4195315609375 0.2489750828125 0.3882624578125
2 0.35011295625 0.7131528234375 0.3382475078125 0.7487491687500001 0.3708770765625 0.7596262453125 0.382742525 0.7240299 0.35011295625 0.7131528234375
2 0.4384833890625 0.7483787375000001 0.4262475078125 0.785086378125 0.461843853125 0.7969518265625 0.47407973437499995 0.7602441859375 0.4384833890625 0.7483787375000001
2 0.5230481734375 0.6234717609375 0.4563056484375 0.71246179375 0.50317441875 0.7476112953125 0.5699152828125 0.6586229234375 0.5230481734375 0.6234717609375
2 0.529079734375 0.6965913625 0.5242790703125 0.72059800625 0.5402026578125 0.7237823921875 0.5450049828125 0.699777409375 0.529079734375 0.6965913625
2 0.54052325625 0.7601810625 0.5156910296875 0.77104485 0.529192690625 0.8019069765625 0.554026578125 0.7910431890625 0.54052325625 0.7601810625
2 0.4833488375 0.5519850500000001 0.4833488375 0.5791760796875 0.504360465625 0.5791760796875 0.504360465625 0.5519850500000001 0.4833488375 0.5519850500000001
0 0.3239102984375 0.083556478125 0.17106644531249998 0.3761212625 0.6922259140625 0.6483887046875 0.8450697671875 0.3558239203125 0.3239102984375 0.083556478125
0 0.2534601328125 0.388837209375 0.10662292343749999 0.6314983390625 0.5859335546875 0.9215365453125001 0.7327707640625001 0.678875415625 0.2534601328125 0.388837209375