0 0.2319901484375 0.16313698125 0.23719803750000001 0.4809001171875 0.236139859375 0.483253215625 0.735659753125 0.6639200546875 0.7515080296875001 0.3254141953125 0.2319901484375 0.16313698125
0 0.6857441671875 0.9845196125 0.7343696546875 0.684138046875 0.23586307031249998 0.48570409843749995 0.24162336562500003 0.7721477625000001 0.6857441671875 0.9845196125
2 0.7402253390625 0.67180333125 0.7547340265625 0.3216279546875 0.61161620625 0.286886184375 0.577064990625 0.60322710625 0.7402253390625 0.67180333125
2 0.6864138734375 0.976400825 0.7364805171875 0.6940934359375001 0.60346464375 0.6377866234375 0.5614286625 0.9128933171875 0.6864138734375 0.976400825
2 0.5068414 0.6046298734375 0.62820624375 0.3176733890625 0.24584739687499998 0.1523021578125 0.23427264062500003 0.48169780937500006 0.5068414 0.6046298734375
2 0.6200170671875 0.540564534375 0.61214356875 0.503431025 0.5878752781250001 0.5083070234375 0.595748775 0.5454405296875 0.6200170671875 0.540564534375
2 0.6632390703125 0.5350381546875 0.6882416015625 0.52734485 0.6829047484374999 0.5105737218749999 0.6579022203125 0.518267025 0.6632390703125 0.5350381546875
2 0.632766165625 0.48180833593749994 0.637394315625 0.4443034828125 0.58289395625 0.4369527875 0.57826580625 0.47445763750000003 0.632766165625 0.48180833593749994
2 0.426270625 0.8482898765625 0.4718788328125 0.5900307578125 0.232940221875 0.48874224999999993 0.24111902500000001 0.7657343187500001 0.426270625 0.8482898765625
2 0.4350834453125 0.8553969468749999 0.4395263546875 0.816056159375 0.4034169140625 0.8115628031250001 0.3989740046875 0.850903590625 0.4350834453125 0.8553969468749999
2 0.5372896484374999 0.8751775140625 0.5418712593749999 0.8346085328124999 0.5024787749999999 0.8297072515625 0.49789716406249995 0.8702762328125001 0.5372896484374999 0.8751775140625
2 0.5691634453125001 0.8154800078125 0.618587765625 0.70943205 0.562432840625 0.68274745625 0.51300716875 0.78879748125 0.5691634453125001 0.8154800078125
2 0.6021950281249999 0.7831053515625 0.6018849046875 0.7572395375000001 0.5847275234375 0.757245515625 0.585039728125 0.7831127015625 0.6021950281249999 0.7831053515625
2 0.6079779921874999 0.8663269015624999 0.6312555671875 0.8499158296875 0.610521709375 0.8207470671875001 0.5872458468749999 0.8371577953125 0.6079779921874999 0.8663269015624999
2 0.5333904859375 0.6407382687500001 0.527417678125 0.6125689140625 0.5057037625 0.616931684375 0.5116765703125 0.645101040625 0.5333904859375 0.6407382687500001