2 0.424145328125 0.58473529375 0.31098269843750004 0.2408391 0.15239273281250001 0.293024221875 0.2655553640625 0.636920415625 0.424145328125 0.58473529375
2 0.5039532875 0.8824152249999999 0.4063477515625 0.5733287203125 0.2634792390625 0.6184446359375 0.361084775 0.9275311421874999 0.5039532875 0.8824152249999999
2 0.81310380625 0.293391003125 0.6369705875 0.040198962500000004 0.3012560546875 0.273740484375 0.4773892734375 0.5269307953125 0.81310380625 0.293391003125
2 0.37931487812500003 0.48708131562499996 0.37931487812500003 0.449749134375 0.3548564015625 0.449749134375 0.3548564015625 0.48708131562499996 0.37931487812500003 0.48708131562499996
2 0.31366435937500003 0.472920415625 0.287918684375 0.4703460203125 0.28619723124999996 0.48755190312499996 0.31194290625 0.49012629687500003 0.31366435937500003 0.472920415625
2 0.381666090625 0.4152474046875 0.369505190625 0.3799792390625 0.3183287203125 0.397626296875 0.33048961875 0.4328944640625 0.381666090625 0.4152474046875
2 0.7673598609375001 0.69711245625 0.7251159171875 0.36805190312499997 0.4714325265625 0.4006193765625 0.5136764703125001 0.72967993125 0.7673598609375001 0.69711245625
2 0.632136678125 0.7435069203125 0.619778546875 0.7064325265625 0.5857941171875 0.7177612453125 0.5981522484374999 0.754835640625 0.632136678125 0.7435069203125
2 0.5404826984375 0.7813529406249999 0.5277387546875 0.7431211078125 0.490664359375 0.7554792390625 0.5034083046875 0.7937110734374999 0.5404826984375 0.7813529406249999
2 0.5091764703125 0.7057128031250001 0.4396626296875 0.61302768125 0.39084948124999996 0.6496384078124999 0.4603615921875 0.7423218 0.5091764703125 0.7057128031250001
2 0.4383806234375 0.7141868515625001 0.43338062343750006 0.689183390625 0.41679411718750004 0.6925017296875 0.4217958484375 0.7175034609375001 0.4383806234375 0.7141868515625001
2 0.447325259375 0.7667283734375 0.4214619375 0.7554134953125 0.4073979234375 0.78755709375 0.433262975 0.7988719718749999 0.447325259375 0.7667283734375
2 0.48101038125000006 0.5668927328125 0.48101038125000006 0.5385726640625 0.45912629687499995 0.5385726640625 0.45912629687499995 0.5668927328125 0.48101038125000006 0.5668927328125
0 0.806259515625 0.355406575 0.6470692046875001 0.050693771875 0.10426989687499999 0.3342664359375 0.2634602078125 0.6389792390625 0.806259515625 0.355406575
0 0.8733788921875 0.6213875437499999 0.7204446359375 0.36865051875 0.221231834375 0.670731834375 0.374166090625 0.9234688578125001 0.8733788921875 0.6213875437499999