2 0.43625605468749995 0.574354671875 0.323093425 0.230458478125 0.16450346093749998 0.28264359843750003 0.27766609062500003 0.6265397921875 0.43625605468749995 0.574354671875
2 0.5160640140625 0.8720346015624999 0.418458478125 0.562948096875 0.275589965625 0.6080640140625 0.37319550156250003 0.91715051875 0.5160640140625 0.8720346015624999
2 0.8252145328125 0.28301038125 0.6490813156249999 0.029818339062499997 0.31336678125 0.26335986093749997 0.48949999999999994 0.5165501734375 0.8252145328125 0.28301038125
2 0.39142560625 0.4767006921875 0.39142560625 0.43936851250000003 0.366967128125 0.43936851250000003 0.366967128125 0.4767006921875 0.39142560625 0.4767006921875
2 0.32577508593750004 0.46253979218749997 0.3000294125 0.4599653984375 0.29830795781249997 0.47717127968749995 0.3240536328125 0.47974567500000004 0.32577508593750004 0.46253979218749997
2 0.3937768171875 0.40486678125 0.3816159171875 0.369598615625 0.330439446875 0.387245675 0.3426003453125 0.422513840625 0.3937768171875 0.40486678125
2 0.7794705875 0.686731834375 0.73722664375 0.3576712796875 0.483543253125 0.3902387546875 0.525787196875 0.7192993078125001 0.7794705875 0.686731834375
2 0.6442474046875 0.733126296875 0.6318892734375 0.696051903125 0.5979048437500001 0.7073806234375 0.610262975 0.7444550171875 0.6442474046875 0.733126296875
2 0.552593425 0.7709723187499999 0.53984948125 0.7327404843750001 0.5027750859375 0.745098615625 0.51551903125 0.78333045 0.552593425 0.7709723187499999
2 0.521287196875 0.6953321796874999 0.45177335625000004 0.602647059375 0.4029602078125 0.6392577859374999 0.47247231875000006 0.7319411765625 0.521287196875 0.6953321796874999
2 0.45049134999999996 0.703806228125 0.44549135 0.67880276875 0.42890484375 0.6821211078125 0.43390657499999996 0.7071228374999999 0.45049134999999996 0.703806228125
2 0.4594359859375 0.7563477515625 0.43357266406250006 0.745032871875 0.41950865000000004 0.7771764703125 0.445373703125 0.7884913499999999 0.4594359859375 0.7563477515625
2 0.4931211078125 0.5565121109375 0.4931211078125 0.5281920421875 0.47123702500000003 0.5281920421875 0.47123702500000003 0.5565121109375 0.4931211078125 0.5565121109375
0 0.8183702421874999 0.3450259515625 0.65917993125 0.0403131484375 0.1163806234375 0.32388581250000004 0.275570934375 0.628598615625 0.8183702421874999 0.3450259515625
0 0.88548961875 0.6110069203124999 0.7325553640625 0.358269896875 0.2333425609375 0.6603512109375 0.3862768171875 0.9130882359375001 0.88548961875 0.6110069203124999