0 0.2637810453125 0.64163858125 0.7952430703125 0.43280798125000003 0.7941844265625 0.4303666375 0.8074844406249999 0.0952329109375 0.255375021875 0.28541620624999997 0.2637810453125 0.64163858125
0 0.78236138125 0.737522590625 0.7954748953124999 0.4353811703125 0.2646455578125 0.6629020796875 0.30857001875 0.977731959375 0.78236138125 0.737522590625
2 0.432599109375 0.57182365 0.4039158859375 0.2396532890625 0.2520644015625 0.2815440859375 0.25877043125 0.6501161859375 0.432599109375 0.57182365
2 0.44148991562499995 0.8976550624999999 0.4038969484375 0.609223771875 0.262173928125 0.6734734109375 0.3080628640625 0.9691989187500001 0.44148991562499995 0.8976550624999999
2 0.797251309375 0.4310997203125 0.7931303328125 0.0843226796875 0.38565613593750003 0.2727158890625 0.5066548625 0.5707160203125 0.797251309375 0.4310997203125
2 0.4143060046875 0.511601134375 0.423525159375 0.47217016093749997 0.3980403890625 0.467924325 0.3888212359375 0.5073552984374999 0.4143060046875 0.511601134375
2 0.3493977765625 0.4852476078125 0.32320754375 0.4780592 0.317164878125 0.495933553125 0.34335510937499997 0.5031219640625 0.3493977765625 0.4852476078125
2 0.4344952015625 0.43613691875000005 0.43053346875000004 0.39677494062499996 0.37285167812500003 0.40653020156249997 0.376813409375 0.445892178125 0.4344952015625 0.43613691875000005
2 0.783051025 0.7307438515625 0.7984840546875 0.4384759234375 0.543901125 0.5540400296875 0.585676846875 0.8245813703125 0.783051025 0.7307438515625
2 0.61441225625 0.8263310921875 0.6106910609375 0.7850271046875 0.5724830078124999 0.7910932390625 0.576204203125 0.8323972265625 0.61441225625 0.8263310921875
2 0.50956638125 0.8503942515625 0.5057290125 0.8078007796875 0.4640471234375 0.8144178 0.46788449375 0.8570112734374999 0.50956638125 0.8503942515625
2 0.4956257953125 0.7650671078125 0.44608362812499996 0.655104121875 0.38618126406250003 0.6852994328124999 0.4357220546875 0.795260290625 0.4956257953125 0.7650671078125
2 0.4197666546875 0.7617278546875 0.42073143437500005 0.734450746875 0.40262948906249996 0.7350763312499999 0.4016669390625 0.7623519109375 0.4197666546875 0.7617278546875
2 0.4161115265625 0.818775965625 0.391957165625 0.8023352625 0.36936518125 0.8338445359375 0.393521346875 0.8502855374999999 0.4161115265625 0.818775965625
2 0.50055934375 0.613553196875 0.5075529609375 0.5836409890625001 0.4847506109375 0.5798420515625 0.4777569921875 0.609754259375 0.50055934375 0.613553196875