2 0.6210055328124999 0.235548815625 0.28033984843750004 0.19641501249999999 0.26138202499999996 0.35364668906249996 0.6020477093750001 0.392780490625 0.6210055328124999 0.235548815625
2 0.9088678546875 0.2685269953125 0.6034490031249999 0.23716305937499998 0.5881324578125 0.378444496875 0.8935513078125 0.40980843125 0.9088678546875 0.2685269953125
2 0.558246171875 0.4532905125 0.29014614375000003 0.33830999687499996 0.13564177187499998 0.69474100625 0.403743409375 0.80972119375 0.558246171875 0.4532905125
2 0.4983906875 0.3471748953125 0.46369729375 0.354331121875 0.4682528796875 0.377037346875 0.5029462734375 0.3698811234375 0.4983906875 0.3471748953125
2 0.4932274578125 0.30675210937499997 0.48603969375 0.283344390625 0.47037062656249995 0.28824072031250003 0.47755839062499994 0.3116484390625 0.4932274578125 0.30675210937499997
2 0.44349547031250003 0.3349409015625 0.40845513437500003 0.33041180468750003 0.40158746562500003 0.381304671875 0.43662780156250003 0.38583376875000003 0.44349547031250003 0.3349409015625
2 0.753422971875 0.4481129390625 0.43975345624999995 0.471973221875 0.456738534375 0.713725134375 0.7704080515625 0.6898648515625 0.753422971875 0.4481129390625
2 0.7925348640625 0.5217146015624999 0.755779234375 0.5173486390625001 0.75158114375 0.55106996875 0.7883367734375 0.5554359296875 0.7925348640625 0.5217146015624999
2 0.8110156109375 0.4263062390625 0.7731124953124999 0.421803975 0.7685332875 0.45859122656249995 0.806436403125 0.4630934921875 0.8110156109375 0.4263062390625
2 0.7552409421874999 0.3961943109375 0.656161596875 0.34942870625 0.6312305 0.40176272031250004 0.730311775 0.4485295984375 0.7552409421874999 0.3961943109375
2 0.7249936859375 0.3651489296875 0.7008275640625 0.36529812968750003 0.700833146875 0.38133243906250003 0.7250005546875 0.381181303125 0.7249936859375 0.3651489296875
2 0.8027465921875001 0.36019695937499996 0.787413921875 0.33835388437499997 0.76016189375 0.357571946875 0.7754942421875 0.37941341562500003 0.8027465921875001 0.36019695937499996
2 0.591981815625 0.42867560625 0.5656635234375 0.434104296875 0.5697396078125 0.4544205625 0.5960579015625 0.448991871875 0.591981815625 0.42867560625
0 0.62252859375 0.233209103125 0.3097036375 0.14383404375 0.1472757140625 0.702104384375 0.4601006703125 0.7914794406250001 0.62252859375 0.233209103125
0 0.9075292062500001 0.2814498421875 0.644171415625 0.1879193765625 0.4564247734375 0.7092737640625 0.7197825640625 0.8028042265625001 0.9075292062500001 0.2814498421875