3 0.2284095234375 0.82715238125 0.21178253906250002 0.6490682546875 0.1232619046875 0.6573333328125 0.1398873015625 0.8354174609375 0.2284095234375 0.82715238125
3 0.3766047625 0.7319952375 0.3251126984375 0.6408904765625001 0.1981666671875 0.7126428578125 0.24966031718749998 0.80374603125 0.3766047625 0.7319952375
3 0.45737619062499996 0.761828571875 0.408973015625 0.6946888890625 0.32408571406250003 0.7558857140625 0.3724888890625 0.8230253968750001 0.45737619062499996 0.761828571875
3 0.32786031718749997 0.874876190625 0.3185158734375 0.8322396828124999 0.1955603171875 0.8591888890625 0.2049063484375 0.9018253968750001 0.32786031718749997 0.874876190625
3 0.41976349218750003 0.8529396828125 0.41389682499999997 0.8284444437499999 0.32925238125 0.8487190468750001 0.335119046875 0.8732142859375 0.41976349218750003 0.8529396828125
3 0.41925555625 0.6641492062500001 0.40429365156249997 0.6317333328125 0.309028571875 0.6757015875 0.3239904765625 0.7081174609375 0.41925555625 0.6641492062500001
3 0.36189365156250003 0.6234904765625 0.32869365156249997 0.60005555625 0.2747333328125 0.6764984125 0.3079333328125 0.6999333328125 0.36189365156250003 0.6234904765625
3 0.328174603125 0.309722221875 0.32515396875 0.295928571875 0.1137412703125 0.34221428593750003 0.11676031718749999 0.3560079359375 0.328174603125 0.309722221875
3 0.39875555625 0.4916428578125 0.393873015625 0.46989047656249994 0.1749015875 0.5190476187499999 0.1797841265625 0.5408000000000001 0.39875555625 0.4916428578125
3 0.313522221875 0.514880953125 0.30792380937499997 0.501576190625 0.1992063484375 0.547322221875 0.20480476250000001 0.560625396875 0.313522221875 0.514880953125
3 0.6546349203124999 0.46394761874999996 0.49884603125 0.2989952375 0.3448174609375 0.4444666671875 0.5006063484375 0.609419046875 0.6546349203124999 0.46394761874999996
3 0.709773015625 0.3966825390625 0.7059841265625 0.3812158734375 0.5834079359375 0.41124761875000004 0.587196825 0.42671269843750004 0.709773015625 0.3966825390625
3 0.72715238125 0.48540634843749997 0.7257904765625 0.47657142812500003 0.5241079359375 0.5076396828124999 0.5254682546875 0.516473015625 0.72715238125 0.48540634843749997
3 0.5231412703125 0.6083142859375 0.49186507968750004 0.5631952375 0.4467873015625 0.5944428578125 0.47806349218750005 0.6395619046875 0.5231412703125 0.6083142859375
3 0.4763888890625 0.5964174609375 0.4691333328125 0.5872079359375 0.4025158734375 0.6396936515625 0.409771428125 0.6489031749999999 0.4763888890625 0.5964174609375
3 0.24508888906249998 0.747469840625 0.233928571875 0.7363095234375 0.16150793593749999 0.808730159375 0.1726682546875 0.8198904765625 0.24508888906249998 0.747469840625
0 0.9478539687499999 0.744526984375 0.8116603171874999 0.06979841249999999 0.014773015625 0.23064920625 0.1509650796875 0.9053793656250001 0.9478539687499999 0.744526984375