3 0.106667940625 0.6273153796875001 0.11224390937499999 0.8188647203125001 0.20749173437500001 0.8188634671875 0.20191406875 0.6273139671875 0.106667940625 0.6273153796875001
3 0.18299333906249998 0.6937493375 0.231825403125 0.7960202625 0.372520165625 0.732147771875 0.3236899078125 0.629875315625 0.18299333906249998 0.6937493375
3 0.3147095125 0.7523946109375 0.36187856875 0.8288051843750001 0.45686659531249996 0.7720000015624999 0.40969753906250006 0.69558943125 0.3147095125 0.7523946109375
3 0.17016114843750002 0.84975460625 0.177235075 0.896149046875 0.3105909421875 0.8796520796875 0.3035187125 0.8332577953125 0.17016114843750002 0.84975460625
3 0.3138727140625 0.8518988125 0.3184686234375 0.878602528125 0.41039201875 0.8654092890625 0.40579610937500005 0.83870556875 0.3138727140625 0.8518988125
3 0.30410068749999997 0.66539394375 0.3178817578125 0.7014489671875 0.4227887453125 0.6640479828125 0.409007671875 0.6279929609375 0.30410068749999997 0.66539394375
3 0.267364678125 0.662829690625 0.30126836562500003 0.691123671875 0.3642225890625 0.614982740625 0.3303189015625 0.5866887562499999 0.267364678125 0.662829690625
3 0.118083653125 0.2903504375 0.12036731875 0.305359390625 0.34966365312500003 0.2770493390625 0.347378290625 0.26204022656250003 0.118083653125 0.2903504375
3 0.1713788765625 0.4849992671875 0.1751101859375 0.5086802625 0.4126862765625 0.47806062968749996 0.4089549703125 0.45437963437500006 0.1713788765625 0.4849992671875
3 0.195436703125 0.5175684140625 0.20051281406250002 0.532311128125 0.319929896875 0.4943552765625 0.3148538953125 0.479610871875 0.195436703125 0.5175684140625
3 0.35822886875000004 0.42238652187500003 0.5135509671875 0.6137862875 0.6882672140625 0.47400022656249996 0.5329451171875 0.2826004625 0.35822886875000004 0.42238652187500003
3 0.6156966203125 0.4107149546875 0.6186891265625001 0.427582815625 0.7518521046875 0.40776296562500003 0.7488597078125 0.3908934125 0.6156966203125 0.4107149546875
3 0.545663840625 0.507596553125 0.54651335625 0.5171511093750001 0.7643593984375 0.50410081875 0.7635082984375 0.4945444125 0.545663840625 0.507596553125
3 0.4570138484375 0.5924594765625 0.48737360625 0.643684134375 0.53772951875 0.6148515 0.5073697593750001 0.563626840625 0.4570138484375 0.5924594765625
3 0.40656058906250003 0.6363042250000001 0.41368972812499993 0.6468467640625 0.4885396796875 0.5975117265625001 0.4814105421875 0.5869691875 0.40656058906250003 0.6363042250000001
3 0.1371980296875 0.792559790625 0.148369903125 0.8055711953125 0.2307931671875 0.7355568671875 0.21962129687499998 0.722545459375 0.1371980296875 0.792559790625
0 0.0198763421875 0.161534746875 0.11929714531249999 0.8945691203124999 0.982656178125 0.8023756578125001 0.8832335703125 0.069342815625 0.0198763421875 0.161534746875