3 0.3137960390625 0.101627871875 0.118955475 0.1072996453125 0.11895674687499999 0.20418403281250003 0.3137974765625 0.19851053125 0.3137960390625 0.101627871875
3 0.2462206046875 0.179264703125 0.1421924484375 0.22893580624999998 0.20716240312499998 0.372048003125 0.31119211875 0.3223787375 0.2462206046875 0.179264703125
3 0.18656767968750002 0.3132440390625 0.1088442109375 0.3612235625 0.166625428125 0.45784368437499995 0.2443488953125 0.4098641625 0.18656767968750002 0.3132440390625
3 0.08753483281249999 0.166212028125 0.040343237500000004 0.1734074984375 0.05712365781249999 0.30905470468749996 0.10431509375 0.301860959375 0.08753483281249999 0.166212028125
3 0.08535378593750001 0.3123928640625 0.058191242187500006 0.317067740625 0.0716111703125 0.41057057500000005 0.0987737171875 0.4058957 0.08535378593750001 0.3123928640625
3 0.2750632046875 0.30245293281249996 0.23838867812500003 0.31647079218749996 0.2764322921875 0.4231803046875 0.313106815625 0.40916244375 0.2750632046875 0.30245293281249996
3 0.2776715171875 0.2650857203125 0.24889138437499997 0.2995719453125 0.32634058125 0.3636078578125 0.3551207140625 0.3291216328125 0.2776715171875 0.2650857203125
3 0.6565507578124999 0.1132397296875 0.64128391875 0.115562634375 0.670080396875 0.34879876875 0.6853473984375 0.3464741375 0.6565507578124999 0.1132397296875
3 0.458557446875 0.167450678125 0.4344695625 0.1712461 0.46561530468749995 0.41290425468749997 0.4897031890625 0.409108834375 0.458557446875 0.167450678125
3 0.4254286921875 0.19192186875 0.41043266718750004 0.19708520000000002 0.4490406796875 0.318554121875 0.46403842656250005 0.313390903125 0.4254286921875 0.19192186875
3 0.5222460124999999 0.3575111515625 0.327557590625 0.515502015625 0.469745475 0.693220259375 0.66443389375 0.5352293968749999 0.5222460124999999 0.3575111515625
3 0.534118121875 0.619402746875 0.5169604343749999 0.6224466718749999 0.53712083125 0.7578976734375 0.554280240625 0.7548538609375 0.534118121875 0.619402746875
3 0.4355718921875 0.54816665625 0.4258531671875 0.54903076875 0.4391276890625 0.77061986875 0.4488482953125 0.7697541453125 0.4355718921875 0.54816665625
3 0.3492508421875 0.4579934671875 0.297146034375 0.48887487187499995 0.32647407500000003 0.5400960046875001 0.37857888281249996 0.5092146015625 0.3492508421875 0.4579934671875
3 0.304652746875 0.40667331406249996 0.293929065625 0.41392494687500003 0.3441117828125 0.4900609796875 0.354835465625 0.48280934843749995 0.304652746875 0.40667331406249996
3 0.14571237812499999 0.1326825328125 0.13247740937500002 0.1440463625 0.20369473437500002 0.22788583281250002 0.2169297046875 0.21652200625 0.14571237812499999 0.1326825328125
0 0.7875797765625 0.0133450078125 0.0419503109375 0.114474071875 0.13572785468749998 0.9926674515625 0.8813557609375 0.891536553125 0.7875797765625 0.0133450078125