3 0.27474801718749997 0.9724315171875 0.47125494375 0.9364743125 0.4510874796875 0.83844604375 0.254580028125 0.8744015359375 0.27474801718749997 0.9724315171875
3 0.27272085156250003 0.8443847015625 0.3873487515625 0.8723808890625 0.42268890781249996 0.7136710734375 0.30805982656249997 0.6856770796875 0.27272085156250003 0.8443847015625
3 0.21175000625 0.717669646875 0.29965550625000004 0.74958348125 0.33746648437500004 0.6394559375 0.2495609859375 0.6075421046875 0.21175000625 0.717669646875
3 0.182177603125 0.9223652453125 0.23098476406250001 0.919546740625 0.219567628125 0.778703240625 0.17076099218750002 0.781523459375 0.182177603125 0.9223652453125
3 0.1701630890625 0.773187234375 0.19836654375 0.7721045671875 0.192354625 0.6746245078124999 0.164151171875 0.675707175 0.1701630890625 0.773187234375
3 0.35093392031250004 0.7352288484375 0.3906180734375 0.7415640453125001 0.40654185781249996 0.6254517046875 0.36685770624999997 0.6191165062499999 0.35093392031250004 0.7352288484375
3 0.3649807828125 0.75007988125 0.40101194375000004 0.778814815625 0.4653232625 0.697447715625 0.4292921015625 0.6687127796875 0.3649807828125 0.75007988125
3 0.79665813125 0.85229216875 0.8124466 0.8513754171875 0.7927605765625 0.6092213171874999 0.7769715859375 0.61013635625 0.79665813125 0.85229216875
3 0.5777362 0.840208865625 0.602674246875 0.8388943281250001 0.5835895375 0.5877141875 0.5586514874999999 0.5890287265625 0.5777362 0.840208865625
3 0.548260246875 0.8192082203125001 0.56436854375 0.8212234281249999 0.5777872421875 0.6900559328125 0.5616772421875 0.68804120625 0.548260246875 0.8192082203125001
3 0.39889101875 0.5147625578125 0.62695500625 0.632957646875 0.7325001234374999 0.42271018437499996 0.5044361375 0.3045150984375 0.39889101875 0.5147625578125
3 0.5665023265625 0.3660213 0.584336459375 0.365429453125 0.5763507953125 0.22406238906249998 0.5585149609375 0.2246547203125 0.5665023265625 0.3660213
3 0.49045161249999997 0.45980211718749997 0.5003744484375 0.458596628125 0.4675541515625 0.2315484765625 0.4576290875 0.2327527328125 0.49045161249999997 0.45980211718749997
3 0.373946865625 0.54821256875 0.43261038906250004 0.5683085734375 0.45134837968749997 0.5102057046875 0.3926848578125 0.4901097 0.373946865625 0.54821256875
3 0.386324859375 0.6247369546875 0.398584903125 0.6297794359375 0.43304279687499997 0.54200421875 0.42078275156249995 0.5369617359375 0.386324859375 0.6247369546875
3 0.280653771875 0.9323566937500001 0.296287434375 0.9410225656250001 0.35022866874999997 0.8409514218749999 0.33459500625 0.8322855468749999 0.280653771875 0.9323566937500001
0 0.196057365625 0.9816514421875 0.9645981453125 0.9244107375 0.8757870875 0.0157694890625 0.10724748906249999 0.07300799999999999 0.196057365625 0.9816514421875