3 0.339673203125 0.11054738593749999 0.1563513078125 0.12766176406250002 0.1648594765625 0.21878758125000003 0.348181371875 0.20167156875 0.339673203125 0.11054738593749999
3 0.282736928125 0.187655228125 0.1889542484375 0.2406633984375 0.262815359375 0.37134150312499997 0.3565996734375 0.3183349671875 0.282736928125 0.187655228125
3 0.238222221875 0.317277778125 0.16910784375000001 0.36710457500000004 0.232104575 0.4544885625 0.30121895468750004 0.4046617640625 0.238222221875 0.317277778125
3 0.13188071875000001 0.184972221875 0.08799019531249999 0.1945931375 0.11573202656249999 0.3211633984375 0.15962254843749998 0.3115441171875 0.13188071875000001 0.184972221875
3 0.142658496875 0.3225964046875 0.1174428109375 0.3286356203125 0.138313725 0.41576960781250005 0.1635294125 0.40973039218749996 0.142658496875 0.3225964046875
3 0.32076470625 0.301777778125 0.28739542500000004 0.3171797390625 0.33265686250000004 0.41524673125 0.36602614375 0.399844771875 0.32076470625 0.301777778125
3 0.31994444375 0.26647385625000003 0.29582026093749997 0.3006503265625 0.3745114375 0.3561977125 0.3986356203125 0.3220212421875 0.31994444375 0.26647385625000003
3 0.6640604578125 0.10074673125 0.6498611109375 0.10385457499999999 0.6975081703125 0.321486928125 0.711707515625 0.3183774515625 0.6640604578125 0.10074673125
3 0.48202614375 0.1637058828125 0.4596339875 0.1687320265625 0.510236928125 0.394143790625 0.532629084375 0.389117646875 0.48202614375 0.1637058828125
3 0.452919934375 0.188725490625 0.439225490625 0.1944885625 0.486315359375 0.3064035953125 0.5000114375 0.3006405234375 0.452919934375 0.188725490625
3 0.5588006531249999 0.33861928125 0.38899673125 0.4989901953125 0.53874673125 0.6575490203125 0.708550653125 0.4971781046875 0.5588006531249999 0.33861928125
3 0.59299673125 0.5842271234374999 0.577076796875 0.5881274515625 0.6079901953125 0.7143088234375 0.6239117640625 0.710408496875 0.59299673125 0.5842271234374999
3 0.49376960781249996 0.52318300625 0.48467647031250005 0.5245833328125 0.5166568625 0.732199346875 0.5257516343749999 0.7307973859375 0.49376960781249996 0.52318300625
3 0.40441339843749996 0.4435882359375 0.3579673203125 0.4757843140625 0.3901339875 0.5221879078125 0.436580065625 0.4899918296875 0.40441339843749996 0.4435882359375
3 0.35783170000000003 0.39801470625 0.3483513078125 0.405483659375 0.40238071875000003 0.47406045781249995 0.4118611109375 0.466591503125 0.35783170000000003 0.39801470625
3 0.1838235296875 0.1499183 0.17233496718750002 0.1614068625 0.2468856203125 0.235957515625 0.2583741828125 0.2244689546875 0.1838235296875 0.1499183
0 0.7732968984374999 0 0.0843317 0.139065359375 0.2499150328125 0.9593921562500001 0.9444885624999999 0.8191928109375001 0.7791354265625 0 0.7732968984374999 0