3 0.07731274375 0.5608743484375001 0.0441646953125 0.742029171875 0.134536084375 0.7606215359374999 0.167682553125 0.5794662296875 0.07731274375 0.5608743484375001
3 0.1363988671875 0.6382253703125 0.162207853125 0.743897965625 0.3085164421875 0.711319846875 0.2827094796875 0.6056461625 0.1363988671875 0.6382253703125
3 0.249602728125 0.7190675796875 0.27902329375 0.8001054625 0.380547121875 0.765248465625 0.3511265578125 0.6842105843749999 0.249602728125 0.7190675796875
3 0.09291784843749999 0.7823734203125 0.0903195390625 0.8273675218750001 0.2201580609375 0.8378922109375001 0.22275795 0.7928985921875 0.09291784843749999 0.7823734203125
3 0.22884110156249998 0.8124433421875 0.22784301875000001 0.8384434015625001 0.3177074484375 0.8439856390625 0.31870553125 0.8179855796875 0.22884110156249998 0.8124433421875
3 0.2569956453125 0.6352114640625001 0.2628359046875 0.6717952921875 0.3698769703125 0.6571155515625 0.364036709375 0.620531725 0.2569956453125 0.6352114640625001
3 0.2226550921875 0.6256296140625001 0.24914510937499998 0.658845840625 0.32415540625 0.59955884375 0.2976653875 0.5663426171875 0.2226550921875 0.6256296140625001
3 0.1557632875 0.246338290625 0.15491815625 0.2608932859375 0.378155546875 0.27904181875 0.3789990984375 0.26448634375 0.1557632875 0.246338290625
3 0.167269290625 0.439722178125 0.1660574515625 0.46271194062500004 0.3976141421875 0.480305659375 0.3988259828125 0.45731589531249994 0.167269290625 0.439722178125
3 0.1835596515625 0.4750352484375 0.18541742187500002 0.489885084375 0.3063370125 0.4775162921875 0.3044796875 0.4626648859375 0.1835596515625 0.4750352484375
3 0.35711716875 0.417338353125 0.4660782671875 0.6275848421875 0.6599001437500001 0.5302854359375 0.5509390484375001 0.3200389484375 0.35711716875 0.417338353125
3 0.6037447234375 0.4566273265625 0.6031991140625 0.4730681671875 0.7335214296875 0.4804315203125 0.7340674843749999 0.4639891109375 0.6037447234375 0.4566273265625
3 0.5178562328125 0.5340298046874999 0.5167449234375 0.5431774203125 0.726056075 0.5734356843749999 0.7271662484375 0.5642860171875 0.5178562328125 0.5340298046874999
3 0.41671553437500003 0.596499796875 0.43524153749999994 0.6505802328125 0.4888051203125 0.6333061468750001 0.470279115625 0.5792257125 0.41671553437500003 0.596499796875
3 0.36004708281250003 0.6278670421875 0.36469562031249997 0.6391692703125 0.44561339999999994 0.6074034015625001 0.4409648609375 0.596101171875 0.36004708281250003 0.6278670421875
3 0.073119821875 0.7221725218749999 0.0811086734375 0.7365848046875 0.1733617609375 0.686857728125 0.1653729078125 0.6724454453125001 0.073119821875 0.7221725218749999
0 0.0884338515625 0.106073584375 0.035665076562499995 0.814572115625 0.8733207500000001 0.8964437203125 0.9260875015625001 0.187946278125 0.0884338515625 0.106073584375