3 0.7435513671875 0.04129780625 0.56125720625 0.0746543328125 0.5799660171875 0.16559250625 0.7622606656250001 0.13223756874999998 0.7435513671875 0.04129780625
3 0.745431915625 0.1600833734375 0.6390947125 0.1341120671875 0.6063106031250001 0.281342871875 0.7126489031250001 0.30731214375000004 0.745431915625 0.1600833734375
3 0.8019929187500001 0.277633503125 0.7204453625 0.24802790312499998 0.6853691421875 0.350190246875 0.7669166953125 0.3797958453125 0.8019929187500001 0.277633503125
3 0.8294264374999999 0.0877429328125 0.784149353125 0.0903575828125 0.794740721875 0.22101428906249998 0.84001731875 0.21839804843750002 0.8294264374999999 0.0877429328125
3 0.8405719765624999 0.2261313390625 0.8144083953125 0.2271357 0.8199854890625 0.3175653140625 0.8461490703125 0.3165609546875 0.8405719765624999 0.2261313390625
3 0.672875765625 0.26134430625 0.63606185 0.25546731562499997 0.6212897859375001 0.36318159375 0.6581037000000001 0.3690585859375 0.672875765625 0.26134430625
3 0.6598448703125 0.24756740625 0.6264197375 0.220910784375 0.566759865625 0.2963928421875 0.600185 0.323049465625 0.6598448703125 0.24756740625
3 0.25938947031250004 0.1527478296875 0.244742934375 0.1535982765625 0.2630051265625 0.37823808593749997 0.2776521453125 0.3773892296875 0.25938947031250004 0.1527478296875
3 0.462477425 0.163957184375 0.43934307187500005 0.1651766453125 0.4570474421875 0.39818966875 0.4801817953125 0.39697020625 0.462477425 0.163957184375
3 0.48982146875000004 0.183438915625 0.4748782375 0.18156946093749998 0.4624300734375 0.30325 0.4773748859375 0.30511900625 0.48982146875000004 0.183438915625
3 0.6283872625 0.46586492343749997 0.41681846875 0.356218534375 0.31890711718750003 0.5512594203125001 0.5304759109375 0.6609058046875 0.6283872625 0.46586492343749997
3 0.472898784375 0.603848165625 0.45635454218750005 0.60439720625 0.463762628125 0.7355396062499999 0.4803084484375 0.7349901171875 0.472898784375 0.603848165625
3 0.5434489765625 0.5168502375 0.5342438281249999 0.5179685359375 0.56469033125 0.7285949671874999 0.57389754375 0.7274778109375 0.5434489765625 0.5168502375
3 0.651527278125 0.4348342515625 0.5971067140625 0.4161917328125 0.5797239875 0.4700921921875 0.63414455 0.4887347125 0.651527278125 0.4348342515625
3 0.6400445484375 0.36384465 0.6286712375 0.3591668765625 0.59670558125 0.4405935703125 0.6080788953125 0.4452713453125 0.6400445484375 0.36384465
3 0.7380727593749999 0.0784741375 0.7235698328125 0.070435040625 0.6735300078125 0.163268334375 0.688032934375 0.1713074328125 0.7380727593749999 0.0784741375
0 0.81655055625 0.03274473125 0.10359605937500001 0.08584538593749999 0.1859836765625 0.928767296875 0.8989370765625001 0.8756686796875 0.81655055625 0.03274473125