3 0.864924384375 0.801199865625 0.8700821546874999 0.6240167265625 0.7819794859375 0.6240154203125 0.7768201453125 0.8011987078124999 0.864924384375 0.801199865625
3 0.7543115015625 0.7800687421875 0.7994811609375 0.6854681375 0.6693368359375 0.6263846671875 0.624168846875 0.7209866890625001 0.7543115015625 0.7800687421875
3 0.6340123234374999 0.8103947953124999 0.6776437015625 0.7397150156250001 0.5897797765624999 0.6871702234375 0.5461484 0.7578500015625 0.6340123234374999 0.8103947953124999
3 0.8048075562499999 0.8726878687499999 0.8113509375 0.8297730109374999 0.6879951906249999 0.8145134609375001 0.681453378125 0.8574281734375001 0.8048075562499999 0.8726878687499999
3 0.6741665234374999 0.8564573390625 0.6784177390624999 0.8317564015625001 0.5933885984375 0.8195526515625 0.5891373828125 0.8442535921875001 0.6741665234374999 0.8564573390625
3 0.6747093734375 0.6925902953125 0.6874568640625001 0.6592393984375 0.590417903125 0.6246434890625 0.5776704109375 0.657994384375 0.6747093734375 0.6925902953125
3 0.6900767625 0.683039396875 0.7214376734375 0.6568674640625 0.663205015625 0.5864371 0.6318441046875 0.6126090343749999 0.6900767625 0.683039396875
3 0.8574102296874999 0.3262074359375 0.8595226203124999 0.3123241546875 0.64742508125 0.286137209375 0.6453111203125 0.3000206390625 0.8574102296874999 0.3262074359375
3 0.8067730781250001 0.5142792421875 0.8102245390625 0.492374321875 0.590466653125 0.4640511625 0.58701519375 0.48595608281249997 0.8067730781250001 0.5142792421875
3 0.7832756468750001 0.53613779375 0.78797105 0.5225007828125 0.677510146875 0.48739005625000004 0.6728148453125 0.50102863125 0.7832756468750001 0.53613779375
3 0.4937153546875 0.611502315625 0.637388296875 0.4344575328125 0.4757757671875 0.305155428125 0.3321028265625 0.482200209375 0.4937153546875 0.611502315625
3 0.3964625578125 0.4392641046875 0.39923062656249997 0.4236613328125 0.2760547703125 0.40532640625000005 0.27328680312500003 0.42093074374999995 0.3964625578125 0.4392641046875
3 0.4632251453125 0.5221147765625 0.46401094687500005 0.5132768109375 0.2625048234375 0.50120358125 0.26171755625 0.5100432578125 0.4632251453125 0.5221147765625
3 0.5179294140625 0.6391578250000001 0.5460121906250001 0.591775015625 0.499432971875 0.565104828125 0.4713501953125 0.6124876375 0.5179294140625 0.6391578250000001
3 0.5860870015625 0.6420832562500001 0.5926814546875 0.6323314078125 0.5234452484375 0.5866964984374999 0.516850796875 0.596448346875 0.5860870015625 0.6420832562500001
3 0.8315078390625 0.78890335625 0.841841821875 0.7768678062500001 0.7656003 0.7121045500000001 0.7552663203125001 0.7241401015625 0.8315078390625 0.78890335625
0 0.8584001406249999 0.8712264359375 0.9503643828125 0.193169640625 0.151758946875 0.10789210468749999 0.0597930359375 0.7859474828125 0.8584001406249999 0.8712264359375