3 0.147277965625 0.1947423734375 0.33743559375 0.1769881359375 0.32861016875 0.0824661015625 0.1384525421875 0.10021864375 0.147277965625 0.1947423734375
3 0.24888644062499998 0.3529847453125 0.346167796875 0.2980016953125 0.26955084687499997 0.162449153125 0.1722711859375 0.2174338984375 0.24888644062499998 0.3529847453125
3 0.21703050781250002 0.439232203125 0.288722034375 0.3875474578125 0.223376271875 0.29690508437499996 0.1516847453125 0.34858983125 0.21703050781250002 0.439232203125
3 0.09631864375 0.30093559375 0.1418457625 0.2909576265625 0.1130694921875 0.1596661015625 0.0675423734375 0.16964576250000002 0.09631864375 0.30093559375
3 0.11974237343750001 0.3990694921875 0.1458983046875 0.392805084375 0.124249153125 0.30242203437500004 0.09809322031249999 0.308686440625 0.11974237343750001 0.3990694921875
3 0.321332203125 0.39852711875 0.3559457625 0.38255084687499996 0.3089966109375 0.28082711875 0.2743830515625 0.29680338906250003 0.321332203125 0.39852711875
3 0.3647474578125 0.33727627187500003 0.38977118593750004 0.3018254234375 0.30814576250000003 0.2442067796875 0.283122034375 0.27965762656250004 0.3647474578125 0.33727627187500003
3 0.6997881359375 0.3012711859375 0.7145169484375 0.29804576250000003 0.6650932203125001 0.0723 0.65036440625 0.075523728125 0.6997881359375 0.3012711859375
3 0.5055338984375 0.37663728750000003 0.5287610171875 0.371423728125 0.4762711859375 0.13760677968749999 0.45304406718749995 0.1428203390625 0.5055338984375 0.37663728750000003
3 0.4807203390625 0.2856254234375 0.49492711875 0.2796474578125 0.44607966093750007 0.163559321875 0.43187457656249995 0.1695372875 0.4807203390625 0.2856254234375
3 0.5351067796875 0.6498644062500001 0.7112423734375 0.48351355937499996 0.5559084750000001 0.31904237343749997 0.37977288124999997 0.4853932203125 0.5351067796875 0.6498644062500001
3 0.606932203125 0.7087406781250001 0.6234474578125 0.704694915625 0.5913796609374999 0.573808475 0.5748661015625001 0.5778542375 0.606932203125 0.7087406781250001
3 0.5121932203124999 0.7272983046875 0.52162711875 0.7258440671875 0.4884525421875 0.5104881359375 0.47902033906249997 0.511940678125 0.5121932203124999 0.7272983046875
3 0.3809525421875 0.5094559328125 0.4291305078125 0.47605932187500005 0.39576440625 0.4279254234375 0.347586440625 0.461322034375 0.3809525421875 0.5094559328125
3 0.3936559328125 0.45953389843750003 0.40348983125000004 0.451786440625 0.3474457625 0.3806525421875 0.3376118640625 0.38839999999999997 0.3936559328125 0.45953389843750003
3 0.23236271249999998 0.2125525421875 0.24427966093750003 0.20063559375 0.166949153125 0.12330508437500001 0.155032203125 0.135222034375 0.23236271249999998 0.2125525421875
0 0.6188590921875 0 0.06374745781249999 0.1120474578125 0.235505084375 0.9629627125000001 0.955977965625 0.81753559375 0.7909593390625 0 0.6188590921875 0