3 0.7951159171875 0.643448096875 0.7769930796875 0.8375536328125 0.8734792390624999 0.8465622843749999 0.8916003453125001 0.652456746875 0.7951159171875 0.643448096875
3 0.6715899656250001 0.6345346015625 0.6154653984375 0.733835640625 0.7538304499999999 0.8120415218750001 0.809956746875 0.7127422140624999 0.6715899656250001 0.6345346015625
3 0.580185121875 0.6931730109375 0.5274273359375 0.766352940625 0.6199515578125 0.8330553640625 0.6727093421875 0.7598754328124999 0.580185121875 0.6931730109375
3 0.6787802765625 0.843098615625 0.66859515625 0.8895709343749999 0.8026107265625001 0.9189446359375 0.8127975781250001 0.8724723187500001 0.6787802765625 0.843098615625
3 0.5748183390625 0.8389619375 0.5684238749999999 0.8656609 0.660683390625 0.8877595156250001 0.6670778546875 0.861060553125 0.5748183390625 0.8389619375
3 0.5852854671875 0.6245536328125 0.568977509375 0.6598858125 0.6728131484375 0.7078096890625 0.6891211078125 0.672477509375 0.5852854671875 0.6245536328125
3 0.6676868515625001 0.5900259515624999 0.6315000000000001 0.6155692046875 0.6903148781249999 0.6988892734375 0.7265017296875 0.6733460203125 0.6676868515625001 0.5900259515624999
3 0.6715449828125 0.2585380625 0.6682525953125 0.27357266406249997 0.8986868515624999 0.324022490625 0.9019775093750001 0.3089878890625 0.6715449828125 0.2585380625
3 0.5966435984375 0.44815051875 0.5913218 0.47185986093750004 0.8299930796874999 0.525439446875 0.835314878125 0.501730103125 0.5966435984375 0.44815051875
3 0.690325259375 0.48268685156249996 0.6842231828124999 0.49718858125 0.802721453125 0.5470484421874999 0.8088235296875 0.5325484421875 0.690325259375 0.48268685156249996
3 0.48222664374999996 0.2618806234375 0.3124221453125 0.4416730109375 0.48030795781249996 0.6002318343749999 0.65011245625 0.420439446875 0.48222664374999996 0.2618806234375
3 0.25645328749999996 0.35149827031249997 0.2523235296875 0.3683564015625 0.3859273359375 0.4010882359375 0.39005709375 0.384231834375 0.25645328749999996 0.35149827031249997
3 0.2348650515625 0.4554325265625 0.2333806234375 0.46506228437499997 0.45320934218750003 0.498923875 0.4546920421875 0.48929584843749996 0.2348650515625 0.4554325265625
3 0.48983564062499996 0.54984948125 0.455745675 0.59902768125 0.5048788921875 0.6330865046875 0.5389688578125 0.5839083046875 0.48983564062499996 0.54984948125
3 0.51461245625 0.576022490625 0.5067041515625 0.586060553125 0.579314878125 0.643268165625 0.5872231828125 0.633230103125 0.51461245625 0.576022490625
3 0.770977509375 0.7385380625 0.7588131484375 0.750702421875 0.837749134375 0.8296384078125 0.8499134953124999 0.8174740484375 0.770977509375 0.7385380625
0 1 0.18539770625000002 0.141269896875 0.0120640140625 0 0.7119412453125 0 0.748943384375 0.8614048437499999 0.9228183390625 1 0.23618265 1 0.18539770625000002