3 0.0200859078125 0.5094635046875 0.023209698437500002 0.5598334828125 0.27370570625 0.5227137703125 0.270583565625 0.4723434484375 0.0200859078125 0.5094635046875
3 0.24877560937499998 0.5165334953125 0.1749098890625 0.5990830203125 0.19715265937499998 0.6185350484375001 0.2710181796875 0.5359839015625 0.24877560937499998 0.5165334953125
3 0.133506265625 0.35781831249999996 0.10239918750000002 0.4081873234375 0.2829713203125 0.509244128125 0.31407675 0.4588754625 0.133506265625 0.35781831249999996
3 0.295758421875 0.3193223703125 0.243012234375 0.40674684375 0.3430018765625 0.46113100781250005 0.3957466140625 0.3737085046875 0.295758421875 0.3193223703125
3 0.2494282890625 0.6060037703125001 0.1897879078125 0.67583991875 0.19921189374999998 0.6836331875 0.258852478125 0.613798665625 0.2494282890625 0.6060037703125001
3 0.2515485546875 0.6008154671875 0.260601790625 0.679643746875 0.3017005046875 0.671433134375 0.2926472703125 0.5926048515625 0.2515485546875 0.6008154671875
3 0.3387559140625 0.542389446875 0.288882053125 0.6472951796874999 0.33372944531250004 0.6654277937499999 0.3836018546875 0.560524034375 0.3387559140625 0.542389446875
3 0.382693796875 0.5388443656249999 0.377939925 0.6180394859375 0.417593784375 0.61695704375 0.4223476546875 0.5377619265625 0.382693796875 0.5388443656249999
3 0.3909082828125 0.5924063359375 0.3758948296875 0.6411477750000001 0.38110911718749996 0.6423293796875 0.39612256874999996 0.593587940625 0.3909082828125 0.5924063359375
3 0.458073071875 0.5603704281249999 0.42990003750000005 0.5858507953125 0.4815276234375 0.6439506265625 0.5097023078125 0.6184699140625 0.458073071875 0.5603704281249999
3 0.5443014765624999 0.5185407765625001 0.54298493125 0.5408912078125 0.7813635718749999 0.5341244515625 0.7826817687500001 0.5117736749999999 0.5443014765624999 0.5185407765625001
3 0.5258457296875 0.56269623125 0.5196265515625 0.5764904546875 0.5581859796875001 0.591064646875 0.5644049546875001 0.577268796875 0.5258457296875 0.56269623125
3 0.5031523250000001 0.4433470953125 0.49568400781250005 0.4873123234375 0.662211003125 0.5012601453125 0.6696793203125 0.457294915625 0.5031523250000001 0.4433470953125
3 0.61296496875 0.3808498796875 0.5207238734375 0.42693819218750007 0.5303105546875 0.4491293640625 0.6225514484375 0.40303942812500004 0.61296496875 0.3808498796875
3 0.6437939578125 0.3061661765625 0.5337940718749999 0.40997225000000004 0.5522781953125 0.4297440703125 0.6622780796875001 0.32593799375 0.6437939578125 0.3061661765625
3 0.5107917843750001 0.286475253125 0.3541113 0.4059340546875 0.40368182656249996 0.4743470328125 0.5603606625 0.354888571875 0.5107917843750001 0.286475253125
3 0.5234618515625 0.3831192484375 0.47027933125 0.4595334203125 0.49593842187500004 0.4761374265625 0.5491209421875001 0.39972325625 0.5234618515625 0.3831192484375
3 0.49453833124999996 0.48448029375 0.46137675624999996 0.528938884375 0.5113647390625 0.5640963218749999 0.5445246640625 0.5196380796875 0.49453833124999996 0.48448029375
3 0.2986592296875 0.56393341875 0.25050525 0.5869337515625 0.259873740625 0.6098876921875 0.308027925 0.5868889828125 0.2986592296875 0.56393341875
3 0.250846525 0.47806729375 0.2644528578125 0.5871912265625 0.5161431015625 0.534509059375 0.5025367703125 0.425385128125 0.250846525 0.47806729375
3 0.429036721875 0.4113654390625 0.430774346875 0.44810557187500005 0.4981594359375 0.4390923390625 0.496423459375 0.40235186250000005 0.429036721875 0.4113654390625
0 0 0.3415546390625 0.062935925 0.8463060984374999 0.8782076609375 0.675658715625 0.8087986109375 0.1189922484375 0 0.28828472031249996 0 0.3415546390625