3 0.5746807656249999 1 0.591026846875 0.7945111921875 0.53304144375 0.7859019 0.51601060625 1 0.5746807656249999 1
3 0.518045596875 0.78765465 0.429325546875 0.8640216781250001 0.4533994 0.89144500625 0.542117571875 0.8150775843750001 0.518045596875 0.78765465
3 0.6029887796875 0.7460341015624999 0.547740340625 0.7766336890625001 0.6780037437499999 0.9935816671875 0.7332524453125 0.9629802203125 0.6029887796875 0.7460341015624999
3 0.6940835125 0.6609883203125 0.598092053125 0.7126741328125 0.6684187359375 0.8326491078125 0.7644123375 0.7809618359375 0.6940835125 0.6609883203125
3 0.42982420625 0.7938159171875 0.354543634375 0.85515844375 0.3642295578125 0.8667325734375 0.439512009375 0.8053904421875 0.42982420625 0.7938159171875
3 0.4514166890625 0.7572205578125 0.3603380125 0.7389736265625 0.354210890625 0.7852330734375 0.4452895640625 0.803480003125 0.4514166890625 0.7572205578125
3 0.48092063281249997 0.6562347140625 0.36466213281250004 0.7028835390625 0.3890299296875 0.7560693078125 0.5052905765625 0.7094190203124999 0.48092063281249997 0.6562347140625
3 0.503915115625 0.614124525 0.413519259375 0.6116573937500001 0.4154472 0.65697393125 0.5058430546875 0.6594410609375 0.503915115625 0.614124525
3 0.44202132499999996 0.638588259375 0.38735218125 0.650916584375 0.389123234375 0.6570077703125 0.44379237812500005 0.6446794421875001 0.44202132499999996 0.638588259375
3 0.40442494375000004 0.5059931453125001 0.377469603125 0.535722175 0.44819076718749995 0.6006682109375 0.475145846875 0.5709410390625 0.40442494375000004 0.5059931453125001
3 0.504909965625 0.2039475671875 0.4793961953125 0.20322440937500003 0.49068833749999996 0.475618225 0.5162018421875 0.47634323749999996 0.504909965625 0.2039475671875
3 0.44727966406249997 0.44744625156250006 0.4319634109375 0.45319185468749995 0.45174998281249995 0.49881902968749997 0.46706435625 0.4930730328125 0.44727966406249997 0.44744625156250006
3 0.57638490625 0.3388385578125 0.526587471875 0.343000925 0.5558817296874999 0.5351562249999999 0.6056791625 0.5309938562500001 0.57638490625 0.3388385578125
3 0.6423400125 0.3982459296875 0.59688119375 0.49930554687499995 0.6230834109375001 0.5125046265625001 0.6685403484375 0.4114446140625 0.6423400125 0.3982459296875
3 0.7275414125 0.3604415140625 0.6173457828125 0.476077846875 0.6414858437500001 0.49922748281249996 0.751681475 0.3835911453125 0.7275414125 0.3604415140625
3 0.70250145625 0.47429837187499996 0.57809464375 0.64184293125 0.66047265625 0.705462990625 0.7848797328125 0.5379165765625 0.70250145625 0.47429837187499996
3 0.6520087984375 0.4826941265625 0.568670390625 0.535981334375 0.5897527499999999 0.56703359375 0.673091159375 0.5137463859375 0.6520087984375 0.4826941265625
3 0.51492625 0.47597793125 0.46661667968750004 0.509521553125 0.510909596875 0.570297075 0.5592194296875 0.5367515968750001 0.51492625 0.47597793125
3 0.4567393421875 0.7401726609375 0.43422547187499994 0.793036796875 0.46128455625000003 0.80606214375 0.48380030781250005 0.7531984015625001 0.4567393421875 0.7401726609375
3 0.6263168765625 0.533493675 0.500148621875 0.507004025 0.45987490312499996 0.7900590125 0.586043159375 0.8165486625 0.6263168765625 0.533493675
3 0.6532067703125 0.5427980390625 0.61095505625 0.5371384796875 0.606008446875 0.6134295671875 0.6482598984375 0.619090984375 0.6532067703125 0.5427980390625
0 0.84110335 1 0.953040409375 0.21327494374999997 0.3094269140625 0.0781451 0.1789728171875 0.9950131046875 0.2027250296875 1 0.84110335 1