3 0.2751200453125 0.519446809375 0.27201741875 0.46939130156250003 0.0230853703125 0.5062793578125 0.0261896375 0.5563345234375 0.2751200453125 0.519446809375
3 0.19904545468749998 0.6146692046875 0.27244931562499997 0.5326340015625 0.25034576249999996 0.5133051609375 0.1769417015625 0.5953387515624999 0.19904545468749998 0.6146692046875
3 0.28432775 0.5060613515625 0.3152387703125 0.45600749062499996 0.13579685156250001 0.3555819484375 0.1048841921875 0.405636153125 0.28432775 0.5060613515625
3 0.3439831140625 0.45824893906249997 0.3963981984375 0.3713728265625 0.29703493124999997 0.31732660625000003 0.2446184078125 0.4042046765625 0.3439831140625 0.45824893906249997
3 0.20109181875 0.6793604796875 0.26035965 0.6099624234375 0.2509943625 0.6022162468750001 0.1917267328125 0.6716159187499999 0.20109181875 0.6793604796875
3 0.3029398765625 0.6672366765625 0.293943225 0.588901071875 0.2531013765625 0.5970603703124999 0.2620980296875 0.6753959734375 0.3029398765625 0.6672366765625
3 0.3347686359375 0.6612688703125 0.38432934375 0.5570207593750001 0.3397636890625 0.5389995125 0.290201540625 0.643249584375 0.3347686359375 0.6612688703125
3 0.4181088234375 0.6131010625 0.42283298125 0.5344009140625 0.3834269609375 0.5354765890625 0.3787028 0.6141767390624999 0.4181088234375 0.6131010625
3 0.38185218593750003 0.6383148203125 0.396771803125 0.589878015625 0.39159010625 0.588703796875 0.3766704875 0.6371406015625001 0.38185218593750003 0.6383148203125
3 0.48164307656250005 0.639925934375 0.5096416687499999 0.6146044765625 0.458335115625 0.5568681125 0.4303381625 0.5821892281250001 0.48164307656250005 0.639925934375
3 0.77960505 0.5307861734375 0.7809150078125 0.5085750890625 0.5440245921875 0.515299896875 0.542716275 0.5375106374999999 0.77960505 0.5307861734375
3 0.5578223171875 0.5873704921875 0.5640024234375 0.5736608671875 0.52568419375 0.5591793796875 0.5195038859375 0.5728873890624999 0.5578223171875 0.5873704921875
3 0.661197184375 0.49812726874999996 0.668618825 0.454436821875 0.5031326234375 0.4405761765625 0.4957109828125 0.48426662187499997 0.661197184375 0.49812726874999996
3 0.5301211140625 0.44632230625 0.6217855015625 0.40052043125000003 0.6122589374999999 0.37846956718749997 0.52059435 0.424269828125 0.5301211140625 0.44632230625
3 0.5519514562500001 0.4270581703125 0.6612638421875 0.32390088125 0.6428952453125001 0.3042526375 0.5335828593749999 0.4074099234375 0.5519514562500001 0.4270581703125
3 0.40428381562500004 0.4713823640625 0.5599834078125 0.35267051875 0.5107243359375 0.2846847828125 0.3550231046875 0.4033969671875 0.40428381562500004 0.4713823640625
3 0.49596380624999997 0.47316156718749997 0.5488139359375 0.3972249859375 0.523315215625 0.380724753125 0.47046508593749997 0.4566613359375 0.49596380624999997 0.47316156718749997
3 0.5112937093750001 0.5605707203125 0.544246384375 0.5163903421875 0.49457246718750003 0.48145229218749996 0.46161815156249997 0.525633015625 0.5112937093750001 0.5605707203125
3 0.26137452968749997 0.60607589375 0.30922774999999997 0.5832209265625 0.299917609375 0.560408834375 0.2520645921875 0.583265415625 0.26137452968749997 0.60607589375
3 0.5160422078125 0.5311683781250001 0.502520915625 0.4227264703125 0.25240373437499997 0.47507937343749995 0.26592502812499996 0.58352128125 0.5160422078125 0.5311683781250001
3 0.49817093906250004 0.4363480125 0.4964458125 0.3998371640625 0.42948024218749997 0.4087944046875 0.4312070078125 0.4453049125 0.49817093906250004 0.4363480125
0 0 0.31435715625 0.065667575 0.8410166859375 0.8758438625 0.6714358484375 0.8068686203125001 0.118248546875 0 0.2871370453125 0 0.31435715625