3 0.47827626562500003 0 0.46342472968750004 0.186700690625 0.5210074546875 0.195250196875 0.536539 0 0.47827626562500003 0
3 0.535899165625 0.19350961875 0.624003103125 0.11767291718749999 0.600096428125 0.090440028125 0.51199435625 0.166277121875 0.535899165625 0.19350961875
3 0.3572149703125 0 0.3221868078125 0.0194015875 0.45154586406249997 0.2348411359375 0.506410634375 0.20445404531250003 0.383649040625 0 0.3572149703125 0
3 0.361083734375 0.319296321875 0.4564085875 0.2679694375 0.3865702828125 0.148827621875 0.291243303125 0.20015595468749997 0.361083734375 0.319296321875
3 0.62350790625 0.1873911375 0.698265696875 0.1264746 0.6886470359375 0.11498084687500001 0.6138873796875 0.175896990625 0.62350790625 0.1873911375
3 0.602065371875 0.2237323625 0.6925115578125001 0.2418525796875 0.6985961296875 0.195914378125 0.608149946875 0.1777941625 0.602065371875 0.2237323625
3 0.572766315625 0.3240169171875 0.688217465625 0.2776920421875 0.6640188890625 0.22487561875 0.5485656078125001 0.27120194375 0.572766315625 0.3240169171875
3 0.5499315171875 0.3658346734375 0.639699625 0.368284671875 0.6377850734375 0.32328283125 0.5480169671875 0.320832834375 0.5499315171875 0.3658346734375
3 0.6113954890625 0.3415408265625 0.6656849859375 0.3292981140625 0.6639262328125 0.323249228125 0.6096367359375 0.3354919421875 0.6113954890625 0.3415408265625
3 0.648730784375 0.473215140625 0.6754989359375 0.4436925625 0.605268890625 0.379197540625 0.5785009999999999 0.408718275 0.648730784375 0.473215140625
3 0.5489435765625 0.7731631812499999 0.5742801671875 0.773881315625 0.5630664421875 0.5033791234375 0.5377301140624999 0.5026591453125 0.5489435765625 0.7731631812499999
3 0.6061736671875 0.5313554578125 0.6213835578125 0.5256497546875 0.6017343921875 0.4803394359375 0.58652636875 0.48604552968750003 0.6061736671875 0.5313554578125
3 0.47796498906249996 0.6392089328125 0.5274166078125 0.6350754703125 0.49832578281249995 0.44425458124999995 0.44887416562500004 0.4483880453125 0.47796498906249996 0.6392089328125
3 0.41246790468750005 0.5802141109375001 0.45761103593749997 0.479856296875 0.4315907796875 0.46674887812500004 0.38644951562499996 0.567107084375 0.41246790468750005 0.5802141109375001
3 0.32785818125 0.6177559968749999 0.43728856250000003 0.50292269375 0.413316140625 0.47993381875 0.30388575625 0.5947671265625 0.32785818125 0.6177559968749999
3 0.3527242484375 0.5046898109375 0.476267125 0.3383087546875 0.39446118281250003 0.27513050156249996 0.27091804375 0.4415134 0.3527242484375 0.5046898109375
3 0.4028662625 0.49635236093749996 0.4856259328125 0.44343520312500007 0.464689978125 0.41259858281249995 0.3819303078125 0.465515740625 0.4028662625 0.49635236093749996
3 0.5389968484375001 0.503021915625 0.5869709359375 0.46971123593749997 0.542985609375 0.409357765625 0.49501126093750003 0.442670290625 0.5389968484375001 0.503021915625
3 0.5967796812499999 0.240661871875 0.6191372046875 0.18816484687499999 0.59226603125 0.1752299546875 0.5699066390625 0.2277265875 0.5967796812499999 0.240661871875
3 0.42837976875 0.4459055875 0.5536718546875 0.47221128125 0.59366589375 0.191121953125 0.4683738078125 0.164816259375 0.42837976875 0.4459055875
3 0.40167660937500005 0.4366658375 0.44363490937499994 0.44228609375000005 0.4485471671875 0.36652480625 0.406589128125 0.360902703125 0.40167660937500005 0.4366658375
0 0.21261468906249997 0 0.10392515 0.7639005765625 0.74306910625 0.8980920187500001 0.8708517140625001 0 0.21261468906249997 0