3 0.5294153328125 1 0.565852503125 0.75411066875 0.511184371875 0.750722134375 0.4742451703125 1 0.5294153328125 1
3 0.496781978125 0.7536389734375 0.40718721718750006 0.8338070125 0.42829897499999997 0.8579476296875 0.5178919750000001 0.777779371875 0.496781978125 0.7536389734375
3 0.580469634375 0.7069064625 0.5258033015625 0.7406659390625 0.6354827000000001 0.9366452515624999 0.6901494078125 0.902883984375 0.580469634375 0.7069064625
3 0.672903396875 0.6182681796875 0.5780216359375 0.675513321875 0.6370460875 0.784034503125 0.7319299859374999 0.7267877890625 0.672903396875 0.6182681796875
3 0.412327728125 0.766842703125 0.3365346296875 0.8315720750000001 0.344992853125 0.8418001546875 0.4207877171875 0.777071003125 0.412327728125 0.766842703125
3 0.4353298875 0.7301643953125 0.34977564375000003 0.7203387015625 0.340864465625 0.7649441312499999 0.4264187078125 0.774769828125 0.4353298875 0.7301643953125
3 0.47014797656249996 0.63144918125 0.356293384375 0.685576915625 0.37597315 0.7342508765625 0.489829884375 0.68012156875 0.47014797656249996 0.63144918125
3 0.49485224375000003 0.5893974265625 0.4088998640625 0.594556915625 0.40772506249999996 0.6375942109375 0.4936774453125 0.63243471875 0.49485224375000003 0.5893974265625
3 0.43426291875 0.617860146875 0.381362653125 0.634154609375 0.3826450765625 0.6398138015625 0.43554534062499994 0.6235193375 0.43426291875 0.617860146875
3 0.407257909375 0.494589303125 0.379603075 0.5251679703125001 0.442660228125 0.5812006421875 0.47031468906249996 0.5506237640625 0.407257909375 0.494589303125
3 0.5230579234375 0.19831807968749998 0.498800084375 0.1997487515625 0.491455959375 0.45846686718749996 0.5157134234375 0.4570379875 0.5230579234375 0.19831807968749998
3 0.4519744796875 0.435219196875 0.4370015109375 0.4419688 0.452819234375 0.48381828125000004 0.46779043906249995 0.47706845781249996 0.4519744796875 0.435219196875
3 0.582185040625 0.320962375 0.5344685124999999 0.329067921875 0.5496064203125 0.5098037046874999 0.597322946875 0.501698159375 0.582185040625 0.320962375
3 0.6410698359375 0.372111396875 0.5910473109375001 0.4722226734375 0.6151319281250001 0.48262733124999996 0.665152690625 0.3825158359375 0.6410698359375 0.372111396875
3 0.724749890625 0.328995121875 0.6120866406250001 0.44838066249999997 0.6335454765625 0.468441928125 0.7462087234375 0.3490563875 0.724749890625 0.328995121875
3 0.6933291265625 0.43960856562500006 0.5636779640625 0.6096559015625 0.6379282265625 0.6634559953125 0.767579759375 0.49340686875 0.6933291265625 0.43960856562500006
3 0.6446689578125 0.4518073046875 0.5617348078125 0.509527584375 0.5797555375 0.537376015625 0.6626896890625 0.4796557375 0.6446689578125 0.4518073046875
3 0.51452249375 0.45679575781250004 0.4662708859375 0.49278502656249995 0.50442810625 0.547038196875 0.552680090625 0.5110471343749999 0.51452249375 0.45679575781250004
3 0.441533459375 0.7134714 0.416572403125 0.7657343015625 0.4414848703125 0.7759021515625 0.4664476890625 0.7236394703125 0.441533459375 0.7134714
3 0.61681750625 0.5023662359375 0.498382659375 0.48759895468750003 0.44120542656249995 0.760764475 0.559640275 0.7755317578125 0.61681750625 0.5023662359375
3 0.6418160671875001 0.5090011609375 0.6019407375 0.5071170625 0.5921584578125 0.5802517328125 0.6320334140625 0.58213761875 0.6418160671875001 0.5090011609375
0 0.775617228125 1 0.9493531234375 0.1699728375 0.3451895171875 0.09464151562499999 0.1599817765625 0.9794756859374999 0.32458851875 1 0.775617228125 1