3 1 0.5312115546875 0.9930472625 0.48439370000000004 0.7398998234375 0.504530790625 0.747594378125 0.55635524375 1 0.53627705625 1 0.5312115546875
3 0.809719375 0.4118347078125 0.74146634375 0.49112825156250006 0.765975590625 0.5126425796875 0.834228975 0.4333507140625 0.809719375 0.4118347078125
3 0.731616359375 0.5176679296875 0.7042679781250001 0.567046221875 0.8981635718750001 0.6834693734374999 0.925513615625 0.6340908453125 0.731616359375 0.5176679296875
3 0.67445250625 0.562669771875 0.6282583109375001 0.6484621390624999 0.735484640625 0.7113185265624999 0.781680140625 0.6255242453125 0.67445250625 0.562669771875
3 0.8017978593749999 0.3449983734375 0.7469729765625 0.412280384375 0.7573177078125 0.4209388578125 0.8121422375 0.3536551671875 0.8017978593749999 0.3449983734375
3 0.697957678125 0.3501770984375 0.7142658734375 0.431578665625 0.755610253125 0.42610254843749995 0.739302059375 0.3447009828125 0.697957678125 0.3501770984375
3 0.6657021624999999 0.35404178124999997 0.624009775 0.45794781562500003 0.67154325 0.479728453125 0.71323694375 0.3758205 0.6657021624999999 0.35404178124999997
3 0.5841687953125 0.3977078375 0.58637379375 0.47849913437499997 0.6268754484375 0.48022222968749995 0.6246704515625 0.399430934375 0.5841687953125 0.3977078375
3 0.619256696875 0.3743210125 0.60823825625 0.423181559375 0.6136822515625 0.42476443750000004 0.6247006953125 0.37590389062499996 0.619256696875 0.3743210125
3 0.51630169375 0.3654884578125 0.48973137343750006 0.38957979374999996 0.547778553125 0.45278660000000004 0.5743472140625 0.4286954984375 0.51630169375 0.3654884578125
3 0.219131815625 0.45658535 0.2197781375 0.47938828125 0.46323176874999994 0.489480396875 0.46258378906250003 0.4666777015625 0.219131815625 0.45658535
3 0.44254022031250007 0.41419229843750005 0.4374050875 0.4278812 0.4781840234375 0.44556376875000003 0.4833195078125 0.431876546875 0.44254022031250007 0.41419229843750005
3 0.3440570765625 0.498762553125 0.3403369609375 0.543269009375 0.5120757593749999 0.5694507515625 0.5157958765624999 0.5249442953125001 0.3440570765625 0.498762553125
3 0.4837543328125 0.5615875671875 0.3934323 0.6022163859375 0.4052286234375 0.6256329359375 0.495551009375 0.5850057984375 0.4837543328125 0.5615875671875
3 0.462994575 0.5798777937499999 0.359644603125 0.6783651374999999 0.38033458593749997 0.69994031875 0.48368456249999997 0.6014529734375 0.462994575 0.5798777937499999
3 0.6111471203125001 0.5447970875 0.46140417031250003 0.6559856765625 0.518262940625 0.7296112609375001 0.6680075484375 0.6184224359375 0.6111471203125001 0.5447970875
3 0.5165333171875 0.5363741609375 0.46890787500000003 0.6108578640625 0.4966608328125 0.6297002234375 0.5442862749999999 0.5552165203125 0.5165333171875 0.5363741609375
3 0.4928848875 0.4451636578125 0.46290527656249997 0.48834033593750004 0.5172217390625 0.527927365625 0.5472030109375 0.4847504515625 0.4928848875 0.4451636578125
3 0.7462766375000001 0.41621401562499993 0.699029315625 0.4363357875 0.710671071875 0.460521525 0.757918040625 0.44039807187499996 0.7462766375000001 0.41621401562499993
3 0.49063484687500003 0.47513283125 0.514309971875 0.5878957078125 0.7672903671875 0.5519010734375 0.7436152421875 0.43913819531250003 0.49063484687500003 0.47513283125
3 0.5175675156249999 0.57416608125 0.522625746875 0.6119285515625 0.5908125671875 0.607507284375 0.585752675 0.5697450500000001 0.5175675156249999 0.57416608125
0 1 0.53676168125 0.9267929625000001 0.1880819546875 0.1073421828125 0.30467530468750004 0.22811448125 0.8799048656249999 1 0.770079209375 1 0.53676168125