3 0.5893671328125001 0.5426625875 0.5727167828125 0.5468916078125 0.5810017484375 0.5795122375 0.5976520984375 0.5752849656250001 0.5893671328125001 0.5426625875
3 0.55550699375 0.5321241265625 0.5374195796875 0.547627621875 0.5767552453125 0.59351923125 0.5948426578125 0.578015734375 0.55550699375 0.5321241265625
3 0.519284965625 0.548110140625 0.5110069937499999 0.5535367140624999 0.5339195796875 0.58849300625 0.5421975531250001 0.5830664328124999 0.519284965625 0.548110140625
3 0.4945507 0.562253496875 0.4911958046875 0.5785629375 0.4987674828125 0.58011888125 0.5021223781249999 0.5638111890624999 0.4945507 0.562253496875
3 0.4454895109375 0.5181730765625 0.41190034999999997 0.563265734375 0.4196241265625 0.5690174828125001 0.45321328593750004 0.523924825 0.4454895109375 0.5181730765625
3 0.6662762234375 0.4126730765625 0.6521573421875 0.4775332171875 0.6779615390625 0.48315035 0.6920804203124999 0.418290209375 0.6662762234375 0.4126730765625
3 0.65095629375 0.49109440624999995 0.6377010484375 0.4997517484375 0.6610541953125 0.5355139859375 0.6743111890625 0.52685664375 0.65095629375 0.49109440624999995
3 0.6403374125 0.2323513984375 0.6040262234375 0.25813111875 0.6329300703125 0.29884265781249997 0.669241259375 0.2730629375 0.6403374125 0.2323513984375
3 0.637924825 0.32397377656250004 0.6266888109375001 0.365833915625 0.645666084375 0.3709265734375 0.6569020984375 0.32906643281250003 0.637924825 0.32397377656250004
3 0.6104335671875 0.23345629375 0.560583915625 0.259627621875 0.5659125875 0.269777971875 0.6157622375 0.24360664375000002 0.6104335671875 0.23345629375
3 0.480678321875 0.23538111874999998 0.4648479015625 0.248428321875 0.49325 0.2828881125 0.5090804203125 0.269840909375 0.480678321875 0.23538111874999998
3 0.42367832187500004 0.44873776249999997 0.4174125875 0.45455594374999997 0.42952097968749997 0.46759615312499997 0.4357867140625 0.46177797187499997 0.42367832187500004 0.44873776249999997
3 0.6091451046875 0.23212937031249997 0.3936958046875 0.30880944062500004 0.48508216718749997 0.565578671875 0.70053146875 0.4888986015625 0.6091451046875 0.23212937031249997
0 0.5389615390625 0.0316870625 0.12919055937499999 0.4950629375 0.5133618875 0.8347902093749999 0.92313111875 0.3714143359375 0.5389615390625 0.0316870625