3 0.40972054062499996 0.5185732203125 0.4269851546875 0.5213731593750001 0.4314886609375 0.4876740609375 0.41422384062499995 0.48487235625 0.40972054062499996 0.5185732203125
3 0.41287108906250003 0.5210845484375 0.43291008125 0.5351532359375 0.467119896875 0.4852970265625 0.4470809078125 0.471228340625 0.41287108906250003 0.5210845484375
3 0.466479671875 0.5215341171875 0.47545438593749995 0.52628633125 0.49441312656249997 0.48893347656249997 0.4854384140625 0.4841812609375 0.466479671875 0.5215341171875
3 0.504569346875 0.4985313640625 0.5098672140625 0.5147153734375001 0.517308825 0.5124734656250001 0.512010753125 0.49628769375 0.504569346875 0.4985313640625
3 0.5491265249999999 0.4538976375 0.588258634375 0.496498665625 0.5953595515625 0.4900030125 0.5562274421875 0.4474019828125 0.5491265249999999 0.4538976375
3 0.2961516859375 0.368262559375 0.318003728125 0.4325622 0.3433276390625 0.42460398125000004 0.3214755984375 0.36030434218749996 0.2961516859375 0.368262559375
3 0.326824003125 0.47640924531250006 0.3411929078125 0.4839862640625 0.36050043593750003 0.44577996249999996 0.3461332921875 0.43820279375000004 0.326824003125 0.47640924531250006
3 0.3020573203125 0.219475796875 0.3416573546875 0.2423184015625 0.3659719421875 0.1986195421875 0.32637190625 0.1757769359375 0.3020573203125 0.219475796875
3 0.32107471875 0.27498222499999997 0.337316528125 0.3162928421875 0.355827396875 0.30946827187500003 0.3395855859375 0.2681576546875 0.32107471875 0.27498222499999997
3 0.3524441015625 0.18497868906249998 0.405723584375 0.20702003593749999 0.409894884375 0.1962909 0.3566154 0.17424955625 0.3524441015625 0.18497868906249998
3 0.462961503125 0.202058740625 0.4804385671875 0.2138446390625 0.5049837390625 0.17650818906250001 0.48750667343750004 0.1647222921875 0.462961503125 0.202058740625
3 0.559360403125 0.389550921875 0.56635486875 0.3948768125 0.577013265625 0.380627728125 0.5700187984375 0.3753018375 0.559360403125 0.389550921875
3 0.2959521875 0.4403669640625 0.5219370328124999 0.49881095625 0.58374155625 0.2312386328125 0.35775671249999996 0.1727946390625 0.2959521875 0.4403669640625
0 0.3717618734375 0 0.0579641203125 0.34131825625 0.5251459625 0.7733778734375 0.872023246875 0.39608072031249997 0.4437432671875 0 0.3717618734375 0