3 0.5466424562500001 0.552508578125 0.563562925 0.5497644515625 0.5591493921875 0.516735365625 0.5422287203125 0.519481221875 0.5466424562500001 0.552508578125
3 0.540835634375 0.56601396875 0.560475178125 0.5522257203125001 0.5269472828125 0.5033633234375 0.5073077421875001 0.517151571875 0.540835634375 0.56601396875
3 0.4991393890625 0.5573238125 0.50793520625 0.5526663265625 0.489354378125 0.516058046875 0.4805585625 0.5207155328125 0.4991393890625 0.5573238125
3 0.46541253125 0.5459835046875 0.4706047921875 0.5301221015625 0.4633117203125 0.5279231546875 0.4581192578125 0.5437862875 0.46541253125 0.5459835046875
3 0.38858373125 0.528129921875 0.42693579687499994 0.4863780828125 0.4199764265625 0.4800119109375 0.38162436093749996 0.5217637484375001 0.38858373125 0.528129921875
3 0.6534514953125 0.4654679375 0.6748679484375 0.4024500171875 0.6500488328125 0.3946504359375 0.6286323796875 0.457668353125 0.6534514953125 0.4654679375
3 0.6307245578125 0.5158669375 0.644807040625 0.5084409546875001 0.6258826546875 0.47099609375 0.6118018984375 0.478422221875 0.6307245578125 0.5158669375
3 0.6302693703125 0.2790163734375 0.6690800343750001 0.256629103125 0.645250125 0.213801315625 0.6064394578125001 0.2361885875 0.6302693703125 0.2790163734375
3 0.6345236671875 0.351516240625 0.6504417203124999 0.311029090625 0.632299840625 0.30434055781249997 0.6163817875000001 0.3448277078125 0.6345236671875 0.351516240625
3 0.5674802078125001 0.2444216296875 0.619697640625 0.22281964687500003 0.6156094921874999 0.21230438281250003 0.56339205625 0.2339063640625 0.5674802078125001 0.2444216296875
3 0.494254559375 0.25111019375 0.51138324375 0.23955923124999998 0.487327346875 0.2029670296875 0.4701986609375 0.21451799375 0.494254559375 0.25111019375
3 0.41005087500000004 0.42853375312499997 0.41690591718750003 0.4233140265625 0.40645998125 0.40934897656249997 0.3996049390625 0.41456870468749996 0.41005087500000004 0.42853375312499997
3 0.4535833078125 0.5303961203124999 0.6750634703125 0.473117125 0.6144909296875001 0.2108784671875 0.3930107671875 0.2681574640625 0.4535833078125 0.5303961203124999
0 0.45043834218749995 0.7994899421875 0.9083075890625001 0.376042809375 0.5683465265625001 0.0062666828125 0.1104755546875 0.42971366250000004 0.45043834218749995 0.7994899421875