3 0.5685709453125 0.41077364843749997 0.584658784375 0.41485979687499996 0.5926638515625 0.38333952656250003 0.5765760140625 0.3792550671875 0.5685709453125 0.41077364843749997
3 0.534466215625 0.4100625 0.5519425671875 0.42504222968749994 0.589949325 0.3807010140625 0.5724729734375 0.365721284375 0.534466215625 0.4100625
3 0.5089459453125 0.40435304062500005 0.51694425625 0.40959628437499995 0.5390827703125 0.3758209453125 0.5310844593749999 0.370577703125 0.5089459453125 0.40435304062500005
3 0.48980405468750005 0.380172296875 0.4930456078125 0.39593074375000004 0.5003614859375001 0.39442567500000003 0.49711993281250005 0.37866891874999997 0.48980405468750005 0.380172296875
3 0.4131875 0.394952703125 0.44564189218749994 0.43852195937499994 0.45310472968750004 0.43296452656250006 0.42065033749999997 0.3893952703125 0.4131875 0.394952703125
3 0.645327703125 0.47778885156250006 0.6589695953125 0.5404577703125 0.6839020265625 0.5350304046875001 0.670260134375 0.4723614859375 0.645327703125 0.47778885156250006
3 0.631359796875 0.4563209453125 0.6441672296875 0.46468581093749994 0.6667331078125 0.43013175625000005 0.6539239859375 0.4217668921875 0.631359796875 0.4563209453125
3 0.598822634375 0.6897787156249999 0.6339070953125 0.7146874999999999 0.661834459375 0.6753513515625 0.62675 0.6504425671875 0.598822634375 0.6897787156249999
3 0.6207195953125 0.5857145265625 0.6315760140625 0.6261604734375 0.6499121625 0.621239865625 0.63905574375 0.58079391875 0.6207195953125 0.5857145265625
3 0.5568479734375 0.6883327703125001 0.6050135140624999 0.7136199328124999 0.6101621625 0.7038125 0.561996621875 0.6785253375 0.5568479734375 0.6883327703125001
3 0.46434628437500003 0.699153715625 0.47964189218750003 0.711760134375 0.507084459375 0.6784645265625 0.4917888515625 0.6658581078125 0.46434628437500003 0.699153715625
3 0.41851351406250004 0.49998986562500003 0.42456756718750005 0.5056114859374999 0.4362668921875 0.49301182499999996 0.43021283749999994 0.48739020312500003 0.41851351406250004 0.49998986562500003
3 0.39559797343750003 0.6408125 0.60376858125 0.7149020265625 0.6920675671875001 0.4668074328125 0.483896959375 0.3927179046875 0.39559797343750003 0.6408125
0 0.14002871562500002 0.4608513515625 0.5359560812499999 0.908572634375 0.9071469593750001 0.580322634375 0.511221284375 0.1326013515625 0.14002871562500002 0.4608513515625