3 0.5691638765625 0.4485028125 0.5532480609375 0.44592161875 0.549096390625 0.476987975 0.565012396875 0.47957079687500004 0.5691638765625 0.4485028125
3 0.5662594640624999 0.44618768124999997 0.54778601875 0.4332181109375 0.5162488453125 0.479179303125 0.5347222875 0.4921488734375 0.5662594640624999 0.44618768124999997
3 0.516839053125 0.4457732359375 0.5085654875000001 0.4413922890625 0.49108789843749995 0.4758269515625 0.4993614625 0.4802079 0.516839053125 0.4457732359375
3 0.48172513281249996 0.46697889843749996 0.47684116249999997 0.452059265625 0.4699809265625 0.45412602343749997 0.4748650875 0.4690472828125 0.48172513281249996 0.46697889843749996
3 0.440648984375 0.508125615625 0.40457407187500005 0.4688527921875 0.3980279140625 0.4748409734375 0.4341028265625 0.514113796875 0.440648984375 0.508125615625
3 0.6738601640625 0.5870704531250001 0.6537153124999999 0.527794221875 0.6303698328125 0.5351307046875 0.6505146828124999 0.594406934375 0.6738601640625 0.5870704531250001
3 0.645584121875 0.48737272656249997 0.6323377875 0.4803876625 0.6145386609375 0.515609096875 0.627783371875 0.5225943 0.645584121875 0.48737272656249997
3 0.6684159078125 0.7242332499999999 0.6319096265625 0.7031752234375 0.609494615625 0.743460109375 0.6460008984375001 0.7645181375 0.6684159078125 0.7242332499999999
3 0.65088424375 0.6730632609375 0.635911325 0.6349800359375 0.61884661875 0.6412714375 0.6338195375 0.6793546625 0.65088424375 0.6730632609375
3 0.6219655937499999 0.7560352703125 0.5728485703125 0.7357159046875 0.5690031531249999 0.7456068265625 0.6181201781250001 0.765926190625 0.6219655937499999 0.7560352703125
3 0.5200823640625 0.7402895984375 0.5039706953125 0.7294244734374999 0.481343115625 0.7638440125 0.4974547859375 0.7747091375 0.5200823640625 0.7402895984375
3 0.43121462812500005 0.56744524375 0.42476660468749994 0.5625354390624999 0.41494089531249995 0.5756713125 0.4213889203125 0.58058111875 0.43121462812500005 0.56744524375
3 0.6740440765625 0.5205992046875 0.46571429843749995 0.46672115 0.408738253125 0.7133893859375 0.61706803125 0.7672674421875 0.6740440765625 0.5205992046875
0 0.8934393265624999 0.6119097328125 0.462756065625 0.2136047734375 0.14297856874999998 0.5614255859374999 0.5736634515625 0.9597304015624999 0.8934393265624999 0.6119097328125