3 0.1984419578125 0.5575905078125001 0.094584040625 0.56812738125 0.0966470546875 0.609877203125 0.200504971875 0.59934033125 0.1984419578125 0.5575905078125001
3 0.2132526140625 0.612930871875 0.141525221875 0.639871534375 0.149658075 0.6645127890625 0.2213854640625 0.637572128125 0.2132526140625 0.612930871875
3 0.21218619843750003 0.6366461453125 0.176192196875 0.6788995515625 0.1903526625 0.6907371078125 0.226346665625 0.6484837031249999 0.21218619843750003 0.6366461453125
3 0.2762247625 0.6529343546875 0.2599332828125 0.72179525625 0.2864370265625 0.726733146875 0.30272665781249997 0.65787240625 0.2762247625 0.6529343546875
3 0.37563080000000004 0.6648242859375 0.3509259796875 0.7078751453125001 0.49975457968750003 0.78782238125 0.5244594 0.7447715171875 0.37563080000000004 0.6648242859375
3 0.53254053125 0.6097497578125 0.5201070453125001 0.6475037484375 0.5896718515625 0.6670915875000001 0.602105334375 0.6293375953125 0.53254053125 0.6097497578125
3 0.5113349359375 0.546190559375 0.5120275109375 0.5659508062499999 0.5756591421875 0.5604040984374999 0.574966565625 0.540643853125 0.5113349359375 0.546190559375
3 0.4932488390625 0.438241265625 0.47585933125 0.499030246875 0.5061327875 0.5062073 0.523522296875 0.44541831875 0.4932488390625 0.438241265625
3 0.4154959609375 0.4331753765625 0.396944771875 0.44450297812499995 0.4185234234375 0.481887678125 0.437074678125 0.470561921875 0.4154959609375 0.4331753765625
3 0.1818332234375 0.44294873125 0.17789905781249998 0.45100975625000006 0.22974919218749998 0.4741656390625 0.23368329375000002 0.46610276562499997 0.1818332234375 0.44294873125
3 0.294216634375 0.3772424734375 0.1483592765625 0.6096558875 0.4615722015625 0.7957682359375 0.60743134375 0.563352815625 0.294216634375 0.3772424734375
0 0 0.6893468171875 0.6682813046875 0.9592005718750001 0.8697035468750001 0.508671259375 0.128557965625 0.20939562343749998 0 0.4969489859375 0 0.6893468171875