3 0.1689615390625 0.5343916078125 0.2670979015625 0.5329895109375 0.2665332171875 0.493365384375 0.168396853125 0.4947674828125 0.1689615390625 0.5343916078125
3 0.217071678125 0.590389859375 0.28549650312499997 0.5708391609375 0.2786520984375 0.5468828671875 0.2102272734375 0.5664335671875 0.217071678125 0.590389859375
3 0.25452272656249997 0.618524475 0.2898076921875 0.581559440625 0.276865384375 0.56920629375 0.2415804203125 0.6061713281250001 0.25452272656249997 0.618524475
3 0.3438041953125 0.66045629375 0.3614143359375 0.5967237765625 0.33662412656249996 0.5898741265624999 0.3190122375 0.65360664375 0.3438041953125 0.66045629375
3 0.542639859375 0.735758740625 0.567321678125 0.697110140625 0.429828671875 0.6092989515625 0.40514685312500004 0.6479475531250001 0.542639859375 0.735758740625
3 0.6312867140625 0.6290734265625 0.6442395109375 0.5944195796875 0.5793863640625 0.5701783218750001 0.5664335671875 0.6048321671875 0.6312867140625 0.6290734265625
3 0.6216136359375 0.5270979015624999 0.6216136359375 0.5083671328125 0.5615174828125 0.5083671328125 0.5615174828125 0.5270979015624999 0.6216136359375 0.5270979015624999
3 0.5579388109375001 0.470153846875 0.57631818125 0.414139859375 0.5480507 0.4048636359375 0.529671328125 0.46087762187500003 0.5579388109375001 0.470153846875
3 0.47625174843750007 0.43995454531249995 0.49409265781249995 0.4307797203125 0.475008740625 0.393671328125 0.45716783281250006 0.4028479015625 0.47625174843750007 0.43995454531249995
3 0.29876398593750003 0.41710664375000006 0.302734265625 0.40981118906249997 0.254678321875 0.38365909062500003 0.2507080421875 0.390952796875 0.29876398593750003 0.41710664375000006
3 0.5064265734375 0.7401223781249999 0.65143181875 0.5325017484375001 0.3626625875 0.33082342656249997 0.217659090625 0.5384423078125 0.5064265734375 0.7401223781249999
0 0.6956625875 0.9115961531250001 0.9001818187499999 0.50243181875 0.2122237765625 0.158559440625 0.00770629375 0.5677237765625 0.6956625875 0.9115961531250001