3 0.7925375953125 0.5693947500000001 0.7056174265624999 0.5442074390625 0.695653315625 0.5792539953125 0.7825734843750001 0.6044413046875 0.7925375953125 0.5693947500000001
3 0.764892996875 0.5071274625 0.6993846453125 0.5059219828125 0.6990956875000001 0.5288615859375 0.7646040421875 0.5300670671875001 0.764892996875 0.5071274625
3 0.7392920796875 0.47226779218750004 0.6984129734375 0.4953205578125 0.7065656046875 0.5096837765625 0.7474447109375 0.4866310078125 0.7392920796875 0.47226779218750004
3 0.6716229968749999 0.41130305156249997 0.6392644203125 0.462687025 0.6593192484375 0.47539355937499994 0.69167936875 0.42401005625000004 0.6716229968749999 0.41130305156249997
3 0.516145140625 0.291454690625 0.48417280937499996 0.3188448421875 0.5822476453125 0.4331930953125 0.6142199796875001 0.4058029453125 0.516145140625 0.291454690625
3 0.4097957359375 0.3615387484375 0.3892224 0.3885688640625 0.44001818750000005 0.427377584375 0.4605915234375 0.40034747031249995 0.4097957359375 0.3615387484375
3 0.391401740625 0.453946659375 0.386456175 0.47044169062499996 0.43945712031250006 0.4866218671875 0.4444026859375 0.4701268359375 0.391401740625 0.453946659375
3 0.43252366562500005 0.5212374640624999 0.40152463125000004 0.565617096875 0.42400549375 0.5813967796874999 0.45500452812500003 0.5370171453125 0.43252366562500005 0.5212374640624999
3 0.4965927578125 0.5698253984375 0.47843575312500003 0.573101646875 0.48546865625 0.6109188328124999 0.5036261203125 0.6076410453125 0.4965927578125 0.5698253984375
3 0.6470929296875 0.6377326078125 0.64166515 0.6430883140625 0.67714235625 0.679057346875 0.682569675 0.673703178125 0.6470929296875 0.6377326078125
3 0.54923508125 0.2973619046875 0.3665308203125 0.44115963281250004 0.567956746875 0.696512971875 0.75065900625 0.5527163093749999 0.54923508125 0.2973619046875
0 0.42761602343750005 0.0954059828125 0.1392098125 0.400667378125 0.6551505234375 0.88871909375 0.9435551921875 0.5834572296875 0.42761602343750005 0.0954059828125