3 0.80682989375 0.46683921875 0.7064459390625 0.477621625 0.709623853125 0.5180129875 0.8100078078124999 0.50723058125 0.80682989375 0.46683921875
3 0.753898721875 0.41426497187500005 0.685125371875 0.44074087031250003 0.6937047390625 0.464541365625 0.762478084375 0.4380654671875 0.753898721875 0.41426497187500005
3 0.7137089046875 0.38911603125 0.680008040625 0.4302092625 0.694069390625 0.441585125 0.7277702546875 0.4004918953125 0.7137089046875 0.38911603125
3 0.6195477796875 0.3548228375 0.60569934375 0.4215539890625 0.6315299640625 0.42618334999999996 0.6453801890624999 0.35945203124999997 0.6195477796875 0.3548228375
3 0.41103120468750004 0.2969067859375 0.388296728125 0.3387081109375 0.5348289359375 0.4152373390625 0.5575634109375 0.37343601406250004 0.41103120468750004 0.2969067859375
3 0.32727069062499997 0.41424973125 0.316282759375 0.45085588593750003 0.3842725 0.4694196921875 0.39526043125 0.43281353749999996 0.32727069062499997 0.41424973125
3 0.3438650578125 0.51741654375 0.34509399687500003 0.5365354328125 0.4066228484375 0.5308089671875 0.40539391093750005 0.5116900796875 0.3438650578125 0.51741654375
3 0.41279403437499995 0.569473059375 0.3976516125 0.6283990453125 0.42720161562500003 0.6351739171874999 0.44234403593750005 0.5762479328125 0.41279403437499995 0.569473059375
3 0.4984099234375 0.5925142859375 0.48074565312499995 0.60357925625 0.5027192359375 0.6396380890625 0.5203833953125 0.6285713375 0.4984099234375 0.5925142859375
3 0.681628084375 0.5989230953125 0.6780418125 0.606748040625 0.728959271875 0.6288628593750001 0.7325456578125 0.6210397000000001 0.681628084375 0.5989230953125
3 0.44782151875 0.289002028125 0.31298145625 0.5147420515625 0.62186723125 0.6930829703125 0.7567056187500001 0.4673448953125 0.44782151875 0.289002028125
0 0.2428235875 0.13200715937500002 0.060274134374999996 0.56913804375 0.7871948734374999 0.854581346875 0.969742540625 0.41745062656250004 0.2428235875 0.13200715937500002