3 0.8267059796874999 0.5232674421875 0.7334601328125 0.521935215625 0.7329235875 0.5595847171874999 0.8261694359374999 0.56091694375 0.8267059796874999 0.5232674421875
3 0.7869601328125 0.5913621265625 0.7219451828125 0.5727857140625 0.7154418609375 0.5955481734375 0.7804568109375001 0.6141245843750001 0.7869601328125 0.5913621265625
3 0.7571694359375 0.6291196015625 0.7236428578125 0.593996678125 0.7113455156249999 0.60573421875 0.74487209375 0.6408571421875 0.7571694359375 0.6291196015625
3 0.6835963453125 0.6741910296875 0.6668621265625 0.6136345515625 0.643307309375 0.6201428578125 0.6600398671875001 0.6806993359375 0.6835963453125 0.6741910296875
3 0.601754153125 0.668813953125 0.578302325 0.6320913625 0.44766112968750005 0.715526578125 0.47111295625 0.7522491687499999 0.601754153125 0.668813953125
3 0.44850498281249995 0.6278471765625 0.436197675 0.594920265625 0.3745764125 0.6179534890625 0.3868837203125 0.6508803984375 0.44850498281249995 0.6278471765625
3 0.4531760796875 0.5539867109375 0.4531760796875 0.53618936875 0.3960747515625 0.53618936875 0.3960747515625 0.5539867109375 0.4531760796875 0.5539867109375
3 0.48343521562499997 0.49106644531250004 0.4659717609375 0.43784385312499996 0.43911295624999996 0.4466578078125 0.45657641250000003 0.4998803984375 0.48343521562499997 0.49106644531250004
3 0.5523255812500001 0.435928571875 0.5353737546875 0.4272093015625 0.5172408640625 0.4624684390625 0.5341926906250001 0.47118604687500004 0.5523255812500001 0.435928571875
3 0.748496678125 0.42462624531250004 0.744724253125 0.4176960140625 0.6990631234375 0.44254485 0.7028355484375 0.44947674375 0.748496678125 0.42462624531250004
3 0.7798986718750001 0.56476578125 0.6421212625 0.36749335625 0.36774252500000004 0.5591212624999999 0.5055215953125 0.7563953484375 0.7798986718750001 0.56476578125
0 0.9793887046875 0.592588040625 0.7850631234375001 0.203813953125 0.1313887046875 0.530549834375 0.325715946875 0.9193239203125 0.9793887046875 0.592588040625