3 0.49151355937499996 0.7892830515625 0.49287288125 0.694140678125 0.45445762656250005 0.6935932203124999 0.4530983046875 0.78873559375 0.49151355937499996 0.7892830515625
3 0.4220338984375 0.7487288140625 0.4409881359375 0.682391525 0.41776271249999997 0.6757559328125 0.398808475 0.7420932203125 0.4220338984375 0.7487288140625
3 0.383508475 0.718332203125 0.4193457625 0.684123728125 0.4073694921875 0.671576271875 0.371532203125 0.7057847453125 0.383508475 0.718332203125
3 0.3375203390625 0.6432627125 0.399308475 0.6261881359375 0.392667796875 0.6021542375 0.3308796609375 0.61922711875 0.3375203390625 0.6432627125
3 0.3430067796875 0.5597559328124999 0.380476271875 0.53582711875 0.2953440671875 0.4025288140625 0.2578745765625 0.4264576265625 0.3430067796875 0.5597559328124999
3 0.3848067796875 0.40338983125 0.41840338906249996 0.390832203125 0.3949016953125 0.3279576265625 0.361305084375 0.3405152546875 0.3848067796875 0.40338983125
3 0.4601694921875 0.40815593281250007 0.47832881406250005 0.40815593281250007 0.47832881406250005 0.3498932203125 0.4601694921875 0.3498932203125 0.4601694921875 0.40815593281250007
3 0.5243694921875 0.4390305078125 0.5786745765625 0.42121186406250005 0.56968135625 0.3938067796875 0.515376271875 0.41162542343749997 0.5243694921875 0.4390305078125
3 0.5806288140625 0.509322034375 0.5895254234375 0.4920254234375 0.553549153125 0.473523728125 0.5446542375 0.4908203390625 0.5806288140625 0.509322034375
3 0.5921610171875 0.7094830515624999 0.5992322031249999 0.7056338984375 0.573877965625 0.6590440671875 0.566805084375 0.6628932203125 0.5921610171875 0.7094830515624999
3 0.4491711859375 0.741523728125 0.6504559328124999 0.6009440671874999 0.4549305078125 0.3209847453125 0.2536440671875 0.4615661015625 0.4491711859375 0.741523728125
0 0.4207830515625 0.9450711859375 0.81746440625 0.7467932203125 0.4840830515625 0.079823728125 0.0874016953125 0.2781033890625 0.4207830515625 0.9450711859375