3 0.712407975 0.42736113906249995 0.80574506875 0.40031436249999997 0.795045353125 0.36268047812500004 0.7017082578125 0.389727253125 0.712407975 0.42736113906249995
3 0.7057150546875001 0.4684730390625 0.77605959375 0.4671785640625 0.7757493078125 0.44254543125 0.705404765625 0.44383990781250005 0.7057150546875001 0.4684730390625
3 0.70467165 0.47985711875000003 0.7485686765625 0.5046117671875 0.7573231796875 0.48918817968750006 0.713426153125 0.464433528125 0.70467165 0.47985711875000003
3 0.6411564249999999 0.5148998390624999 0.6759038890625 0.570077259375 0.6974409328125 0.5564321546875 0.6626918109375 0.5012552375 0.6411564249999999 0.5148998390624999
3 0.47461509687500003 0.66936124375 0.5089478015625 0.6987734859375 0.614263065625 0.5759834140625 0.5799303578125 0.5465711734375 0.47461509687500003 0.66936124375
3 0.3726549265625 0.5944898109375 0.3947470984375 0.6235154374999999 0.4492929109375 0.5818416421875 0.42720073750000004 0.5528160171875001 0.3726549265625 0.5944898109375
3 0.3696844828125 0.50657268125 0.37499515781250004 0.5242854671875 0.431908925 0.5069107796875 0.42659824999999996 0.4891979953125 0.3696844828125 0.50657268125
3 0.38586537656250003 0.40437090312499996 0.4191529296875 0.45202688437500005 0.443293453125 0.435082259375 0.4100059 0.3874262765625 0.38586537656250003 0.40437090312499996
3 0.4684545 0.39633380156250003 0.48795195468749997 0.39985192187499996 0.49550455937500004 0.35924451562500004 0.47600661093749996 0.35572474375 0.4684545 0.39633380156250003
3 0.6437343890625 0.32118033437500004 0.649562878125 0.326931428125 0.6876587109375001 0.2883053125 0.68183071875 0.28255586875 0.6437343890625 0.32118033437500004
3 0.3482881296875 0.5380165015625 0.5444806234375 0.69243016875 0.760774771875 0.41822409687500006 0.5645844265625 0.2638115734375 0.3482881296875 0.5380165015625
0 0.1041850328125 0.5814981171875 0.413882978125 0.9092955890625 0.967911615625 0.3852137125 0.6582153265625 0.057415737499999994 0.1041850328125 0.5814981171875