3 0.5599524437500001 0.2675429421875 0.5697794468749999 0.17605376718750002 0.5329670656250001 0.1731574421875 0.5231400609375 0.26464661562499997 0.5599524437500001 0.2675429421875
3 0.5935652828125 0.2869743453125 0.617695215625 0.22429483593750002 0.596003625 0.21647566875000002 0.5718736921875001 0.2791551734375 0.5935652828125 0.2869743453125
3 0.6031637109375 0.2916382421875 0.64061576875 0.2609235296875 0.6302478921875 0.248108121875 0.5927958359375001 0.278822834375 0.6031637109375 0.2916382421875
3 0.611052059375 0.3593626234375 0.6718703265625 0.3467412640625 0.6676513140625 0.3231978015625 0.6068328953125001 0.3358207921875 0.611052059375 0.3593626234375
3 0.6865571640625 0.5575017171875001 0.724654575 0.5367816859375 0.6549064171875 0.403233346875 0.6168090078125 0.42395337499999997 0.6865571640625 0.5575017171875001
3 0.5843465343750001 0.6231347015625001 0.61770910625 0.6131203828125 0.60079019375 0.55115505 0.5674276218750001 0.5611693671875 0.5843465343750001 0.6231347015625001
3 0.506258846875 0.5968763578125 0.52368365625 0.597996403125 0.5289027125 0.5419194734375 0.5114779031250001 0.5407994281249999 0.506258846875 0.5968763578125
3 0.42253504687500004 0.5489757453124999 0.47623974375 0.5351750562500001 0.47006517499999995 0.508243409375 0.41636048125 0.522044096875 0.42253504687500004 0.5489757453124999
3 0.4451556140625 0.47324446875000004 0.45524014375000005 0.4571453859375 0.422378021875 0.43711892968750005 0.41229186875 0.45321791093749997 0.4451556140625 0.47324446875000004
3 0.442267609375 0.29343024687499997 0.44939920468750005 0.2901617453125 0.42924229843750006 0.24375585625 0.42211233125 0.2470244609375 0.442267609375 0.29343024687499997
3 0.5261211671875 0.6261434828125 0.7318589109375 0.5032512734375 0.5693185765625 0.22173665156250003 0.363582609375 0.34462733437500004 0.5261211671875 0.6261434828125
0 0.47654507500000004 0.8564590171875001 0.8749428421875001 0.6900848328125 0.614791834375 0.027576418749999998 0.216394215625 0.19394897656250001 0.47654507500000004 0.8564590171875001