3 0.2218250859375 0.526695596875 0.12547890625 0.53647036875 0.1273927078125 0.57520055 0.2237388890625 0.5654257781250001 0.2218250859375 0.526695596875
3 0.23556453125000001 0.5780333546875001 0.1690249703125 0.6030254796875 0.176569596875 0.62588450625 0.24310915781250003 0.600892384375 0.23556453125000001 0.5780333546875001
3 0.23457524687500003 0.6000333734375001 0.20118458437500003 0.639230715625 0.21432086562500002 0.650212096875 0.24771152968750001 0.61101475625 0.23457524687500003 0.6000333734375001
3 0.293982090625 0.6151435046875 0.2788689265625 0.6790239015624999 0.3034557328125 0.68360465 0.31856718281249996 0.619724403125 0.293982090625 0.6151435046875
3 0.386198384375 0.6261734734375 0.363280390625 0.666110590625 0.5013446578125 0.7402754796875 0.5242626515625 0.70033835625 0.386198384375 0.6261734734375
3 0.531759296875 0.575082321875 0.5202250890625 0.6101056796875 0.584758478125 0.6282767875 0.596292684375 0.5932534296875 0.531759296875 0.575082321875
3 0.512087440625 0.5161201734375 0.5127299234375 0.5344512203125 0.5717592671875 0.5293056890625001 0.5711167828125 0.51097464375 0.512087440625 0.5161201734375
3 0.4953094578125 0.4159785328125 0.47917768125000004 0.47237082656249996 0.5072615484375 0.47902878437499996 0.523393325 0.42263649062499997 0.4953094578125 0.4159785328125
3 0.42318021562499997 0.41127904375 0.40597077812500004 0.42178735312500004 0.42598871093749996 0.45646812968750006 0.4431982078125 0.44596153125000004 0.42318021562499997 0.41127904375
3 0.2064176125 0.42034552031250005 0.20276799375 0.427823515625 0.2508679609375 0.44930460156249996 0.25451752031249997 0.44182489374999995 0.2064176125 0.42034552031250005
3 0.3106726640625 0.3593916015625 0.17536473749999998 0.5749952421875 0.46592389843750004 0.747646634375 0.6012334796875 0.532041134375 0.3106726640625 0.3593916015625
0 0 0.6336845265625 0.6576823421875 0.8992583921874999 0.844536309375 0.4813145328125 0.156995596875 0.20368461875000002 0 0.55484615 0 0.6336845265625