3 0.573168046875 0.871840996875 0.5634543671875 0.7760969796875 0.5249662500000001 0.7779988203125 0.5346799296875 0.8737428375 0.573168046875 0.871840996875
3 0.623535228125 0.8229714625 0.59869930625 0.756847775 0.575983146875 0.7643452468749999 0.6008190703125 0.8304689359375 0.623535228125 0.8229714625
3 0.647710771875 0.7854561390625 0.6087584140625 0.7522741671875 0.597845665625 0.7653283484375 0.6367980234374999 0.79851031875 0.647710771875 0.7854561390625
3 0.6808946203125 0.696878365625 0.617413625 0.6818613625000001 0.6128613578125 0.706292796875 0.6763425015625 0.7213115046875 0.6808946203125 0.696878365625
3 0.7372112578125 0.500226246875 0.6975237421875 0.47745149062500003 0.6238223890625 0.61465285625 0.6635099 0.6374276125 0.7372112578125 0.500226246875
3 0.6259125578125 0.41733376250000004 0.5911080953125001 0.40587164531250003 0.5730505578125 0.4700016984375 0.60785501875 0.4814638171875 0.6259125578125 0.41733376250000004
3 0.527560028125 0.430251728125 0.5093435515625 0.43089019687499996 0.514456921875 0.48955060625 0.5326734 0.48891213906250003 0.527560028125 0.430251728125
3 0.4775973546875 0.49434633593750005 0.4215575125 0.4783153828125 0.41494116718749996 0.5062237265625 0.470981009375 0.5222546796875001 0.4775973546875 0.49434633593750005
3 0.45517770312500005 0.57511121875 0.444736771875 0.55800928125 0.41027104999999997 0.5779021609375 0.4207136828125 0.5950040390625 0.45517770312500005 0.57511121875
3 0.4480589484375 0.7491374640624999 0.4406259875 0.7455107140624999 0.41928086093749994 0.7933099968749999 0.42671211875 0.79693680625 0.4480589484375 0.7491374640624999
3 0.7445363421875 0.5354256265624999 0.5302783765625 0.4009617296875 0.3587079046875 0.689706540625 0.5729640218750001 0.8241687921875 0.7445363421875 0.5354256265624999
0 0.63065555625 1 0.8952005265625 0.344865671875 0.47986881718749996 0.1591795421875 0.203974090625 0.842423125 0.5564357984375 1 0.63065555625 1