3 0.42716000000000004 0.8007115125 0.4542067765625 0.7073744171875 0.416572890625 0.6966747015625 0.389526115625 0.7900117953125 0.42716000000000004 0.8007115125
3 0.49402420156250004 0.7710260375 0.49531867656250006 0.7006814984374999 0.47068554531249995 0.7003712078125 0.46939106875 0.77071575 0.49402420156250004 0.7710260375
3 0.5314574046875 0.74353511875 0.5067027562499999 0.6996380921875 0.49127916562499996 0.7083925953125 0.5160338171875 0.7522896218749999 0.5314574046875 0.74353511875
3 0.596922896875 0.6708703328125 0.5417454765625 0.6361228671875 0.5281008765624999 0.6576582531249999 0.5832777921875001 0.6924073765625 0.596922896875 0.6708703328125
3 0.7256191234375 0.5039142453125 0.69620688125 0.469581540625 0.5734168109375 0.5748968 0.6028290515625 0.6092295078125 0.7256191234375 0.5039142453125
3 0.650361075 0.3897135421875 0.6213354484375 0.36762136875 0.5796616546875 0.42216718125 0.6086872796875 0.4442593546875 0.650361075 0.3897135421875
3 0.5511311046875 0.3699616 0.53341831875 0.36465092656250003 0.5160436328125 0.4215646921875 0.5337564171875 0.4268753671875 0.5511311046875 0.3699616
3 0.47887252187499996 0.41411937187500003 0.43121654062500003 0.38083181875 0.4142719140625 0.4049723421875 0.46192789687499997 0.4382598953125 0.47887252187499996 0.41411937187500003
3 0.426697559375 0.482918396875 0.4231794390625 0.4634209421875 0.38257038125 0.470973053125 0.386090153125 0.49047100156249995 0.426697559375 0.482918396875
3 0.353777065625 0.6445293203125 0.348025971875 0.6387008328125 0.30940150625 0.6767971609375001 0.31515095 0.6826251546875 0.353777065625 0.6445293203125
3 0.7192758078125 0.5394470671875 0.5648621390625 0.343254571875 0.29065721093749997 0.5595508687499999 0.44506973437499997 0.7557412140624999 0.7192758078125 0.5394470671875
0 0.9361412265625001 0.408849421875 0.6083437546875 0.0991514765625 0.0842613765625 0.6531817703125 0.41205935 0.9628780593749999 0.9361412265625001 0.408849421875