3 0.1785405953125 0.570469703125 0.2688861546875 0.5607655375 0.26602603281250004 0.5244133109375 0.17568047343749998 0.5341174765625001 0.1785405953125 0.570469703125
3 0.22617864999999998 0.617786525 0.288074665625 0.5939582171875 0.28035323437500004 0.5725377703125 0.21845722343750001 0.5963660796875 0.22617864999999998 0.617786525
3 0.2623494859375 0.640420571875 0.29268026406250003 0.6034366640625 0.2800250484375 0.5931983875 0.24969427031250002 0.63018229375 0.2623494859375 0.640420571875
3 0.3470944984375 0.671284446875 0.359558090625 0.6112264093750001 0.3363105328125 0.607059984375 0.3238453296875 0.667118171875 0.3470944984375 0.671284446875
3 0.534759415625 0.7234088921875 0.5552204453125 0.6857877 0.4233414578125 0.6169113953124999 0.40288042968750004 0.6545325875 0.534759415625 0.7234088921875
3 0.6101438781249999 0.6178002421875 0.6200330171874999 0.584854703125 0.55884225 0.5681472765625 0.5489531125 0.601092815625 0.6101438781249999 0.6178002421875
3 0.5952089484374999 0.5249501109375 0.594102903125 0.5077431109375 0.5387269359375 0.5128969296875 0.5398329796875 0.530103928125 0.5952089484374999 0.5249501109375
3 0.53317286875 0.478099246875 0.5468010484375 0.42506585937499997 0.5202060453125 0.41896847499999995 0.5065778671875 0.47200186093749996 0.53317286875 0.478099246875
3 0.45611856875 0.4573621421875 0.47201641250000004 0.44740366875 0.4522401875 0.4149507203125 0.43634244375 0.424910796875 0.45611856875 0.4573621421875
3 0.29122222343750004 0.45159421406250005 0.29444986875 0.44455176406249997 0.24862415468750002 0.4246484265625 0.2453964078125 0.43168927031250004 0.29122222343750004 0.45159421406250005
3 0.5016481328125 0.730523175 0.6230041890625 0.527357153125 0.3450069921875 0.3668503265625 0.22365244374999999 0.5700145937500001 0.5016481328125 0.730523175
0 0.686146271875 0.87181855625 0.8504407796875 0.4784007609375 0.1962121140625 0.2215017875 0.0319192140625 0.6149194359375 0.686146271875 0.87181855625