2 0.6654342171875001 0.7375984328125 0.705766509375 0.6880445015625 0.5654245343750001 0.574469846875 0.52509223125 0.6240255953125 0.6654342171875001 0.7375984328125
2 0.7103193812499999 0.674692440625 0.85090436875 0.6182078140625 0.8180667500000001 0.5345058921875 0.6774835828125 0.59099050625 0.7103193812499999 0.674692440625
2 0.665832515625 0.5873731578125 0.675098875 0.5555499984375001 0.631245509375 0.543260415625 0.6219809640625 0.5750835624999999 0.665832515625 0.5873731578125
2 0.764384203125 0.5461603578124999 0.7681235656250001 0.47621969843749995 0.6512509093750001 0.471334478125 0.6475133609375 0.5412751250000001 0.764384203125 0.5461603578124999
2 0.48846799687500003 0.548455103125 0.5071372328125 0.517545303125 0.4605775515625 0.48979547031250004 0.44190831406250003 0.52070526875 0.48846799687500003 0.548455103125
2 0.5959078078125 0.5425905015625 0.6795540109375 0.42756250625 0.5288703484374999 0.31891000625 0.4452241578125 0.43393618749999996 0.5959078078125 0.5425905015625
2 0.8839564125000001 0.3444569671875 0.912626265625 0.2988593796875 0.8001418703125 0.2289861828125 0.7714720328125 0.274581953125 0.8839564125000001 0.3444569671875
2 0.9167042359375 0.5672108171875 0.9961783499999999 0.4641069390625 0.7420988640624999 0.26963285625 0.662626565625 0.3727367234375 0.9167042359375 0.5672108171875
2 0 0.3555363640625 0.466084759375 0.8725275890624999 0.660773571875 0.6967297718750001 0.1692498015625 0.15152287656250002 0 0.3043485 0 0.3555363640625
2 0.7510577875 0.2403705328125 0.7606610609375 0.2027952703125 0.7025321515625 0.18858541874999998 0.6929288703125 0.2261624984375 0.7510577875 0.2403705328125
2 1 0.252579009375 0.6167310890625 0.04043609375 0.5600583765625 0.14128058125 1 0.3847935484375 1 0.252579009375
2 0.6886719390625 0.27451679375000004 0.706003784375 0.22333489062499998 0.564324625 0.17686270937499998 0.54699278125 0.2280446109375 0.6886719390625 0.27451679375000004
2 0.5696274984375 0.192300590625 0.583786096875 0.13689264375000001 0.504693915625 0.1175576515625 0.49053348750000003 0.172967425 0.5696274984375 0.192300590625
2 0.3392091296875 0.4419356375 0.371486365625 0.4030806671875 0.194430784375 0.25676243906249996 0.1621553765625 0.295615584375 0.3392091296875 0.4419356375
2 0.3866994015625 0.36005681875 0.6597933953124999 0.35846865 0.6605012796875 0.2368433640625 0.387407284375 0.238431534375 0.3866994015625 0.36005681875
2 0.5421077796875 0.275672440625 0.5436167281250001 0.24274291093749997 0.4917420671875 0.2409704671875 0.49023312968750005 0.273898178125 0.5421077796875 0.275672440625
2 0.5103884859375001 0.245823934375 0.5423438593750001 0.2138815421875 0.502692365625 0.17424798125000002 0.47073699375 0.20619037499999998 0.5103884859375001 0.245823934375
2 0.4733711921875 0.20282231875 0.475495071875 0.1597656203125 0.4360194703125 0.1582788625 0.43389740625 0.2013355515625 0.4733711921875 0.20282231875
2 0.4071081140625 0.35151270156250003 0.4206977546875 0.29833293125 0.3168284703125 0.2729432765625 0.3032388265625 0.3261230484375 0.4071081140625 0.35151270156250003
2 0.30402779999999996 0.27516630625 0.388767021875 0.24393766249999999 0.3619675109375 0.16922722343750002 0.27722646875 0.200455875 0.30402779999999996 0.27516630625
2 0.42017350625 0.164573396875 0.4259596078125 0.131012378125 0.374489871875 0.1227282546875 0.3687037609375 0.15629109218749998 0.42017350625 0.164573396875
2 0.5403175109375 0 0 0.21483215625000002 0 0.3692565765625 0.62112773125 0.1222946765625 0.5736672875 0 0.5403175109375 0
0 0.28324774375 0 0 0.2520911578125 0 0.34931885625 0.5105887796874999 0.9241199625000001 1 0.48854248437500003 1 0.31380355781249997 0.7212526546875 0 0.28324774375 0