2 0.3245099484375 0.3194976421875 0.2799114109375 0.3557967046875 0.3821269640625 0.4821044921875 0.4267271375 0.44580541875 0.3245099484375 0.3194976421875
2 0.38736296718749996 0.18887356875 0.336526803125 0.31540005625 0.41185854375000003 0.344952275 0.46269469687500003 0.218427425 0.38736296718749996 0.18887356875
2 0.4437550015625 0.3470985125 0.41511415781250005 0.3554382359375 0.42617479375 0.3949046328125 0.45481562656249996 0.38656654218750003 0.4437550015625 0.3470985125
2 0.515152271875 0.263376290625 0.452205678125 0.2667417171875 0.4566023875 0.371925475 0.5195489703125 0.36856168125 0.515152271875 0.263376290625
2 0.4779592265625 0.49826399062500004 0.4501404078125 0.515066303125 0.47511525781249997 0.5569700171874999 0.5029340765625 0.5401677031250001 0.4779592265625 0.49826399062500004
2 0.55894374375 0.343088890625 0.4554185484375 0.41837047343749995 0.5532074312499999 0.5539857578125 0.65673099375 0.47870418593749997 0.55894374375 0.343088890625
2 0.6747765578125 0.13332386093749998 0.6337387296875 0.159126728125 0.6966262421875 0.26036267031250004 0.7376624359374999 0.2345598171875 0.6747765578125 0.13332386093749998
2 0.5260537546874999 0.058126984375 0.43326026406249996 0.1296536875 0.6082869484375 0.358323590625 0.7010804296875001 0.286798521875 0.5260537546874999 0.058126984375
2 0.651833203125 0.9746254453125 0.8073794109374999 0.802362678125 0.3166932046875 0.35999128593749996 0.1584751703125 0.5352112171875001 0.6461401796875 0.9748574187499999 0.651833203125 0.9746254453125
2 0.7612342562500001 0.2700925453125 0.7274165203125 0.278735490625 0.7402037515625 0.33105151718750003 0.7740231234375 0.32240856406249996 0.7612342562500001 0.2700925453125
2 0.5677158640625 0 0.5672961703125 0.000235859375 0.8165974765625 0.45063496093750005 0.907357515625 0.3996295203125 0.6861588515625 0 0.5677158640625 0
2 0.7427485984375 0.31928409375 0.6966848859375 0.3348827546875 0.73850985 0.46239399687500005 0.7845735609375 0.44679533749999994 0.7427485984375 0.31928409375
2 0.8205466203125 0.42928001250000003 0.77067946875 0.44202275156250004 0.7880793171875 0.5132073609375001 0.8379481140625 0.5004629765625 0.8205466203125 0.42928001250000003
2 0.5809774 0.6203497703124999 0.5460079265625 0.6493992828125 0.6776959734375 0.8087476609375001 0.7126638046875 0.77969979375 0.5809774 0.6203497703124999
2 0.621128215625 0.36087344374999997 0.6196988625000001 0.6066580390625 0.72916161875 0.60602094375 0.730590971875 0.3602363484375 0.621128215625 0.36087344374999997
2 0.7252813796875001 0.46543244531249994 0.695644803125 0.46679049843750003 0.6972416390625 0.5134776828125001 0.7268765796875 0.5121196390625 0.7252813796875001 0.46543244531249994
2 0.7512566125 0.4665780265625 0.722508459375 0.4953378625 0.7581786625 0.53102420625 0.7869268171875 0.5022643703125 0.7512566125 0.4665780265625
2 0.7999609421875 0.5267419359375001 0.7612099125 0.5286534265625 0.762548003125 0.564179834375 0.8012990234374999 0.5622699765625 0.7999609421875 0.5267419359375001
2 0.6752503625 0.5760595203125 0.62738856875 0.588290196875 0.65023925625 0.68177255625 0.6981010515625 0.6695418765625 0.6752503625 0.5760595203125
2 0.724206103125 0.6047971796875 0.696100325 0.6810624796875 0.7633397125 0.7051836781249999 0.7914454984375 0.628916740625 0.724206103125 0.6047971796875
2 0.825838859375 0.571323853125 0.7956339421874999 0.5765313437499999 0.8030880171874999 0.622854115625 0.8332945703125001 0.617646615625 0.825838859375 0.571323853125
2 0.7439663203125 0.9708713078125 0.9540886984375 0.442399209375 0.833684790625 0.3956725421875 0.6050675453125 0.9706620906250001 0.6187536015624999 0.9759733359375 0.7439663203125 0.9708713078125
0 0.55273380625 0 0.112042034375 0.4951575984375 0.6518094859375 0.9746264124999999 0.700902634375 0.97262601875 1 0.6365624515625 1 0.35552620468749996 0.5997616125 0 0.55273380625 0