2 0.3184952296875 0.695268115625 0.36608586875000004 0.7324515421875 0.47083928124999996 0.597758803125 0.42324824687499996 0.5605737015625001 0.3184952296875 0.695268115625
2 0.1703173828125 0.6616307906250001 0.3114725015625 0.683907234375 0.3238278 0.599643421875 0.1826743515625 0.577366603125 0.1703173828125 0.6616307906250001
2 0.3184786328125 0.5664129765625 0.33376066249999997 0.5938272171875 0.37142725625 0.5731601203125 0.356146896875 0.545745503125 0.3184786328125 0.5664129765625
2 0.2161511515625 0.5129343796875 0.2344654203125 0.5767186625 0.3407812328125 0.547369759375 0.32246863124999997 0.48358510312499997 0.2161511515625 0.5129343796875
2 0.46467945781250003 0.49562539687499996 0.48840446406250004 0.5201979328124999 0.5252696390625 0.48468023281250006 0.50154463125 0.4601076984375 0.46467945781250003 0.49562539687499996
2 0.287157828125 0.4491838640625 0.38846485 0.5376167421875 0.5037642796874999 0.4052675921875 0.4024576546875 0.3168363875 0.287157828125 0.4491838640625
2 0.045681871875 0.3798812171875 0.08171795312499999 0.4158901765625 0.17017834999999998 0.3274658625 0.13414266875 0.2914585796875 0.045681871875 0.3798812171875
2 0.0040878953125 0.5502179140625 0.0990257578125 0.6285274609375 0.291043234375 0.394963503125 0.19610704375000002 0.31665358125 0.0040878953125 0.5502179140625
2 0.36167253125 0.693725371875 0.5779093109375 0.8146699234374999 0.9134235500000001 0.2067950984375 0.6971871640625 0.085852221875 0.36167253125 0.693725371875
2 0.1648369890625 0.2588847421875 0.181652215625 0.2915385265625 0.2320255671875 0.2660657328125 0.21520994531249998 0.2334102734375 0.1648369890625 0.2588847421875
2 0 0.4630722546875 0.3360196109375 0.15945235625 0.262507309375 0.078383090625 0 0.31557791874999996 0 0.4630722546875
2 0.21941367343749998 0.2662336609375 0.2462229203125 0.30980846875 0.3664798125 0.2367882515625 0.3396705625 0.1932134421875 0.21941367343749998 0.2662336609375
2 0.31329032031250004 0.160443571875 0.338083753125 0.2085948546875 0.4066248671875 0.1739341875 0.381829365625 0.125781603125 0.31329032031250004 0.160443571875
2 0.5649339859375 0.36110620937500004 0.6028492921875 0.39012277812499996 0.7343586359375001 0.21739099999999997 0.6964453953125 0.1883757328125 0.5649339859375 0.36110620937500004
2 0.290610296875 0.3811870984375 0.5418065984375 0.32461375625 0.5152814546875 0.212462734375 0.264085153125 0.2690360765625 0.290610296875 0.3811870984375
2 0.372707940625 0.24964227656250002 0.381099546875 0.279726728125 0.42837305312499996 0.26706373437500003 0.41998184375000003 0.2369809578125 0.372707940625 0.24964227656250002
2 0.36773712187499996 0.22272290312499998 0.403886171875 0.24542521874999998 0.4318774546875 0.2004029734375 0.395728403125 0.177700659375 0.36773712187499996 0.22272290312499998
2 0.41763025000000004 0.1585483671875 0.42874120312499997 0.197852953125 0.464684696875 0.188090928125 0.45357541718750005 0.14878596718749998 0.41763025000000004 0.1585483671875
2 0.49744510937499997 0.27484719062499996 0.5212418828125001 0.321062028125 0.6112525703125 0.27554375625 0.5874557968749999 0.2293289171875 0.49744510937499997 0.27484719062499996
2 0.5152038140624999 0.217835740625 0.5996871578125 0.2286610421875 0.6084122 0.1539819328125 0.52392718125 0.14315700781250001 0.5152038140624999 0.217835740625
2 0.4570154484375 0.1214717484375 0.46947030312500004 0.1512302703125 0.5149873375 0.13264419375 0.5025320843750001 0.10288399687500001 0.4570154484375 0.1214717484375
2 0.92500366875 0.1961466328125 0.9056774640624999 0.1144334609375 0.29511355625 0.0203403546875 0.2758834671875 0.1549007828125 0.9167834984375001 0.2536683140625 0.92500366875 0.1961466328125
0 0.192206090625 0 0 0.3543610484375 0 0.57041625 0.54800475 0.8717655093750001 0.9218029046874999 0.1826134734375 0.9181016 0.1669639765625 0.6144767109375 0 0.192206090625 0