2 0.39435865937500003 0.48268805312499996 0.43038172656249996 0.4365842390625 0.2998965125 0.335104753125 0.26387506875 0.3812081859375 0.39435865937500003 0.48268805312499996
2 0.39253293437500003 0.34027068125 0.414113603125 0.203528278125 0.33248267187499997 0.19155746406250002 0.31090236718750003 0.3283014859375 0.39253293437500003 0.34027068125
2 0.41818863281249996 0.3863826546875 0.44474654375 0.37157980625000003 0.42472492968750003 0.335088675 0.39816738281249997 0.3498931421875 0.41818863281249996 0.3863826546875
2 0.44317304531249996 0.35669431875 0.50496443125 0.33895398593750004 0.4765323203125 0.235958928125 0.41474129531250004 0.2537008765625 0.44317304531249996 0.35669431875
2 0.503903525 0.5354174625 0.5277081671875 0.5124338609375 0.49330039687499994 0.476720725 0.469495753125 0.499704325 0.503903525 0.5354174625
2 0.5808345203124999 0.5145841453125 0.66650225 0.416443353125 0.53829063125 0.3047466453125 0.45262128125 0.4028878234375 0.5808345203124999 0.5145841453125
2 0.6562049453125 0.1914227765625 0.6910870015625 0.15651321093749998 0.6054275703124999 0.0708168140625 0.5705438921875 0.1057267671875 0.6562049453125 0.1914227765625
2 0.59081660625 0.3085106328125 0.66667934375 0.2165411984375 0.44041389531249997 0.0305226484375 0.364551521875 0.122493703125 0.59081660625 0.3085106328125
2 0.7731047484375 0.9114415640625 0.8902681593749999 0.7019625656249999 0.3013910453125 0.3769327640625 0.1842260109375 0.5864121453125 0.7731047484375 0.9114415640625
2 0.715686321875 0.25133726875 0.747321296875 0.23504713437500002 0.72264290625 0.1862483328125 0.691009553125 0.20253808437499998 0.715686321875 0.25133726875
2 0.500834965625 0 0.8189680296875 0.3520814984375 0.8975038812499999 0.28086645625 0.6437202015625 0 0.500834965625 0
2 0.74404888125 0.38158981875000003 0.786261978125 0.3556183578125 0.7155236406250001 0.23911949687499998 0.6733105453125 0.2650909546875 0.74404888125 0.38158981875000003
2 0.80493875625 0.420480340625 0.851586571875 0.3964596984375 0.8180077890625 0.3300624984375 0.771361234375 0.3540811359375 0.80493875625 0.420480340625
2 0.76283996875 0.737972428125 0.7909485093749999 0.7012439765625 0.623615859375 0.5738422984375 0.595506059375 0.6105727515625 0.76283996875 0.737972428125
2 0.7676142265625 0.5257414093749999 0.7128088015625 0.2823949921875 0.6041624984375 0.30809122499999997 0.6589679234375 0.5514376421875 0.7676142265625 0.5257414093749999
2 0.7147195078124999 0.4415488953125 0.743862196875 0.4334199109375 0.7315965453125 0.3876233171875 0.7024522328125 0.3957526859375 0.7147195078124999 0.4415488953125
2 0.77929711875 0.44494378437500004 0.8012899859375 0.40992439062499997 0.7576746875 0.3828078375 0.73568181875 0.41782722968749997 0.77929711875 0.44494378437500004
2 0.7912244140625 0.4767258 0.82930109375 0.46596368593750004 0.81984376875 0.43114180468749996 0.7817674515624999 0.441905540625 0.7912244140625 0.4767258
2 0.7065044859375 0.618713428125 0.7512751109375 0.5956603031250001 0.707179284375 0.50846245 0.6624086609375001 0.5315155734375 0.7065044859375 0.618713428125
2 0.824267503125 0.61596181875 0.8347541484375001 0.53411695625 0.7624091265625 0.5256661953124999 0.751922115625 0.607509434375 0.824267503125 0.61596181875
2 0.8449384375 0.5254564828125 0.8737686281249999 0.51339045625 0.8557617437499999 0.469296215625 0.826933175 0.48136185625000005 0.8449384375 0.5254564828125
2 0.862580084375 0.90393754375 0.9537327812499999 0.3124537578125 0.8233773671875 0.293824609375 0.7276963203125 0.9146965140625 0.78342045 0.9226598046875001 0.862580084375 0.90393754375
0 0.435453546875 0 0.1289146625 0.5574421015625 0.796530696875 0.9195590640625 0.8116911484375 0.915973425 1 0.5735327640625 1 0.3036563 0.9803769140625 0.21652610156250002 0.581178240625 0 0.435453546875 0