2 0.5740632671875 0.565707134375 0.5250492453125 0.6040040828125 0.63293481875 0.7427241796875 0.6819484359375 0.70442895625 0.5740632671875 0.565707134375
2 0.8218304015625 0.58300215 0.6764564187500001 0.605945053125 0.6891811437500001 0.6927283796875 0.8345568484375001 0.6697858640625001 0.8218304015625 0.58300215
2 0.6431709703124999 0.55043556875 0.627433721875 0.5786698921875 0.666226559375 0.5999549421875 0.681965528125 0.5717210046875 0.6431709703124999 0.55043556875
2 0.677856228125 0.4864165515625 0.6589960734375 0.5521083906250001 0.7684907625 0.5823348359375 0.787352634375 0.5166433796875001 0.677856228125 0.4864165515625
2 0.49342579531249997 0.46223716406250004 0.46899140156249997 0.487544425 0.5069588578124999 0.524124115625 0.5313932484375 0.498816853125 0.49342579531249997 0.46223716406250004
2 0.5954755046875 0.31468199375 0.4911397796875 0.4057573203125 0.6098867 0.5420637546875 0.7142228359375 0.45098670468749996 0.5954755046875 0.31468199375
2 0.8718131984375 0.2885453796875 0.8347000375 0.32562929375 0.9258054296875 0.4166975234375 0.9629190015625 0.3796118859375 0.8718131984375 0.2885453796875
2 1 0.548039546875 0.80799606875 0.3144937203125 0.7102212546875 0.3951451359375 0.9079801156249999 0.635692734375 1 0.559790084375 1 0.548039546875
2 0.291933484375 0.076791325 0.069231559375 0.20135043281249998 0.41477778593750003 0.8274009187500001 0.6374801171875 0.702840084375 0.291933484375 0.076791325
2 0.7883219828125 0.2287614125 0.77100356875 0.26239327968750004 0.8228831 0.2886277171875 0.8402011078125 0.25499757500000003 0.7883219828125 0.2287614125
2 1 0.30438017500000003 0.7396104125 0.0690988640625 0.6639000687500001 0.152592128125 1 0.45628460156250006 1 0.30438017500000003
2 0.6601399515625 0.18736268125 0.632529096875 0.23224039218749998 0.756381709375 0.3074439390625 0.7839925609375 0.2625662296875 0.6601399515625 0.18736268125
2 0.6167205859375 0.1179146078125 0.591183690625 0.1675069703125 0.6617742078125 0.20320400312500003 0.6873089718750001 0.15361298125 0.6167205859375 0.1179146078125
2 0.2926974328125 0.182380321875 0.253650575 0.21226315625 0.389092090625 0.390159671875 0.428141078125 0.3602754984375 0.2926974328125 0.182380321875
2 0.737985390625 0.26545243749999997 0.47927823593749996 0.2071875328125 0.45195998125000003 0.322691909375 0.7106671359375001 0.3809568125 0.737985390625 0.26545243749999997
2 0.5774273375 0.23243886093750002 0.568785228125 0.263421121875 0.617472228125 0.2764627421875 0.6261147453125 0.24547875624999999 0.5774273375 0.23243886093750002
2 0.6024059640625 0.1713860609375 0.56517604375 0.1947671828125 0.5940042734375 0.24113560781249999 0.6312341921875 0.21775448437499997 0.6024059640625 0.1713860609375
2 0.5428293046875 0.1416068109375 0.531387853125 0.1820870015625 0.5684060703125 0.192140915625 0.57984924375 0.151661109375 0.5428293046875 0.1416068109375
2 0.4049458578125 0.22455802187499999 0.3804375515625 0.2721547 0.47313958906250003 0.31903398125 0.49764789374999996 0.27143730625 0.4049458578125 0.22455802187499999
2 0.47037399999999996 0.13580954375 0.38336285000000003 0.1469581359375 0.3923487734375 0.22387017656250002 0.4793581984375 0.21272119374999998 0.47037399999999996 0.13580954375
2 0.49240881718749996 0.09433235625 0.4795811484375 0.1249823921875 0.52645915625 0.14412419999999998 0.539286415625 0.1134758875 0.49240881718749996 0.09433235625
2 0.057305190625 0.190383575 0.06577114843750001 0.24962517499999998 0.7258343015625 0.14790445937500002 0.706029228125 0.00932063125 0.07720925625 0.106227153125 0.057305190625 0.190383575
0 0.3559715984375 0 0.064413634375 0.160328346875 0.060601659375000005 0.1764457703125 0.445576503125 0.8862036812499999 1 0.5813247359375 1 0.334953390625 0.8183206593750001 0 0.3559715984375 0