2 0.37407197812500004 0.2356414140625 0.3341554828125 0.2846844796875 0.47305063281250004 0.3970882609375 0.5129671390625 0.34804339687499997 0.37407197812500004 0.2356414140625
2 0.329649546875 0.297898890625 0.190513890625 0.3538012015625 0.22301297656250002 0.4366402171875 0.36214683124999997 0.3807379171875 0.329649546875 0.297898890625
2 0.3736777859375 0.384317975 0.3645069546875 0.415813059375 0.407908225 0.427975946875 0.41707725937499995 0.3964808734375 0.3736777859375 0.384317975
2 0.27614209375 0.4251059 0.27244128125 0.494325521875 0.388109065625 0.49916037968750004 0.3918080828125 0.42994077031250005 0.27614209375 0.4251059
2 0.5492138046874999 0.4228348125 0.530737034375 0.453425953125 0.57681671875 0.48088970625 0.5952934890625 0.450298565625 0.5492138046874999 0.4228348125
2 0.4428816203125 0.428638953125 0.3600977484375 0.5424810921875001 0.5092279703125 0.6500134640625 0.5920118296875 0.5361731203125 0.4428816203125 0.428638953125
2 0.1578025875 0.624729875 0.1294283 0.6698573828125001 0.24075306406250002 0.7390102390625 0.26912733437499997 0.693884528125 0.1578025875 0.624729875
2 0.12539237187500002 0.4042724546875 0.0467375765625 0.5063134078125 0.2981976875 0.698782603125 0.376850684375 0.5967416609375 0.12539237187500002 0.4042724546875
2 1 0.577553 0.5713662875 0.10210327968749999 0.37868457499999997 0.276088746875 0.8651410890625 0.815674953125 1 0.69390289375 1 0.577553
2 0.2893311234375 0.727743253125 0.2798268546875 0.764931140625 0.33735649687499997 0.7789945 0.346860775 0.7418048125000001 0.2893311234375 0.727743253125
2 0 0.6918844640625 0.4222730125 0.9256165125000001 0.47836146875 0.8258116578125 0 0.5610328453125 0 0.6918844640625
2 0.3510738203125 0.693949015625 0.33392065312499997 0.7446032703125 0.474139203125 0.79059635625 0.4912923671875 0.739942103125 0.3510738203125 0.693949015625
2 0.4688909984375 0.775317628125 0.45487836406250004 0.830154359375 0.5331551625000001 0.849290021875 0.54716960625 0.7944514828125 0.4688909984375 0.775317628125
2 0.69693391875 0.5282561390625 0.6649894375 0.5667105421875 0.8402197046875 0.7115203343750001 0.8721623765625001 0.6730677375 0.69693391875 0.5282561390625
2 0.6499332390625 0.6092908453125 0.3796546453125 0.6108626421875 0.378954059375 0.7312340578125001 0.649232653125 0.7296622609375001 0.6499332390625 0.6092908453125
2 0.49612700781249996 0.69280528125 0.4946336171875 0.72539533125 0.5459734859375 0.7271495031249999 0.5474668671875 0.694561253125 0.49612700781249996 0.69280528125
2 0.5275192984375 0.722346071875 0.49589336250000005 0.7539591609375 0.5351360765625001 0.7931841281249999 0.5667620140625 0.7615710375 0.5275192984375 0.722346071875
2 0.5641549703125001 0.7649043718749999 0.5620529875 0.8075171875 0.6011216234375001 0.8089886171874999 0.6032218109375 0.7663758109375001 0.5641549703125001 0.7649043718749999
2 0.629734925 0.6177468796875 0.6162853828125 0.67037840625 0.71908385 0.6955063109374999 0.7325333953125 0.6428747828125 0.629734925 0.6177468796875
2 0.7317525546875 0.6933062 0.6478869328125 0.724212896875 0.6744101609375 0.798153125 0.758277584375 0.76724641875 0.7317525546875 0.6933062
2 0.6168042265625 0.802758975 0.6110777765625001 0.835974003125 0.662016896875 0.8441727234374999 0.6677433578125 0.8109558953124999 0.6168042265625 0.802758975
2 1 0.6131660796875 0.41792169531249995 0.84460183125 0.46930497187500003 0.9770047546875 1 0.76599853125 1 0.6131660796875
0 1 0.5831664484375 0.5273210703125 0.0510427875 0 0.5203601484375 0 0.6067097359375 0.34935428281249997 1 0.713706959375 1 1 0.74519851875 1 0.5831664484375