2 1 0.7501795687499999 0.8491425359375 0.037102396875 0.620268359375 0.089379084375 0.7742479 0.8172137609375 1 0.7656501765625 1 0.7501795687499999
2 0.787930803125 0.13501699375 0.8102881906249999 0.08294244687499999 0.707205546875 0.040110746875 0.68484815625 0.09218529375 0.787930803125 0.13501699375
2 0.7880056343749999 0.1798397390625 0.798559528125 0.15086960625 0.718497821875 0.1228913234375 0.70794414375 0.15186314375 0.7880056343749999 0.1798397390625
2 0.7613069046875001 0.228384178125 0.7890909828125 0.219509684375 0.779739203125 0.1886773203125 0.7519551265625 0.1975518140625 0.7613069046875001 0.228384178125
2 0.7830230328125001 0.672905453125 0.8120347656250001 0.6616459375 0.8031379203125001 0.6377802984375001 0.7741276640625 0.6490378765625 0.7830230328125001 0.672905453125
2 0.8205893203124999 0.7180419375 0.8237098984375001 0.6777346640624999 0.7708703406249999 0.6745583171875 0.7677497625 0.714865590625 0.8205893203124999 0.7180419375
2 0.76115754375 0.7794591718749999 0.814526496875 0.7407064578125 0.6979091015625001 0.57804859375 0.6445384562500001 0.61680155625 0.76115754375 0.7794591718749999
2 0.69707073125 0.5601343937500001 0.7521274015625 0.5167720734375 0.7250794109375 0.48209641249999996 0.6700244328125 0.5254584859375 0.69707073125 0.5601343937500001
2 0.71983853125 0.45722104375 0.7300455718750001 0.404998096875 0.697335946875 0.3991488890625 0.68712699375 0.45137039218749997 0.71983853125 0.45722104375
2 0.648622046875 0.4334297578125 0.7099102578125 0.39116041562500004 0.6208951 0.2601857421875 0.559608584375 0.3024548359375 0.648622046875 0.4334297578125
2 0.6650692593749999 0.48534024843749995 0.68733228125 0.4211086328125 0.5586242828125 0.3784355109375 0.536359784375 0.44266906562499997 0.6650692593749999 0.48534024843749995
2 0.650165240625 0.3066247265625 0.6853707015625 0.28419127187500004 0.65105238125 0.22936868437500002 0.615846703125 0.25180045 0.650165240625 0.3066247265625
2 0.7261719203125 0.80639378125 0.71187261875 0.5916178750000001 0.4413085296875 0.6143485937500001 0.4556061359375 0.8291247500000001 0.7261719203125 0.80639378125
2 0.2627361359375 0.8811768000000001 0.43783801093749997 0.8252454828125 0.3624211734375 0.576601721875 0.18731929687499999 0.6325330390625 0.2627361359375 0.8811768000000001
2 0.2125420015625 0.785083071875 0.2385726484375 0.7664083578125 0.21065450000000002 0.7269771125 0.18462385312500001 0.7456518296875 0.2125420015625 0.785083071875
2 0.2754978875 0.6174023140625 0.30762579375 0.61064575 0.299814515625 0.5702357484375 0.26768661250000003 0.5769923109375 0.2754978875 0.6174023140625
2 0.0754108328125 0.695073390625 0.2198102015625 0.647120984375 0.1638551421875 0.47010317500000004 0.0194557734375 0.5180555828125 0.0754108328125 0.695073390625
2 0.239086159375 0.6606883140625001 0.24880598593749997 0.5857427015625001 0.22034406562500003 0.5825368281250001 0.21062423749999998 0.657482440625 0.239086159375 0.6606883140625001
2 0.10415247968750001 0.49147829062500004 0.12096654843750002 0.46518782812500004 0.09228823124999999 0.44712585000000005 0.0754741625 0.47341631250000005 0.10415247968750001 0.49147829062500004
2 0.2853299453125 0.5621505859375 0.313524559375 0.485461075 0.1851547015625 0.4401662609375 0.1569600890625 0.5168557703125 0.2853299453125 0.5621505859375
2 0.4213984953125 0.70169983125 0.422516378125 0.643130353125 0.3539890375 0.6430190328125 0.3528709375 0.70158681875 0.4213984953125 0.70169983125
2 0.29143050625 0.46947526093749997 0.297637409375 0.3948160046875 0.1684876265625 0.3863096578125 0.16228072031250002 0.460968915625 0.29143050625 0.46947526093749997
2 0.29447948125 0.3948455671875 0.29565145312499996 0.25550212499999997 0.10696911093749999 0.2572081921875 0.10579714062500001 0.396551634375 0.29447948125 0.3948455671875
2 0.28040254062500003 0.305504315625 0.326230871875 0.1806264203125 0.0706881171875 0.090624509375 0.0248583109375 0.21550434062499998 0.28040254062500003 0.305504315625
2 0.2164354375 0.17294379531249998 0.330929715625 0.152025103125 0.319220359375 0.081314528125 0.20472755625 0.102231284375 0.2164354375 0.17294379531249998
2 0.407519115625 0.1122946546875 0.40411477968750004 0.0858904671875 0.3499494296875 0.09380991718750001 0.353353765625 0.1202141046875 0.407519115625 0.1122946546875
2 0.3825121609375 0.16719110937499998 0.395805196875 0.140120715625 0.3449888484375 0.1158191453125 0.33169603125 0.1428912296875 0.3825121609375 0.16719110937499998
2 0.50424705 0.1837011875 0.5416078953125 0.16573037968749998 0.52116235625 0.1219404671875 0.48380151250000003 0.13991127187500002 0.50424705 0.1837011875
2 0.602003696875 0.18534458125 0.5997202828125 0.155152275 0.5566538640625 0.159159071875 0.5589372765625 0.189351378125 0.602003696875 0.18534458125
2 0.53846083125 0.23545200937500002 0.5697167640624999 0.2152832984375 0.5403910187500001 0.1690418359375 0.50913486875 0.18920885468749998 0.53846083125 0.23545200937500002
2 0.4514143046875 0.46866807499999996 0.5982593890625 0.39518820468750004 0.4692304296875 0.130044721875 0.32238534531249996 0.20352459218750002 0.4514143046875 0.46866807499999996
2 0.35170961093750003 0.21871670937499998 0.357930034375 0.1656613828125 0.297356290625 0.1595973390625 0.2911358671875 0.2126526640625 0.35170961093750003 0.21871670937499998
2 0.400702103125 0.4403982 0.41588131875 0.352810640625 0.34242595468750003 0.341314396875 0.3272465234375 0.4289002671875 0.400702103125 0.4403982
2 0.33303223125 0.3806742328125 0.3446268984375 0.33110646250000003 0.3051224375 0.3225111359375 0.293527771875 0.3720789046875 0.33303223125 0.3806742328125
2 0.356394153125 0.352966715625 0.3795029203125 0.33786479375 0.342598325 0.28044175937500004 0.319489559375 0.29554368124999997 0.356394153125 0.352966715625
2 0.372078303125 0.5792461453125 0.37604108593749996 0.51013870625 0.2976837390625 0.5070053531250001 0.29372095625 0.5761127921875 0.372078303125 0.5792461453125
2 0.610256025 0.58379656875 0.6385422234375 0.5642876078125 0.6135167609375001 0.5274653828125 0.5852305624999999 0.54697434375 0.610256025 0.58379656875
2 0.60056450625 0.5265423765625 0.6203943546875 0.46932614062500005 0.5254726359374999 0.4378560484375 0.5056408796875 0.49507084375000004 0.60056450625 0.5265423765625
2 0.5753189203125 0.5883106859375 0.592165603125 0.54571073125 0.5022045859375 0.511430334375 0.48535937812499996 0.5540283515625 0.5753189203125 0.5883106859375
2 0.48893992812500003 0.5725815421875 0.5297244546875 0.45491305468750004 0.4637613375 0.43304301093750003 0.42297702812500004 0.550713190625 0.48893992812500003 0.5725815421875
2 0.4855325078125 0.65916075625 0.5201908265624999 0.5810303390625 0.40395036875 0.5310523859375 0.3692920484375 0.6091828031250001 0.4855325078125 0.65916075625
2 0.430932434375 0.5465404671874999 0.4885117796875 0.46363837343750003 0.41369518281250006 0.41229902812499997 0.3561139265625 0.4951996796875 0.430932434375 0.5465404671874999
2 0.5808868359375 0.2883264578125 0.5848799375 0.24433797968749998 0.5435842859375 0.2413022796875 0.539592878125 0.2852905140625 0.5808868359375 0.2883264578125
2 0.6810071625 0.26447504374999997 0.7699775875 0.17819883593750002 0.59928374375 0.001781253125 0.5103131000000001 0.088055771875 0.6810071625 0.26447504374999997
2 0.7122171046875 0.2458092359375 0.70654335625 0.20180338125000002 0.6737925687499999 0.2065918359375 0.6794663171875001 0.250597690625 0.7122171046875 0.2458092359375
0 0.9602233874999999 0.7757700828125 0.893325678125 0.0315893796875 0.004667334375 0.1269313296875 0.07156335 0.87111228125 0.9602233874999999 0.7757700828125