2 1 0.167122696875 0.8575500984375 0.1345860015625 0.685265296875 0.9489464796875 0.908784290625 1 0.9429218374999999 1 1 0.7302013859375001 1 0.167122696875
2 0.7923374578125 1 0.8978748984375 0.9561483109375001 0.872859640625 0.897883084375 0.7575224125 0.9458066640625 0.780789471875 1 0.7923374578125 1
2 0.8847519203124999 0.8801458953125 0.8729433671875 0.8477317609374999 0.7833640765625 0.8790342453125 0.7951723875 0.9114502671875 0.8847519203124999 0.8801458953125
2 0.87415774375 0.8033458078125 0.8430706625 0.7934163046875 0.832607134375 0.8279140546875 0.8636942140625001 0.8378435578125 0.87415774375 0.8033458078125
2 0.8998291078125 0.3086479015625 0.867368428125 0.2960498421875 0.8574155687499999 0.3227548234375 0.8898745968749999 0.335350715625 0.8998291078125 0.3086479015625
2 0.91289219375 0.2906465296875 0.9094006374999999 0.2455474828125 0.8502794546875 0.24910143749999997 0.8537710109375001 0.294200484375 0.91289219375 0.2906465296875
2 0.902617059375 0.220188578125 0.8429035453125 0.1768288984375 0.71242065 0.3588234328125 0.7721360578125 0.40218339218750004 0.902617059375 0.220188578125
2 0.832799890625 0.4707445328125 0.7711980203125 0.42222725156249996 0.740936428125 0.4610254703125 0.802536403125 0.509542475 0.832799890625 0.4707445328125
2 0.808092946875 0.5958063250000001 0.7966724828125 0.5373750562499999 0.7600721609375001 0.5439212390625 0.771494765625 0.60235089375 0.808092946875 0.5958063250000001
2 0.785563925 0.6112890453125 0.716989703125 0.5639946765625 0.6173942203125 0.71054004375 0.6859665453125 0.757834134375 0.785563925 0.6112890453125
2 0.760301853125 0.5777805500000001 0.735392178125 0.5059130093750001 0.5913815765625 0.5536569890624999 0.616292903125 0.6255267015625 0.760301853125 0.5777805500000001
2 0.758107078125 0.7309748 0.718716353125 0.70587443125 0.6803179890625 0.7672162796875 0.7197089578125 0.7923147593750001 0.758107078125 0.7309748
2 0.7877595734375 0.38700097968749997 0.8037587921875 0.1466922734375 0.50102784375 0.1212590203125 0.48503052343749997 0.36156800625 0.7877595734375 0.38700097968749997
2 0.48114742499999996 0.125599459375 0.28522924375 0.063018965625 0.200846765625 0.341221775 0.39676495 0.40380226874999997 0.48114742499999996 0.125599459375
2 0.2581931734375 0.1914312078125 0.2290679734375 0.1705364234375 0.19783088437500002 0.2146552953125 0.22695608437499998 0.23555008437499997 0.2581931734375 0.1914312078125
2 0.3354554328125 0.3657110484375 0.29950812656250003 0.35815125625 0.29076823749999997 0.40336524687499997 0.3267155421875 0.4109250359375 0.3354554328125 0.3657110484375
2 0.237200225 0.3248995984375 0.0756344984375 0.27124655625 0.013027439062500002 0.46930843906249997 0.174593165625 0.5229614828125 0.237200225 0.3248995984375
2 0.2696430609375 0.3935746 0.25876773124999997 0.30971936875 0.2269222234375 0.313306359375 0.23779755625000001 0.397161590625 0.2696430609375 0.3935746
2 0.126605928125 0.528461171875 0.107792984375 0.49904526875000005 0.07570535625 0.519254475 0.0945183 0.548670378125 0.126605928125 0.528461171875
2 0.3420554515625 0.50577781875 0.3105090296875 0.419971371875 0.166878421875 0.4706508859375 0.19842484062500002 0.5564573296875001 0.3420554515625 0.50577781875
2 0.46400433906250005 0.32936464062500004 0.46275356093750003 0.26383235625 0.3860793703125 0.2639588046875 0.3873303921875 0.32948919375 0.46400433906250005 0.32936464062500004
2 0.32427961875 0.6071988765625 0.31733483281249997 0.52366404375 0.172831575 0.5331816328125 0.179776365625 0.6167164671875 0.32427961875 0.6071988765625
2 0.32205757031250004 0.7630745453125 0.3207462734375 0.6071657984375001 0.10963316406250001 0.6052569125 0.110944459375 0.761165659375 0.32205757031250004 0.7630745453125
2 0.3562723046875 0.8468515578125 0.30499584999999996 0.7071280390625 0.0190722359375 0.8078273109375 0.070350340625 0.9475529968749999 0.3562723046875 0.8468515578125
2 0.3615297515625 0.87885303125 0.233424265625 0.8554475015625 0.2203245390625 0.9345663953125 0.3484283734375 0.957969759375 0.3615297515625 0.87885303125
2 0.4434151375 0.9528498265625001 0.4472241859375 0.9233066796875 0.3866195984375 0.9144457562499999 0.38281054999999997 0.9439889031250001 0.4434151375 0.9528498265625001
2 0.434117703125 0.8921726265625001 0.41924437656249997 0.8618840734375001 0.36238716718749997 0.8890727500000001 0.37726025 0.91936319375 0.434117703125 0.8921726265625001
2 0.5972535890625 0.8635184562499999 0.5554512453125 0.8434112593749999 0.53257511875 0.8924069687499999 0.5743774609375001 0.9125141625 0.5972535890625 0.8635184562499999
2 0.6622744421875 0.8753540984375 0.6648293109375001 0.841572496875 0.61664310625 0.8370893671875 0.6140882390625 0.87087096875 0.6622744421875 0.8753540984375
2 0.628704071875 0.80807463125 0.5937323984375 0.785508240625 0.5609201328125 0.837248834375 0.5958920484375 0.8598133296875 0.628704071875 0.80807463125
2 0.6606398765625 0.606782428125 0.4963376828125 0.5245671890625 0.35196961718750003 0.821231225 0.516271809375 0.903446465625 0.6606398765625 0.606782428125
2 0.3917398984375 0.86359565625 0.384779984375 0.804233053125 0.31700516562500003 0.8110179984375 0.3239650796875 0.8703806000000001 0.3917398984375 0.86359565625
2 0.456580496875 0.654197884375 0.439596759375 0.5561978187500001 0.357408696875 0.5690626375 0.37439267656249997 0.6670608140625001 0.456580496875 0.654197884375
2 0.3768552703125 0.6784822796875 0.36388221718749997 0.6230218375 0.3196814234375 0.6326389875 0.332654475 0.6880994281249999 0.3768552703125 0.6784822796875
2 0.41587739375000005 0.6709205109374999 0.39002142968750003 0.6540232546875 0.3487295765625 0.7182728046875 0.37458553906250003 0.735170059375 0.41587739375000005 0.6709205109374999
2 0.4120040125 0.47816648281249996 0.40757012968749995 0.40084347343750004 0.31989757343749997 0.4043493234375 0.32433145625000004 0.4816723328125 0.4120040125 0.47816648281249996
2 0.7057115781250001 0.4175802984375 0.6740626859375001 0.395752090625 0.6460621671875 0.43695178281249997 0.6777110609375 0.45877999062499997 0.7057115781250001 0.4175802984375
2 0.6854062703125 0.5238308921875 0.663219028125 0.45981272500000003 0.557010775 0.49502562968749997 0.5792001515625 0.5590421828125 0.6854062703125 0.5238308921875
2 0.653821653125 0.438365615625 0.63497221875 0.39070132968750004 0.5343181859375 0.42905918749999994 0.5531659703125 0.47672130468749996 0.653821653125 0.438365615625
2 0.58395743125 0.539957421875 0.5383243953125 0.40830037187499996 0.4645197515625 0.4327684578125 0.5101525453125 0.5644274 0.58395743125 0.539957421875
2 0.5732904359375001 0.3988471734375 0.534511896875 0.311428525 0.4044526421875 0.3673479125 0.44323118125 0.45476656093749995 0.5732904359375001 0.3988471734375
2 0.5378453484375 0.5301948265624999 0.47342090625 0.4374372390625 0.389707890625 0.49488147656250003 0.4541344703125 0.5876374515625 0.5378453484375 0.5301948265624999
2 0.645669859375 0.775565896875 0.6412020546874999 0.72634801875 0.594999025 0.7297448796875 0.5994649359374999 0.778962484375 0.645669859375 0.775565896875
2 0.7072205265625 1 0.8527721265625001 0.8495677359375 0.753224796875 0.753034915625 0.5622384328125001 0.9504271078125001 0.6133605046875 1 0.7072205265625 1
2 0.7817967625 0.82315705625 0.7881450125 0.7739197359375 0.751500775 0.768562025 0.7451525250000001 0.81779934375 0.7817967625 0.82315705625
0 1 0.1739147765625 0.071329621875 0.074279965625 0 0.867782325 0 0.9073075328125 0.8639631812499999 1 0.9920071046875 1 1 0.9110857749999999 1 0.1739147765625