2 0.2222247078125 1 0.35504708281249997 0.9696623093750001 0.190802240625 0.193305321875 0 0.236886078125 0 0.501149821875 0.10553594531249999 1 0.2222247078125 1
2 0.2718518328125 1 0.28616196718750003 0.9666690203125 0.17620714375 0.9209818734375 0.1523592640625 0.9765280562499999 0.20884896562500002 1 0.2718518328125 1
2 0.17612732343749998 0.8731709453125 0.1648698359375 0.9040724203125 0.250268990625 0.9339159218749999 0.26152624687500003 0.9030126468749999 0.17612732343749998 0.8731709453125
2 0.20460596875 0.8213902093750001 0.17496961875 0.8308563359375001 0.18494485 0.8637441921875 0.21458119843749998 0.8542780656250001 0.20460596875 0.8213902093750001
2 0.1814420984375 0.34723418281249996 0.15049625 0.3592443328125 0.15998621875000002 0.38470101562500003 0.1909304921875 0.37269293124999997 0.1814420984375 0.34723418281249996
2 0.1413713921875 0.29908860000000004 0.138042775 0.342083025 0.19440497031249998 0.34547112812499997 0.19773358593749998 0.302476703125 0.1413713921875 0.29908860000000004
2 0.20476528593749999 0.2335768828125 0.14783840312500002 0.2749131109375 0.2722302921875 0.44841483281250005 0.32915897968749996 0.40707834062500003 0.20476528593749999 0.2335768828125
2 0.273124553125 0.46752331406250003 0.2143974390625 0.5137764546875 0.243248628125 0.5507638265625 0.3019739390625 0.5045109484375 0.273124553125 0.46752331406250003
2 0.24883890000000003 0.577297553125 0.237951390625 0.6330020296875001 0.27284165625 0.639241184375 0.28373120625000003 0.5835382484375 0.24883890000000003 0.577297553125
2 0.32480315000000004 0.602674925 0.2594290578125 0.6477622234375 0.354378559375 0.7874685421875001 0.41975084375 0.7423815078125 0.32480315000000004 0.602674925
2 0.30725945625 0.547303734375 0.28351223281250004 0.6158174578125 0.420800765625 0.6613354546875 0.4445495640625 0.5928196640625 0.30725945625 0.547303734375
2 0.3231570765625 0.7379336249999999 0.285604584375 0.76186264375 0.32221079375 0.8203400703125 0.3597635171875 0.796412853125 0.3231570765625 0.7379336249999999
2 0.24208328437499999 0.20484663281249998 0.25733587343750003 0.4339409328125 0.54593756875 0.4096948328125 0.5306867890625 0.1806002671875 0.24208328437499999 0.20484663281249998
2 0.7364147890625 0.1250780796875 0.5496394546875 0.1847381515625 0.6300840812499999 0.4499581640625 0.8168594171875 0.3902980921875 0.7364147890625 0.1250780796875
2 0.7899551984375 0.22757805625 0.7621891749999999 0.2474977515625 0.7919685328125 0.289557746875 0.81973455625 0.2696380484375 0.7899551984375 0.22757805625
2 0.722802253125 0.40643753125000004 0.6885324859375 0.4136445328125 0.6968645171875 0.45674853437499996 0.7311342796875 0.44954153437500005 0.722802253125 0.40643753125000004
2 0.9362284453124999 0.3235883828125 0.7822024515625 0.3747376171875 0.8418878484375 0.5635566140625 0.9959138421875 0.512407378125 0.9362284453124999 0.3235883828125
2 0.7616414296875 0.3602657984375 0.751273615625 0.44020778437499997 0.781632996875 0.44362738281249997 0.7920008140625 0.363685396875 0.7616414296875 0.3602657984375
2 0.9055706890625 0.540756490625 0.8876356812499999 0.56879965 0.9182258859375001 0.5880657593749999 0.93616089375 0.5600226 0.9055706890625 0.540756490625
2 0.7123147249999999 0.46537270781249995 0.6822404703125 0.547174853125 0.8191683187500001 0.5954893218749999 0.8492425718750001 0.513687178125 0.7123147249999999 0.46537270781249995
2 0.5671749390625 0.3165201796875 0.5659825296875 0.378994290625 0.639078359375 0.37911303125 0.640271 0.31664072656250003 0.5671749390625 0.3165201796875
2 0.705807459375 0.5642263890625 0.6991867640625 0.643862928125 0.83694653125 0.652936365625 0.84356723125 0.5732998234375 0.705807459375 0.5642263890625
2 0.7025552203125 0.6438313953125 0.7013051171875 0.7924644 0.90256628125 0.7906445953125 0.9038163828125001 0.642011590625 0.7025552203125 0.6438313953125
2 0.7175706234375 0.7391287296875 0.6686870703125 0.87233181875 0.9412660078125 0.9683338562499999 0.990151134375 0.8351287031249999 0.7175706234375 0.7391287296875
2 0.7858022 0.8805266187499999 0.6636749703125 0.902839890625 0.67616495 0.978264503125 0.7982906062499999 0.955953296875 0.7858022 0.8805266187499999
2 0.581979609375 0.9452190343750001 0.5856109015625 0.9733835015625001 0.643387275 0.9649360890625 0.6397559828125 0.936771621875 0.581979609375 0.9452190343750001
2 0.6086536953125 0.8866628171875 0.5944744562500001 0.9155379031249999 0.6486785609375 0.941459578125 0.6628575671875 0.9125826890625 0.6086536953125 0.8866628171875
2 0.478803146875 0.8690520671874999 0.438951578125 0.8882209281250001 0.460760153125 0.93493016875 0.5006117203125 0.9157613093749999 0.478803146875 0.8690520671874999
2 0.374529390625 0.8672991140624999 0.37696503125 0.899504240625 0.4229025453125 0.8952303234375 0.4204669046875 0.863025196875 0.374529390625 0.8672991140624999
2 0.442308446875 0.8138511906250001 0.408968784375 0.8353644812500001 0.4402495796875 0.8846887078125001 0.4735894734375 0.8631772218749999 0.442308446875 0.8138511906250001
2 0.535158075 0.5650873859375001 0.37852331875 0.643465915625 0.5161542078125 0.9262856296875001 0.672788965625 0.8479071015624999 0.535158075 0.5650873859375001
2 0.6415097484375 0.8317021765625 0.6348746296875001 0.8882945250000001 0.6994866234375 0.8947628390625001 0.7061217421875 0.8381704921875001 0.6415097484375 0.8317021765625
2 0.589251090625 0.5952419203125 0.5730599265625 0.68866865 0.651412315625 0.700931309375 0.6676037078125 0.60750638125 0.589251090625 0.5952419203125
2 0.6614322859375 0.658947484375 0.6490646421874999 0.7118197734375 0.6912027328125 0.7209881218749999 0.7035703765625 0.668115834375 0.6614322859375 0.658947484375
2 0.6365129031250001 0.6885021703125 0.6118635515624999 0.7046108859375 0.651228453125 0.7658621234375 0.675877803125 0.74975340625 0.6365129031250001 0.6885021703125
2 0.61978314375 0.4471374453125 0.615556175 0.520852046875 0.6991373453125 0.524194290625 0.7033643140625 0.4504796890625 0.61978314375 0.4471374453125
2 0.36572690625000004 0.44228365937499997 0.33555496093750004 0.46309321875 0.3622487890625 0.5023702578125 0.3924207328125 0.4815607 0.36572690625000004 0.44228365937499997
2 0.3760645265625 0.5033547984375 0.3549126890625 0.56438545 0.45616252187499995 0.5979535484375 0.4773163953125 0.5369244328125 0.3760645265625 0.5033547984375
2 0.4029931515625 0.43746860156249995 0.38502335625 0.482908553125 0.48098177499999994 0.5194743093749999 0.49894999687499997 0.474036425 0.4029931515625 0.43746860156249995
2 0.49513074375 0.4542463546875 0.4516272484375 0.5797594078125 0.52198790625 0.6030874546875 0.5654911703125001 0.477572596875 0.49513074375 0.4542463546875
2 0.49876532500000004 0.36189519375 0.46179645156250004 0.44523430468749997 0.5857862734375 0.498544121875 0.6227551484375 0.415205009375 0.49876532500000004 0.36189519375
2 0.557005403125 0.4820235015625 0.49558743437499997 0.5704524015625 0.5753918046875001 0.6252143703125 0.6368118109375 0.5367870078125 0.557005403125 0.4820235015625
2 0.3970540421875 0.757451778125 0.3927947328125 0.8043728218749999 0.436843428125 0.8076109015625 0.44110092968750003 0.76069011875 0.3970540421875 0.757451778125
2 0.44250257812499993 1 0.47233269375000003 0.9710738437499999 0.2902590265625 0.7828932859375 0.19535724062499998 0.8749212421875001 0.316377909375 1 0.44250257812499993 1
2 0.256968421875 0.80280348125 0.2630204203125 0.8497430593749999 0.29795459375 0.844635375 0.29190259531249996 0.797695796875 0.256968421875 0.80280348125
0 1 0.7995821203125 0.9403324265625 0.13581356718749998 0 0.23669957187500001 0 0.3217397359375 0.060971828125 1 0.35556882343749996 1 1 0.9308605765625 1 0.7995821203125