2 0.8503939875000001 0.9503306968749999 0.8676835437499999 0.7341977843749999 0.1781075953125 0.6790316453125 0.1608180375 0.8951645562499999 0.8503939875000001 0.9503306968749999
2 0.1977246828125 0.854101265625 0.24257753124999998 0.82743354375 0.1893639234375 0.7379398734375 0.1445110765625 0.7646075953125 0.1977246828125 0.854101265625
2 0.2585743671875 0.8353085437500001 0.2837800640625 0.82220095 0.247311709375 0.7520680375000001 0.22210442968750002 0.7651756328125 0.2585743671875 0.8353085437500001
2 0.3203829109375 0.818504746875 0.3248053796875 0.7919683546875 0.2952136078125 0.7870363921875 0.2907911390625 0.813572784375 0.3203829109375 0.818504746875
2 0.729792721875 0.7872594937499999 0.7362420890625 0.7593148734375 0.7131123421875001 0.7539778484374999 0.70666455625 0.7819208859375 0.729792721875 0.7872594937499999
2 0.7461471515625 0.7960664562499999 0.7827705703125 0.788436709375 0.7727515828125 0.740341771875 0.7361281640625 0.74797151875 0.7461471515625 0.7960664562499999
2 0.8027848093750001 0.7801946203125001 0.8312278484375 0.7266550640625 0.6660743671875 0.6389161390625 0.6376313296875 0.692457278125 0.8027848093750001 0.7801946203125001
2 0.5886028484375 0.7494398734375001 0.6210553796875 0.6938069625 0.585553796875 0.6730981015624999 0.553101265625 0.7287294296875 0.5886028484375 0.7494398734375001
2 0.48291455625 0.74240348125 0.5295363921875 0.7268639234375 0.519764240625 0.69754905 0.47314398750000003 0.713090190625 0.48291455625 0.74240348125
2 0.46749208906249995 0.7255696203124999 0.49810284843749997 0.6643496828125001 0.3657753171875 0.598186709375 0.33516455624999997 0.6594050640625 0.46749208906249995 0.7255696203124999
2 0.4919810125 0.70131645625 0.5480189875 0.67329746875 0.49150949375 0.5602768984375001 0.4354699359375 0.58829746875 0.4919810125 0.70131645625
2 0.365889240625 0.71571044375 0.3817753171875 0.6807626578125 0.3267800640625 0.6557658234375 0.3108955703125 0.6907136078125 0.365889240625 0.71571044375
2 0.6519778484375001 0.7036613921875 0.8512800640625 0.6913765828125 0.8358148734374999 0.44049367031250003 0.6365126578125 0.45278006406250004 0.6519778484375001 0.7036613921875
2 0.8298623421875 0.42465348125 0.8577357593749999 0.25741455625 0.6190965187499999 0.21764082343750002 0.5912231015625 0.384879746875 0.8298623421875 0.42465348125
2 0.7490158234375001 0.248822784375 0.7626803796875 0.22273575937499998 0.72269145625 0.20178955625 0.7090268984375 0.2278765828125 0.7490158234375001 0.248822784375
2 0.6151471515625 0.3305886078125 0.6170395562500001 0.30031803749999997 0.5788528484375 0.2979319625 0.57696044375 0.32820253125 0.6151471515625 0.3305886078125
2 0.6368686703125 0.24571993593750002 0.661534809375 0.10758860781249999 0.49133544375 0.077196203125 0.46666930312500005 0.21532753124999998 0.6368686703125 0.24571993593750002
2 0.5843575953125 0.27957753125 0.651927215625 0.26179746875 0.6451566453125 0.2360680375 0.5775870249999999 0.2538481015625 0.5843575953125 0.27957753125
2 0.45638924062499997 0.17656645625 0.47829113906250004 0.158033228125 0.45783860781249996 0.13386234218749998 0.43593670937500006 0.1523955703125 0.45638924062499997 0.17656645625
2 0.5008939875 0.35080537968750003 0.5675838609375 0.3158718359375 0.5087088609375 0.20347310156249998 0.4420189875 0.2384066453125 0.5008939875 0.35080537968750003
2 0.6604382906249999 0.4321376578125 0.7141139234375 0.42418512656249996 0.704802215625 0.361337025 0.6511281640625 0.36928955625 0.6604382906249999 0.4321376578125
2 0.41545569687499995 0.34695253125000003 0.4832341765625 0.33242879687500004 0.458063290625 0.21496360781249998 0.390284809375 0.22948734218750003 0.41545569687499995 0.34695253125000003
2 0.28715822812499997 0.36160759531250003 0.41505854375 0.344052215625 0.391273734375 0.1707689875 0.2633734171875 0.1883243671875 0.28715822812499997 0.36160759531250003
2 0.222455696875 0.398514240625 0.331061709375 0.34170569687499996 0.214014240625 0.1179351265625 0.10540664531249999 0.174745253125 0.222455696875 0.398514240625
2 0.196802215625 0.406207278125 0.2006424046875 0.29870569687500004 0.1340838609375 0.2963291140625 0.130245253125 0.4038291140625 0.196802215625 0.406207278125
2 0.1458575953125 0.481162975 0.170580696875 0.481162975 0.170580696875 0.43053955625 0.1458575953125 0.43053955625 0.1458575953125 0.481162975
2 0.1945791140625 0.46712658281249997 0.2176708859375 0.4517310125 0.1885110765625 0.40799050625 0.16541772187499998 0.4233860765625 0.1945791140625 0.46712658281249997
2 0.23770569687499998 0.5978449359375 0.24920095 0.561447784375 0.20621044375 0.5478718359375 0.194715190625 0.5842689875 0.23770569687499998 0.5978449359375
2 0.235792721875 0.65240348125 0.26384651875 0.650927215625 0.2617420890625 0.610947784375 0.23368829062500002 0.61242405 0.235792721875 0.65240348125
2 0.2870221515625 0.6177689875000001 0.3013575953125 0.586712025 0.254919303125 0.5652800640625 0.24058544375 0.596337025 0.2870221515625 0.6177689875000001
2 0.45619145625 0.62267405 0.5039889234375 0.4792800640625 0.2429825953125 0.39227848125000003 0.1951851265625 0.53567246875 0.45619145625 0.62267405
2 0.212962025 0.4293623421875 0.26088449375 0.4173813296875 0.24717246875 0.362533228125 0.19924999999999998 0.374514240625 0.212962025 0.4293623421875
2 0.39274050625 0.4603876578125 0.4711946203125 0.43610442968749996 0.45075791093750006 0.370082278125 0.3723053796875 0.39436550625 0.39274050625 0.4603876578125
2 0.3632199359375 0.397591771875 0.407215190625 0.3810933546875 0.3940079109375 0.34587183593750004 0.3500126578125 0.36237025312500004 0.3632199359375 0.397591771875
2 0.37411708906249996 0.428784809375 0.38489082343750003 0.4058006328125 0.327159809375 0.3787389234375 0.3163860765625 0.40172310156249996 0.37411708906249996 0.428784809375
2 0.5319731015625 0.4052341765625 0.59495095 0.3934256328125 0.581542721875 0.321917721875 0.5185648734375 0.333726265625 0.5319731015625 0.4052341765625
2 0.6170079109375 0.6396265828125001 0.6311360765625 0.6113718359375 0.59393354375 0.5927705703124999 0.5798053796875 0.6210253171875 0.6170079109375 0.6396265828125001
2 0.52729905 0.63421044375 0.577216771875 0.6092531640625001 0.53553955625 0.5259003171875001 0.4856234171875 0.5508591765624999 0.52729905 0.63421044375
2 0.5937041140625 0.5992816453125 0.630590190625 0.5787895562500001 0.5869968359375 0.500322784375 0.5501123421874999 0.520813290625 0.5937041140625 0.5992816453125
2 0.501870253125 0.5527420890625 0.60452848125 0.501412975 0.5755680375 0.44349050625 0.472908228125 0.4948196203125 0.501870253125 0.5527420890625
2 0.6164920890625 0.529080696875 0.6836376578125 0.48804746874999994 0.6220886078125 0.38732911406250004 0.5549430375 0.4283623421875 0.6164920890625 0.529080696875
2 0.504351265625 0.5139050640625 0.572802215625 0.4512816453125 0.51556645625 0.38872151875 0.44711708906250003 0.45134651875 0.504351265625 0.5139050640625
2 0.31576107656249996 0.6282420890625 0.3556503171875 0.6193765828125 0.347311709375 0.5818560125000001 0.30742246875 0.5907199359375 0.31576107656249996 0.6282420890625
2 0.2798496828125 0.8058575953125 0.34718354375 0.71403955625 0.1621170890625 0.5783243671875 0.094784809375 0.6701424046875 0.2798496828125 0.8058575953125
2 0.2930189875 0.7448765828125 0.3342231015625 0.7448765828125 0.3342231015625 0.7142674046875 0.2930189875 0.7142674046875 0.2930189875 0.7448765828125
0 0.161688290625 0.93634651875 0.8545854437499999 0.909697784375 0.8227990500000001 0.0832389234375 0.1299018984375 0.10988924062500001 0.161688290625 0.93634651875