2 0.681609840625 0.8849210453125 0.9441678890625 0.8532380578125001 0.8673331171875001 0.0187669484375 0.6047750703125 0.050449934375000005 0.681609840625 0.8849210453125
2 0.7861336765625 0.121380140625 0.8179251750000001 0.0656059578125 0.708354159375 0.0054276421875 0.6765626625000001 0.061201828125 0.7861336765625 0.121380140625
2 0.7803541609375 0.17166215468749998 0.7959354656250001 0.140412 0.710142696875 0.099604059375 0.6945614171875001 0.1308561375 0.7803541609375 0.17166215468749998
2 0.744173871875 0.22296576406250002 0.7763777171874999 0.21628378124999997 0.769962109375 0.180600996875 0.7377582625 0.187282978125 0.744173871875 0.22296576406250002
2 0.7102907640625 0.7240980984375 0.7441782406249999 0.7148856328125001 0.7373596328125 0.6870702984375 0.7034740562499999 0.6962807609375 0.7102907640625 0.7240980984375
2 0.7463592171875 0.779146728125 0.755118290625 0.734305534375 0.6964964171875 0.7245209406249999 0.6877373453125 0.7693621328125 0.7463592171875 0.779146728125
2 0.671922615625 0.8410340625 0.73662058125 0.8038533453125 0.6276013453125 0.60768421875 0.5629014531250001 0.6448650109375 0.671922615625 0.8410340625
2 0.6290079421875 0.587492925 0.6961945546874999 0.5453408046875 0.6705097890625 0.5032636 0.6033251 0.5454156390625 0.6290079421875 0.587492925
2 0.6679080500000001 0.4747462515625 0.68614344375 0.41737488437500003 0.65036226875 0.4069627609375 0.63212493125 0.4643322828125 0.6679080500000001 0.4747462515625
2 0.5914503171875001 0.43967599843749994 0.6654564265625 0.3994835484375 0.5831326484375 0.242100534375 0.5091284625 0.28229290625000003 0.5914503171875001 0.43967599843749994
2 0.6030364500000001 0.499835521875 0.6363127390625001 0.4304148578125 0.49808991249999995 0.3673969515625 0.46481172187500003 0.43681961718749995 0.6030364500000001 0.499835521875
2 0.6097614828125 0.297633153125 0.65203080625 0.2766173234375 0.6208582953125 0.21108721406250003 0.5785889515625 0.23210112343749997 0.6097614828125 0.297633153125
2 0.629310134375 0.8671242749999999 0.641427759375 0.6245477687500001 0.336154603125 0.6181828828125 0.32403505312499997 0.8607594671875001 0.629310134375 0.8671242749999999
2 0.1017336625 0.8964300890624999 0.30469025781250003 0.8543162343749999 0.2529517296875 0.566556775 0.049995135937500004 0.60867063125 0.1017336625 0.8964300890624999
2 0.058221740625 0.782740834375 0.08974842656250001 0.7648604515625 0.0637135015625 0.7173469156250001 0.032186820312499996 0.7352273046875 0.058221740625 0.782740834375
2 0.15049580625 0.602083275 0.18727595156250001 0.5982882609375 0.1838343578125 0.5520445890625 0.1470542125 0.5558396046875 0.15049580625 0.602083275
2 0 0.6473765828125 0.084388846875 0.628858365625 0.04502569375 0.42372627500000004 0 0.43360667499999994 0 0.6473765828125
2 0.10415107187499999 0.6463452828125 0.1248143796875 0.5634307984375 0.093433378125 0.556483621875 0.0727700671875 0.6393981078125 0.10415107187499999 0.6463452828125
2 0.16870841718750001 0.541270671875 0.21024162031250002 0.45857568750000005 0.0727395328125 0.392657103125 0.0312063296875 0.4753520875 0.16870841718750001 0.541270671875
2 0.3024830890625 0.71381159375 0.31139338125 0.6482516859375 0.23484270937499999 0.6400575453124999 0.225932396875 0.7056155328125 0.3024830890625 0.71381159375
2 0.18764710625 0.43804435937499997 0.2043479875 0.355037390625 0.061162309375 0.33028892656250003 0.0444614265625 0.4132958953125 0.18764710625 0.43804435937499997
2 0 0.3353777546875 0.2008157859375 0.35469869374999996 0.2203522984375 0.1985490515625 0.009315354687500001 0.178244709375 0 0.25269962343749997 0 0.3353777546875
2 0 0 0 0.158645159375 0.19677413906250002 0.2528359234375 0.26431277343750004 0.11816924843750001 0.017450603125 0 0 0
2 0.1426438578125 0.0966237 0.2733040140625 0.086643303125 0.269470640625 0.0059554937500000005 0.1388123859375 0.015933890625 0.1426438578125 0.0966237
2 0.36407395781249996 0.051100234375 0.3637241578125 0.021084417187500003 0.3021695859375 0.023588756250000002 0.3025193828125 0.0536045703125 0.36407395781249996 0.051100234375
2 0.3289529890625 0.1097274765625 0.3473462203125 0.08093060468749999 0.29374819531249996 0.047690190625000003 0.2753549859375 0.0764889828125 0.3289529890625 0.1097274765625
2 0.46280710156250005 0.14257979999999998 0.5069008796875 0.12682308281250002 0.4897852078125 0.0753007828125 0.44569142968750003 0.0910575015625 0.46280710156250005 0.14257979999999998
2 0.5718151171875 0.1559341484375 0.57321323125 0.121801571875 0.52457123125 0.12122440625 0.52317311875 0.15535698125 0.5718151171875 0.1559341484375
2 0.49426461875000005 0.2046523078125 0.5318249078124999 0.18571155 0.5051081078124999 0.1303939234375 0.4675477953125 0.14933275937499998 0.49426461875000005 0.2046523078125
2 0.3665017390625 0.45597754999999995 0.540182640625 0.39085391875000003 0.43070185 0.0782753921875 0.25702094999999997 0.1433990234375 0.3665017390625 0.45597754999999995
2 0.2877975640625 0.16389151875000002 0.30168760781250004 0.1051171203125 0.234802103125 0.0911829609375 0.22091205937499997 0.1499573609375 0.2877975640625 0.16389151875000002
2 0.3135391609375 0.41829854843750003 0.3419558671875 0.3218477078125 0.26138836875 0.30030394843749997 0.23297163906249999 0.39675286718749997 0.3135391609375 0.41829854843750003
2 0.24574427656250003 0.3433438125 0.2651827375 0.28911389375 0.2221689421875 0.2748216109375 0.20273047968750002 0.3290515328125 0.24574427656250003 0.3433438125
2 0.2754707578125 0.315017984375 0.3032654953125 0.30080078593750004 0.2695435140625 0.2320494765625 0.2417487765625 0.246266675 0.2754707578125 0.315017984375
2 0.26339567812500003 0.5706599140625 0.27686299999999997 0.49361561875 0.18972461875 0.4808744546875 0.1762572953125 0.5579187531249999 0.26339567812500003 0.5706599140625
2 0.52891515625 0.60380975625 0.56307108125 0.5852592750000001 0.5399268609375001 0.541012640625 0.5057709406249999 0.5595631187500001 0.52891515625 0.60380975625
2 0.5255761156250001 0.53845223125 0.5552161718749999 0.47661350156250004 0.45327714375 0.43013934374999996 0.4236351390625 0.49197623124999995 0.5255761156250001 0.53845223125
2 0.4892896359375 0.60475885 0.5136847109375 0.5589624703125 0.41765585468750005 0.5099204109375 0.3932626828125 0.555714790625 0.4892896359375 0.60475885
2 0.3948363265625 0.5769456734375 0.45579650625 0.44977115312500004 0.384957015625 0.41747436562500007 0.3239968609375 0.544650809375 0.3948363265625 0.5769456734375
2 0.3797040828125 0.6736517125 0.42864763124999994 0.5901017265624999 0.30531024375000004 0.5203588046875 0.25636669218749997 0.603908790625 0.3797040828125 0.6736517125
2 0.3334312140625 0.5409074515625 0.40860847031249997 0.454704565625 0.3317318234375 0.3883124796875 0.25655262031250003 0.4745135234375 0.3334312140625 0.5409074515625
2 0.5347506265625 0.2689520859375 0.5449660921875 0.2200847921875 0.49922377031250004 0.21181727499999997 0.48901022968749996 0.26068449375 0.5347506265625 0.2689520859375
2 0.528299934375 0 0.482095740625 0.03601816875 0.6497344640625 0.2539897765625 0.760426165625 0.167698865625 0.6314503421875 0 0.528299934375 0
2 0.6870467796875 0.23672925937499997 0.6864637984375 0.186704178125 0.64924515625 0.1882184125 0.6498281390625 0.23824349374999998 0.6870467796875 0.23672925937499997
0 0 0.8623783968750001 0.89482038125 0.860336928125 0.9174198484374999 0.0177862359375 0 0.01987919375 0 0.8623783968750001