2 0.07800369375 0.144081446875 0.106815409375 0.3828451703125 0.865662575 0.3129735515625 0.836850859375 0.0742098265625 0.07800369375 0.144081446875
2 0.0658732625 0.28865293593749997 0.11659291249999999 0.317563328125 0.171317565625 0.2179221875 0.12059791718749999 0.18901179375 0.0658732625 0.28865293593749997
2 0.1515149421875 0.287026484375 0.1799348 0.30119571093749997 0.217042771875 0.223177934375 0.1886246625 0.2090086859375 0.1515149421875 0.287026484375
2 0.22517153125 0.23262820624999997 0.23124795781250002 0.2619135796875 0.2636969921875 0.2560793859375 0.2576205640625 0.2267940140625 0.22517153125 0.23262820624999997
2 0.685742053125 0.262276084375 0.6941178171875 0.2930907796875 0.7194142078125 0.2868918359375 0.711036621875 0.2560754125 0.685742053125 0.262276084375
2 0.7197987296874999 0.29943607031249997 0.7605761890625 0.3074013515625 0.76947405625 0.2540920875 0.7286965953125 0.24612680468749998 0.7197987296874999 0.29943607031249997
2 0.6135503359375 0.3620875265625 0.64736161875 0.42092399062499997 0.82575285 0.321782871875 0.7919416359375 0.262948159375 0.6135503359375 0.3620875265625
2 0.5185928359374999 0.3230676609375 0.556924846875 0.3841637375 0.595188878125 0.360808403125 0.55685679375 0.2997105765625 0.5185928359374999 0.3230676609375
2 0.4310192609375 0.3413893125 0.48318967031250004 0.35797389062499996 0.49265987187500004 0.32543361718749997 0.44048778593750004 0.30885080625 0.4310192609375 0.3413893125
2 0.28109767343750003 0.4025262484375 0.3176476109375 0.46982380468749996 0.4607678609375 0.3949623671875 0.42421785156249997 0.3276630625 0.28109767343750003 0.4025262484375
2 0.395039103125 0.4798619859375 0.4581703390625 0.510124340625 0.515475428125 0.384426228125 0.4523460109375 0.354165603125 0.395039103125 0.4798619859375
2 0.2528949359375 0.3682194875 0.272004459375 0.40665817187500003 0.3315976484375 0.3783106515625 0.312486378125 0.3398719859375 0.2528949359375 0.3682194875
2 0.623097559375 0.6271219078125 0.843690640625 0.6381431234375 0.8494786375000001 0.360533596875 0.6288856265625 0.34951413124999997 0.623097559375 0.6271219078125
2 0.5761500671875 0.7027845203124999 0.6144473546875 0.8873481734374999 0.8761286125 0.84029845 0.837831325 0.655734796875 0.5761500671875 0.7027845203124999
2 0.7132748515625 0.874873034375 0.7295348296874999 0.9035426109375001 0.7727424468749999 0.8798671046875001 0.7564824734375 0.8511975250000001 0.7132748515625 0.874873034375
2 0.5629530484374999 0.76563813125 0.566404140625 0.799085075 0.608456978125 0.7959553765625 0.6050058875000001 0.76250843125 0.5629530484374999 0.76563813125
2 0.6643891484375 1 0.6328055765625 0.8560713921875 0.44626358125000004 0.8918672593749999 0.46999214062499994 1 0.6643891484375 1
2 0.56698979375 0.847846521875 0.6423901546875 0.8666372203125 0.6487077421875 0.8381001187500001 0.5733073828124999 0.8193094234375 0.56698979375 0.847846521875
2 0.41516424843750005 0.9618488812500001 0.44017887343749995 0.9820599609375 0.46167219687500005 0.955070165625 0.436657575 0.934859084375 0.41516424843750005 0.9618488812500001
2 0.418010053125 0.8666649874999999 0.4932108046875 0.9044342437499999 0.5531555171875 0.7793932828125001 0.477954765625 0.7416240265625 0.418010053125 0.8666649874999999
2 0.6429898296875 0.7192524109375 0.702606625 0.7273552265625 0.7100599187500001 0.657741940625 0.6504413765625 0.64963914375 0.6429898296875 0.7192524109375
2 0.36129399218749997 0.8771930250000001 0.4367784546875 0.8923803906250001 0.4592840890625 0.7621709125 0.3837996265625 0.7469835484375 0.36129399218749997 0.8771930250000001
2 0.2230287828125 0.9243413500000001 0.365027365625 0.9421073640625 0.383491625 0.7501956453124999 0.24149304374999997 0.732429628125 0.2230287828125 0.9243413500000001
2 0.1730444984375 1 0.2908601671875 0.7538710171874999 0.1683976609375 0.6924530718749999 0.04923585625 0.9413887453124999 0.1661004875 1 0.1730444984375 1
2 0.0663532765625 0.6877626359375 0.07542738125000001 0.8065799859375 0.14880467656250002 0.8030957421875 0.139728753125 0.6842766625000001 0.0663532765625 0.6877626359375
2 0.082388525 0.6580270328125 0.10968415625000001 0.6577089359375 0.107406775 0.6017327453125 0.0801111421875 0.6020508437500001 0.082388525 0.6580270328125
2 0.1043057671875 0.6656852343749999 0.13049466875 0.682411559375 0.1607209234375 0.633670875 0.13453376875 0.6169445312499999 0.1043057671875 0.6656852343749999
2 0.12941415 0.4874140765625 0.143742915625 0.5275118562500001 0.19059600625 0.5119472921875 0.17626724062500002 0.47184951249999996 0.12941415 0.4874140765625
2 0.17117594375 0.4557805359375 0.2022152546875 0.4570519453125 0.202740115625 0.41281812812499996 0.17170080468749999 0.4115467171875 0.17117594375 0.4557805359375
2 0.1795144734375 0.4734798140625 0.196736978125 0.5076362234375 0.24704319218749998 0.4833406125 0.22981894062500002 0.44918422500000005 0.1795144734375 0.4734798140625
2 0.132119184375 0.5411430046875 0.1913409875 0.6990840734375 0.475592084375 0.59952498125 0.41637028281250005 0.4415839109375 0.132119184375 0.5411430046875
2 0.1438570046875 0.7192893375 0.197304975 0.7319205953125001 0.20997634999999998 0.671096590625 0.15652838125 0.6584653312500001 0.1438570046875 0.7192893375
2 0.334026403125 0.6951124515625 0.42173463906249997 0.720953915625 0.4413277421875 0.647687825 0.353617759375 0.6218463828125 0.334026403125 0.6951124515625
2 0.310853403125 0.73077761875 0.3601687375 0.7484544703125 0.3731657796875 0.7093387984375 0.323850446875 0.6916619484375001 0.310853403125 0.73077761875
2 0.2719574921875 0.6876963671875 0.2848862578125 0.71297220625 0.3474069796875 0.6823062796875 0.3344782140625 0.657030440625 0.2719574921875 0.6876963671875
2 0.49823270781250006 0.760281675 0.568294865625 0.772528521875 0.5798813593750001 0.6932870546875 0.509819203125 0.681040209375 0.49823270781250006 0.760281675
2 0.5529208703124999 0.44181651093749996 0.5697902109374999 0.47287705156250004 0.6100269968750001 0.4518302796875 0.593157653125 0.42076973593749994 0.5529208703124999 0.44181651093749996
2 0.45209546562499997 0.520613596875 0.5083283859375001 0.5475692953125 0.5505924984375 0.45486672031250003 0.49435790312499994 0.42791279375 0.45209546562499997 0.520613596875
2 0.5246463734375 0.5530067078124999 0.5662906375000001 0.5751892484375001 0.6108900796875 0.4878647375 0.5692439968749999 0.46568046562500004 0.5246463734375 0.5530067078124999
2 0.44057825156249997 0.5827422140625 0.5562293296874999 0.6381778546875 0.585597471875 0.5737582156250001 0.46994814218750003 0.5183225515625 0.44057825156249997 0.5827422140625
2 0.5341387875 0.655170996875 0.61011705625 0.6996790390625 0.6735395265624999 0.5875191 0.5975612578125 0.5430110609375001 0.5341387875 0.655170996875
2 0.4140591609375 0.6311438734375 0.49244823593750003 0.6995099609375 0.5528252140625 0.6295984890625 0.4744344640625 0.561234171875 0.4140591609375 0.6311438734375
2 0.25355883437500004 0.47883088437500004 0.2979974609375 0.488118821875 0.305515803125 0.4465236484375 0.2610771078125 0.437233959375 0.25355883437500004 0.47883088437500004
2 0.0152224734375 0.3937463984375 0.09369152187499999 0.4944066859375 0.291909453125 0.341960221875 0.21343865625 0.24129995625 0.0152224734375 0.3937463984375
2 0.23209861874999999 0.3424051859375 0.2775901765625 0.3418750359375 0.27621317031250003 0.308029334375 0.2307216125 0.3085594828125 0.23209861874999999 0.3424051859375
0 0.8453161375 1 0.84330639375 0.119085215625 0.07711185781249999 0.09853382499999999 0.0791684203125 1 0.8453161375 1