2 0.044530171875 0.6182079234375 0.013382371874999998 0.87633086875 0.8337576859375 0.9518677546875001 0.8649054859374999 0.6937448093749999 0.044530171875 0.6182079234375
2 0.0551004453125 0.6887828890625001 0.0002683921875 0.7200373671875 0.059430181250000005 0.8277575203125 0.1142622328125 0.796503040625 0.0551004453125 0.6887828890625001
2 0.1235781625 0.706477609375 0.0928539921875 0.7217956921875001 0.1329726078125 0.8061392578125 0.16369488906250002 0.7908211515625 0.1235781625 0.706477609375
2 0.179051846875 0.748944778125 0.17248273593750002 0.7806046421875 0.207562771875 0.7869118765625001 0.2141318828125 0.755252015625 0.179051846875 0.748944778125
2 0.67945169375 0.715239696875 0.6703968140625001 0.74855288125 0.69774229375 0.7552563109375 0.70679914375 0.7219412578125 0.67945169375 0.715239696875
2 0.7512985828125001 0.699768809375 0.7072148421875 0.7083799234375 0.7168341578125 0.7660115625 0.7609178984375 0.7574004453125001 0.7512985828125001 0.699768809375
2 0.628904453125 0.57704163125 0.5923517140625 0.6406486203124999 0.7852071734375 0.7478263140625 0.8217598374999999 0.6842212203125 0.628904453125 0.57704163125
2 0.5311349703125 0.6167824453125 0.48969495781249994 0.6828322578125 0.5310613984375 0.7080831609375 0.572501490625 0.64203145625 0.5311349703125 0.6167824453125
2 0.45142126562499996 0.64509579375 0.395020821875 0.6630250671875 0.405257065625 0.69820183125 0.4616593203125 0.6802744671875 0.45142126562499996 0.64509579375
2 0.2724568765625 0.5241769671875 0.23294343125 0.5969310828125 0.387667946875 0.67786425625 0.427181471875 0.6051082515624999 0.2724568765625 0.5241769671875
2 0.42437333906249997 0.4806088203125 0.3561233546875 0.5133248796875 0.41807676875000005 0.6492128609375001 0.48632478749999997 0.616498671875 0.42437333906249997 0.4806088203125
2 0.2231129296875 0.5924641390625001 0.202453984375 0.6340194734375 0.266877165625 0.6646654203125 0.2875379984375 0.62311010625 0.2231129296875 0.5924641390625001
2 0.84115204375 0.3422101375 0.6026730375 0.3541249640625 0.6089304078125 0.6542414796875 0.8474093375 0.6423285437499999 0.84115204375 0.3422101375
2 0.5933214640625 0.072799271875 0.5519189921875001 0.2723275453125 0.8348176484375 0.3231921109375 0.8762201218750001 0.12366383750000001 0.5933214640625 0.072799271875
2 0.71774035625 0.05529177187499999 0.7001620015625 0.086285909375 0.74687294375 0.11188105468750001 0.76445129375 0.08088691406250001 0.71774035625 0.05529177187499999
2 0.5413828546875 0.1682188375 0.53765194375 0.2043776953125 0.5831144734375 0.2077611546875 0.5868453812500001 0.1716022953125 0.5413828546875 0.1682188375
2 0.4264041109375 0 0.41150116875 0.0679137734375 0.6131681906249999 0.10661200781249999 0.636563040625 0 0.4264041109375 0
2 0.6235298968749999 0.0951894921875 0.54201599375 0.11550375937499999 0.54884581875 0.146354678125 0.630359721875 0.1260404125 0.6235298968749999 0.0951894921875
2 0.3840456390625 0 0.401116296875 0.021436125 0.42764711875000005 0 0.3840456390625 0
2 0.46225492343749996 0.0543278453125 0.38095681406250004 0.0951594734375 0.445761909375 0.230338890625 0.5270600187500001 0.1895072625 0.46225492343749996 0.0543278453125
2 0.688628784375 0.2457646203125 0.6241781937499999 0.2545244203125 0.6322339203125 0.32978200625 0.6966863984375 0.3210222265625 0.688628784375 0.2457646203125
2 0.401246978125 0.0673590375 0.319642153125 0.0837778109375 0.34397256875000004 0.22454481249999997 0.42557739375 0.208126040625 0.401246978125 0.0673590375
2 0.32367823281249997 0.013600146875 0.1701662515625 0.0328066484375 0.190127615625 0.24027877968750003 0.3436395953125 0.22107227499999998 0.32367823281249997 0.013600146875
2 0.0109482859375 0 0 0.0054909078125 0 0.0513909109375 0.11110557968749998 0.2834966796875 0.24349747812500003 0.2170989 0.13957777031250002 0 0.0109482859375 0
2 0.01059716875 0.16011623125000002 0.0007873265625 0.2885674203125 0.080112165625 0.292336040625 0.089923975 0.16388298125 0.01059716875 0.16011623125000002
2 0.047631520312499995 0.3210579078125 0.0181227296875 0.32071401875 0.01566069375 0.3812288171875 0.0451694859375 0.3815727078125 0.047631520312499995 0.3210579078125
2 0.070129371875 0.29435236875 0.0418170453125 0.31243488125 0.07449596562500001 0.365127534375 0.102806403125 0.347045 0.070129371875 0.29435236875
2 0.0844518 0.46181150625 0.06896124375 0.5051604578125 0.1196132328125 0.5219870140625 0.135103790625 0.47863806249999996 0.0844518 0.46181150625
2 0.147665140625 0.5379843828124999 0.114109128125 0.5393588796875 0.1146765453125 0.5871792250000001 0.1482325578125 0.5858047265625 0.147665140625 0.5379843828124999
2 0.1417426796875 0.483298678125 0.1231237546875 0.5202245249999999 0.1775069625 0.5464900265625 0.196127775 0.509564203125 0.1417426796875 0.483298678125
2 0.135909175 0.276328028125 0.07188560468750001 0.4470751296875 0.3791840890625 0.5547065828125 0.44320765937499995 0.3839594796875 0.135909175 0.276328028125
2 0.1423567296875 0.24082908593750002 0.084575140625 0.2544845 0.098273925 0.3202401828125 0.1560555140625 0.3065847671875 0.1423567296875 0.24082908593750002
2 0.38498339375 0.25268495625 0.2901636796875 0.2806216734375 0.3113435234375 0.359828234375 0.4061651265625 0.331891540625 0.38498339375 0.25268495625
2 0.31842566250000004 0.22295462656249998 0.26511178750000003 0.24206473593750003 0.2791626453125 0.284351946875 0.33247651875 0.2652418390625 0.31842566250000004 0.22295462656249998
2 0.237039196875 0.26131383124999996 0.22306215312500002 0.28863906250000004 0.2906521234375 0.321791415625 0.3046291671875 0.294466184375 0.237039196875 0.26131383124999996
2 0.54342688125 0.196928625 0.4676840078125 0.210168459375 0.48020995 0.295834909375 0.5559528203124999 0.2825950765625 0.54342688125 0.196928625
2 0.545043471875 0.5208761609375 0.526806346875 0.5544551234374999 0.5703055703125 0.57720839375 0.5885427 0.543629428125 0.545043471875 0.5208761609375
2 0.4785982546875 0.4401277890625 0.417805909375 0.46926908437500003 0.4634950296875 0.56948616875 0.5242891875 0.5403467890625 0.4785982546875 0.4401277890625
2 0.5412601484375 0.41026837968749996 0.496239321875 0.4342495046875 0.5444529703125001 0.5286562531250001 0.5894757625 0.50467325625 0.5412601484375 0.41026837968749996
2 0.530383059375 0.3421725890625 0.4053548671875 0.4021030125 0.4371061 0.471745890625 0.5621324015625 0.41181544218750005 0.530383059375 0.3421725890625
2 0.5886400609375 0.275684821875 0.5065013921875 0.323801625 0.575066225 0.44505560937500005 0.65720489375 0.3969388109375 0.5886400609375 0.275684821875
2 0.46143052500000004 0.275867609375 0.3766855796875 0.34977689375 0.441956178125 0.42535495 0.526702934375 0.35144757968749996 0.46143052500000004 0.275867609375
2 0.251213471875 0.5043985703125 0.20317171250000002 0.514439584375 0.2112995765625 0.5594092328125 0.259341409375 0.5493663265625 0.251213471875 0.5043985703125
2 0 0.6483300234375 0.159798546875 0.7712297765625 0.244631840625 0.66240786875 0.0303421859375 0.4976008796875 0 0.5365239109375 0 0.6483300234375
2 0.22915154218749997 0.6624999609375 0.1799714796875 0.6619268265625 0.17848282499999998 0.698516775 0.22766288750000002 0.699089909375 0.22915154218749997 0.6624999609375
0 0.0145297796875 0 0.012418225 0.9255715406249999 0.8407366421875 0.9033538203125 0.8427975796875 0 0.0145297796875 0