2 0.1487130578125 0.0058264609375 0.12993814374999998 0.24052749218749997 0.8787560140625 0.30043298906250004 0.897530928125 0.06573195937500001 0.1487130578125 0.0058264609375
2 0.8574536078125 0.1103230234375 0.8087474234375 0.1392817875 0.8665326453125 0.23646391718749998 0.9152388312499999 0.20750515468750003 0.8574536078125 0.1103230234375
2 0.7913762890625 0.130730240625 0.7640051546875 0.14496391718749999 0.8036065296875 0.22112199375000002 0.83097938125 0.206888315625 0.7913762890625 0.130730240625
2 0.72425773125 0.1489776625 0.7194553265625 0.1777938140625 0.751589346875 0.183149484375 0.7563917531250001 0.1543333328125 0.72425773125 0.1489776625
2 0.2796752578125 0.1829072171875 0.272671821875 0.21325257656250002 0.297788659375 0.219048109375 0.304790378125 0.1887044671875 0.2796752578125 0.1829072171875
2 0.2619158078125 0.1733436421875 0.22214604843750002 0.181628865625 0.2330257734375 0.2338556703125 0.2727955328125 0.225570446875 0.2619158078125 0.1733436421875
2 0.200412371875 0.1905790375 0.1695257734375 0.24871821249999998 0.348867696875 0.3439948453125 0.3797542953125 0.2858539515625 0.200412371875 0.1905790375
2 0.4329948453125 0.2239759453125 0.3977542953125 0.284388315625 0.4363058421875 0.3068762890625 0.4715463921875 0.2464656359375 0.4329948453125 0.2239759453125
2 0.5477628859375 0.23161683906250002 0.4971357390625 0.248491409375 0.5077474234375 0.28032474218750003 0.5583728515625 0.263448453125 0.5477628859375 0.23161683906250002
2 0.564510309375 0.2498969078125 0.531269759375 0.31637628906250004 0.6749656359375 0.3882233671875 0.7082061859375 0.32174570468749997 0.564510309375 0.2498969078125
2 0.537917525 0.27623367656250003 0.47706529218749993 0.30665979375 0.5384295531250001 0.429390034375 0.5992835046875 0.3989622 0.537917525 0.27623367656250003
2 0.6748419250000001 0.2606030921875 0.6575910656249999 0.2985532640625 0.717310996875 0.32569759375 0.7345601375 0.28774742343750004 0.6748419250000001 0.2606030921875
2 0.36417525781250004 0.2736872859375 0.14775085937500002 0.2870274921875 0.1645446734375 0.5594639171875 0.380969071875 0.54612199375 0.36417525781250004 0.2736872859375
2 0.171008590625 0.5766649484374999 0.14074055000000002 0.758271478125 0.39988144375 0.8014621999999999 0.43014948437499995 0.6198556703125 0.171008590625 0.5766649484374999
2 0.2588006875 0.767601375 0.2439622 0.795929553125 0.28738659843750003 0.8186752578125001 0.3022250859375 0.7903470796875001 0.2588006875 0.767601375
2 0.40417010312499996 0.678810996875 0.4021151203125 0.71168213125 0.44358247500000003 0.7142731953125 0.44563745781249997 0.6814020625 0.40417010312499996 0.678810996875
2 0.38058247500000003 0.7709707906250001 0.35379725156249997 0.920969071875 0.53861855625 0.9539725078125001 0.5654037796875 0.8039742265625 0.38058247500000003 0.7709707906250001
2 0.4376048109375 0.7342044671875 0.364230240625 0.7535120281250001 0.37158247499999997 0.781451890625 0.4449570453125 0.7621443296875 0.4376048109375 0.7342044671875
2 0.5765670109375 0.8460652921875 0.5527835046875 0.866190721875 0.5749931265625 0.89243814375 0.5987766328124999 0.8723127140625 0.5765670109375 0.8460652921875
2 0.52823883125 0.6568573890625 0.4558195875 0.694792096875 0.5197525765625 0.8168470796875 0.592171821875 0.778912371875 0.52823883125 0.6568573890625
2 0.35498797187500003 0.5685378 0.29670103124999997 0.5771735390625 0.3068127140625 0.6454209625 0.36509793749999997 0.6367852234375 0.35498797187500003 0.5685378
2 0.6210171828125 0.6610412375 0.5474158078125 0.6768127140625 0.574749140625 0.804369415625 0.648350515625 0.7885979375 0.6210171828125 0.6610412375
2 0.7603367703125 0.6451271484375 0.621448453125 0.6641907218750001 0.6472766328125 0.8523608250000001 0.7861649484375001 0.8332972515625 0.7603367703125 0.6451271484375
2 0.8305979375 0.6050498281250001 0.7126615125 0.66673883125 0.8397646046875 0.9097336765625 0.9577027484375 0.8480429546874999 0.8305979375 0.6050498281250001
2 0.8584553265625001 0.5966958765625 0.8542852234374999 0.7134329890625 0.92656185625 0.7160137453125001 0.9307302406250001 0.59927835 0.8584553265625001 0.5966958765625
2 0.9137766328125 0.5153006875 0.886929553125 0.5153006875 0.886929553125 0.5702731953125 0.9137766328125 0.5702731953125 0.9137766328125 0.5153006875
2 0.860869415625 0.5305429546875 0.8357938140625001 0.54726116875 0.8674587624999999 0.59475945 0.8925360828125 0.5780412375 0.860869415625 0.5305429546875
2 0.8140378 0.38859450156249997 0.8015549828124999 0.42811855625 0.84823883125 0.442860825 0.86072165 0.40333677031250004 0.8140378 0.38859450156249997
2 0.8161151203125 0.329348796875 0.785651203125 0.330951890625 0.7879364265625 0.37436597968749996 0.8184003437499999 0.3727628859375 0.8161151203125 0.329348796875
2 0.7604845359375 0.36695876250000004 0.744917525 0.4006838484375 0.7953453609375 0.4239570453125 0.8109106531249999 0.390231959375 0.7604845359375 0.36695876250000004
2 0.5767817875000001 0.361632303125 0.52487800625 0.5173453609374999 0.808307559375 0.61182130625 0.860211340625 0.45610824687499996 0.5767817875000001 0.361632303125
2 0.8409072171875 0.571551546875 0.7888676968749999 0.58456185625 0.8037577312499999 0.64412199375 0.8557972515625 0.631111684375 0.8409072171875 0.571551546875
2 0.6456838484375 0.537860825 0.560489690625 0.5642302406249999 0.58268213125 0.6359243984375 0.6678745703125 0.6095549828125 0.6456838484375 0.537860825
2 0.67774055 0.6060515468750001 0.6299656359375 0.6239673546875 0.644307559375 0.6622147765624999 0.6920824750000001 0.64429896875 0.67774055 0.6060515468750001
2 0.6659072171875 0.57217869375 0.654207903125 0.5971374578125 0.716898625 0.6265240546874999 0.7285979375 0.6015652921875 0.6659072171875 0.57217869375
2 0.49448969062500003 0.5977525765625 0.426101375 0.6105756015625 0.4406615125 0.6882268046875 0.509049828125 0.6754037796875 0.49448969062500003 0.5977525765625
2 0.40214948437500003 0.3432233671875 0.386807559375 0.3739054984375 0.42720618593750004 0.3941048109375 0.442548109375 0.3634226796875 0.40214948437500003 0.3432233671875
2 0.4995652921875 0.3491048109375 0.44535910625 0.3762061859375 0.4906168390625 0.46671993125 0.54482130625 0.43961683906250004 0.4995652921875 0.3491048109375
2 0.4274553265625 0.38703436406249997 0.38740034375 0.4092869421875 0.43473883124999996 0.4944948453125 0.474792096875 0.4722439859375 0.4274553265625 0.38703436406249997
2 0.52717869375 0.43757216562499995 0.41570103124999996 0.493310996875 0.447149484375 0.556209621875 0.558628865625 0.500470790625 0.52717869375 0.43757216562499995
2 0.402709621875 0.4632663234375 0.3297955328125 0.5078247421875 0.396632303125 0.6171958765625 0.46954639218749994 0.5726374578125 0.402709621875 0.4632663234375
2 0.5244845359375 0.47974570468750005 0.4501529203125 0.547749140625 0.5123058421875 0.6156838484375 0.5866357390625 0.54767869375 0.5244845359375 0.47974570468750005
2 0.7292766328125 0.3555859109375 0.68596048125 0.3652130578125 0.6950154640624999 0.4059570453125 0.738331615625 0.39633161562499997 0.7292766328125 0.3555859109375
2 0.7682731953124999 0.16271134062499998 0.6951546390625001 0.262417525 0.896120275 0.40979209687499996 0.9692371140624999 0.3100859109375 0.7682731953124999 0.16271134062499998
2 0.7539725078124999 0.228931271875 0.709228521875 0.228931271875 0.709228521875 0.262170103125 0.7539725078124999 0.262170103125 0.7539725078124999 0.228931271875
0 0.8965859109375 0.021012028125000002 0.1441615125 0.049950171875 0.17867869375 0.947410653125 0.9311030921875 0.918470790625 0.8965859109375 0.021012028125000002