2 0.884572390625 0.4149572453125 0.8470657265625 0.38274619374999996 0.765938265625 0.4780842140625 0.8034449296874999 0.5102952671875001 0.884572390625 0.4149572453125
2 0.8964123 0.26954561250000003 0.8147575328125001 0.17870986093750002 0.6570173171875 0.32006191875 0.7386717515625 0.4108958359375 0.8964123 0.26954561250000003
2 0.75798236875 0.5746559609374999 0.70875144375 0.5469535359375 0.6544465015625 0.6465000546875 0.703677425 0.674202478125 0.75798236875 0.5746559609374999
2 0.731551809375 0.523354240625 0.6865543484375001 0.4663617890625 0.615664428125 0.52180451875 0.6606618906249999 0.5787969671875001 0.731551809375 0.523354240625
2 0.623930109375 0.406434259375 0.5613572140625 0.41639363906250004 0.573757915625 0.48474026718749996 0.6363308109375 0.47478088906249993 0.623930109375 0.406434259375
2 0.672021428125 0.377803940625 0.659464846875 0.35065702656250003 0.6366438375000001 0.36081061718749996 0.649202246875 0.387957240625 0.672021428125 0.377803940625
2 0.610456825 0.5277181046874999 0.5842728734375 0.4886919859375 0.5292975656250001 0.52493361875 0.5554811843749999 0.5639579 0.610456825 0.5277181046874999
2 0.8964064468749999 0.455144559375 0.8063740906250001 0.4233812203125 0.6654074 0.8484826875 0.7554379296875 0.8802463203125 0.8964064468749999 0.455144559375
2 0.4628062671875 1 0.735532296875 0.67805231875 0.57613030625 0.5417406296875 0.22883173281250002 0.9517219546875 0.2852884046875 1 0.4628062671875 1
2 0.36567919375 0.90123188125 0.35361302031249997 0.8695724312499999 0.23970517500000002 0.910780334375 0.25176952343750003 0.9424400765625001 0.36567919375 0.90123188125
2 0.22095411875 0.7987253703125 0.173018225 0.7795496890625 0.1341677890625 0.8819082546875 0.1821033515625 0.9010820984375 0.22095411875 0.7987253703125
2 0.4781054421875 0.3910250421875 0.3083885796875 0.3303217484375 0.160713278125 0.7691120625 0.330430140625 0.8298153578124999 0.4781054421875 0.3910250421875
2 0.190528703125 0.726380425 0.177038503125 0.666760503125 0.10084959062500001 0.682340515625 0.11433945781249999 0.7419586015624999 0.190528703125 0.726380425
2 0.20379405312499999 0.5900380703125 0.12898153750000002 0.6019455609375 0.1376618953125 0.6497874640625 0.2124744109375 0.6378799765625 0.20379405312499999 0.5900380703125
2 0.7538167765625 0.183555346875 0.312657846875 0.030868521875 0.15350370468750002 0.5208549171875 0.5946623 0.6735399015625 0.7538167765625 0.183555346875
2 0.6883929656250001 1 0.7374681328125 0.88742565 0.6624789859375 0.8532736375000001 0.6007538484375 0.994869871875 0.6120179359375 1 0.6883929656250001 1
0 0.7560479499999999 1 0.984461590625 0.23372370625 0.30576886875 0.0167335203125 0.0438690984375 0.8953491578125 0.051349265624999994 0.936576203125 0.24972239218749998 1 0.7560479499999999 1