2 0.20058522499999998 0.31698914375 0.162036709375 0.350094946875 0.24541771250000002 0.448081246875 0.283966228125 0.41497544218750004 0.20058522499999998 0.31698914375
2 0.2337908703125 0.1072851359375 0.1498679125 0.200644103125 0.31199014375 0.3459207203125 0.39591275625 0.2525636390625 0.2337908703125 0.1072851359375
2 0.342741571875 0.4857578 0.292143121875 0.5142297375 0.347956534375 0.6165414359375 0.398554984375 0.5880695 0.342741571875 0.4857578
2 0.36555525312500003 0.40292739375000003 0.3193078625 0.46150296874999996 0.39216694687500003 0.518485771875 0.4384143390625 0.45991020000000005 0.36555525312500003 0.40292739375000003
2 0.494230084375 0.3515712390625 0.429919053125 0.3413352125 0.41717388906249997 0.4115803578125 0.4814849203125 0.42181638593750004 0.494230084375 0.3515712390625
2 0.39339724062500003 0.2840086109375 0.380491865625 0.31190960625 0.4039449125 0.32234494062499996 0.4168521671875 0.2944442453125 0.39339724062500003 0.2840086109375
2 0.47067787968749997 0.425877875 0.44376659687500003 0.4659880515625 0.5002693390624999 0.503234509375 0.5271802796875 0.46312621875 0.47067787968749997 0.425877875
2 0.24240718437500003 0.3587529203125 0.149873928125 0.391398575 0.2947582390625 0.82830871875 0.38728961562499997 0.7956627625 0.24240718437500003 0.3587529203125
2 0.73166095 0.9909871921875 0.8359923859375 0.9017697859375 0.47904662968749995 0.48040009218749996 0.31521680625 0.6204982171875 0.6334240484375 0.99613556875 0.73166095 0.9909871921875
2 0.7077449515625001 0.81733833125 0.69534360625 0.8498772125 0.8124174343749999 0.892230078125 0.8248169031250001 0.8596909 0.7077449515625001 0.81733833125
2 0.8933562687500001 0.7248149578125 0.8440888234375 0.744523296875 0.884018778125 0.8497232671875 0.9332858843749999 0.8300168171875001 0.8933562687500001 0.7248149578125
2 0.7542256265625 0.2631084640625 0.57979440625 0.325497959375 0.7315718 0.7764768953125001 0.9060030187500001 0.714087396875 0.7542256265625 0.2631084640625
2 0.889224315625 0.6088927390625 0.8753593890625 0.6701687703125 0.9536650015625 0.6861796734375 0.9675295875 0.6249055296875 0.889224315625 0.6088927390625
2 0.9386161984375001 0.54227738125 0.8617255578125 0.530039128125 0.852804078125 0.579209975 0.9296947187500001 0.591448228125 0.9386161984375001 0.54227738125
2 0.62079296875 0 0.29642442343750003 0.1122652171875 0.45999985781249997 0.6158604546875 0.913412859375 0.4589342203125 0.7643448796875 0 0.62079296875 0
2 0.390299375 0.80058679375 0.313227196875 0.8356874734374999 0.37666880156250004 0.9812172374999999 0.45373910000000006 0.9461162562500001 0.390299375 0.80058679375
0 0.5717844125 0 0.059372809375 0.1638271421875 0.30048584843750004 0.9727070578125 0.4719622859375 1 0.559686328125 1 0.6826314328125 0.9935567203125 1 0.8920877359375 1 0.75629528125 0.7745617625000001 0 0.5717844125 0