2 0.1489580390625 0.6114770484375 0.183651703125 0.6412722703125 0.2586946046875 0.5530846015625001 0.224000940625 0.523289378125 0.1489580390625 0.6114770484375
2 0.138006121875 0.7459828078124999 0.21353678281250002 0.8300058781249999 0.35944648125 0.699255225 0.2839161296875 0.6152338515625 0.138006121875 0.7459828078124999
2 0.266053809375 0.4637557359375 0.3115924140625 0.4893804796875 0.3618244859375 0.39729994999999996 0.31628588125 0.37167520781249996 0.266053809375 0.4637557359375
2 0.2905020765625 0.5112098281249999 0.332124728125 0.5639278453125 0.3976979046875 0.5126433203125 0.3560752515625 0.4599253046875 0.2905020765625 0.5112098281249999
2 0.3900521484375 0.619360809375 0.4479320765625 0.610148384375 0.436461428125 0.5469277531250001 0.3785815 0.5561401781249999 0.3900521484375 0.619360809375
2 0.3455676796875 0.6458438546874999 0.3571825171875 0.67095475 0.37829195000000004 0.6615626796875 0.366675421875 0.636452053125 0.3455676796875 0.6458438546874999
2 0.4025149375 0.5071732531250001 0.4267350921875 0.5432724125 0.47758725156250004 0.509748903125 0.45336740468750003 0.47365144218750005 0.4025149375 0.5071732531250001
2 0.13801153593749999 0.5743037828124999 0.22129146562500002 0.603684871875 0.3516856546875 0.2104660140625 0.268407415625 0.181084653125 0.13801153593749999 0.5743037828124999
2 0.5732066437500001 0.0300404875 0.286820125 0.3681141046875 0.4342669671875 0.4942024171875 0.755518146875 0.1149696921875 0.6616198546875001 0.0346740265625 0.5732066437500001 0.0300404875
2 0.6289342453125 0.161673009375 0.64009545625 0.1909580015625 0.7454602125 0.152840690625 0.734300690625 0.1235554296875 0.6289342453125 0.161673009375
2 0.7628049406249999 0.25649153281250003 0.8071456421875001 0.2742290375 0.8430822953125 0.1795473640625 0.7987419 0.161811559375 0.7628049406249999 0.25649153281250003
2 0.524939965625 0.6336143359374999 0.6819280640625001 0.6897648828125 0.8185277171875001 0.28388384218749996 0.6615396203125 0.22773329375 0.524939965625 0.6336143359374999
2 0.7909484499999999 0.32341060625 0.8034268843750001 0.378559034375 0.873901628125 0.3641475234375 0.8614235015625 0.30900079375 0.7909484499999999 0.32341060625
2 0.7786780015625 0.44952728437499995 0.8478795781249999 0.43851285625 0.839850246875 0.3942590953125 0.7706486703125 0.405273521875 0.7786780015625 0.44952728437499995
2 0.26990698125 0.8255238046875 0.6779789921875 0.9667591171875 0.8251965734375 0.5135217015625 0.417124871875 0.372288090625 0.26990698125 0.8255238046875
2 0.2850294765625 0.1744437734375 0.3543944375 0.2060343859375 0.41149019062500003 0.07505786875 0.342126921875 0.0434669859375 0.2850294765625 0.1744437734375
0 0.6174932890625 0.0323614515625 0.44744788281250003 0.02344975 0.2735622640625 0.0511261484375 0.056560528124999995 0.7791180718749999 0.684351296875 0.97983399375 0.926608584375 0.1671145296875 0.9196894296875 0.1289795125 0.6174932890625 0.0323614515625