2 0.7523536984375 0.4558408359375 0.725290996875 0.48831511250000004 0.8094180062499999 0.558421221875 0.8364807078125001 0.5259469453125 0.7523536984375 0.4558408359375
2 0.7124051453125 0.5491527328125 0.6566993562500001 0.6374646296875001 0.8134453374999999 0.7363360125 0.8691511249999999 0.6480225078124999 0.7124051453125 0.5491527328125
2 0.641660771875 0.3299372984375 0.6038778140625001 0.3601639875 0.6657315109375 0.43748070781250004 0.70351446875 0.40725401874999995 0.641660771875 0.3299372984375
2 0.6196897109374999 0.416906753125 0.5900675234375 0.47147266875 0.659257234375 0.5090321546875 0.6888794218750001 0.4544662375 0.6196897109374999 0.416906753125
2 0.615024115625 0.50867041875 0.559996784375 0.50867041875 0.559996784375 0.5684807078125 0.615024115625 0.5684807078125 0.615024115625 0.50867041875
2 0.639490353125 0.5807749203125 0.6329662375 0.6055643093749999 0.6540466234375 0.6111109328125 0.66056913125 0.58632154375 0.639490353125 0.5807749203125
2 0.5320900328125 0.44376688125 0.5157620578125 0.48050321562500004 0.5683713828125 0.5038858515625 0.58469935625 0.46714790937500006 0.5320900328125 0.44376688125
2 0.653948553125 0.147681671875 0.5819228296875 0.18688585156249998 0.7683360125 0.5293681671875 0.84036334375 0.4901639875 0.653948553125 0.147681671875
2 0.3078649515625 0.0206623796875 0.1927588421875 0.15817845625 0.5531848874999999 0.4598681671875 0.6682909968749999 0.3223504828125 0.3078649515625 0.0206623796875
2 0.21380385781250003 0.1629678453125 0.20840192968750001 0.1915289390625 0.3121527328125 0.21115755625000002 0.3175562703125 0.1825964625 0.21380385781250003 0.1629678453125
2 0.160672025 0.20757556250000003 0.12267363281250002 0.230372990625 0.17175401875000001 0.3121736328125 0.20975241093750002 0.2893745984375 0.160672025 0.20757556250000003
2 0.298503215625 0.24811093281250002 0.1628553046875 0.32271704218749997 0.3571254015625 0.675934084375 0.49277331249999995 0.601327975 0.298503215625 0.24811093281250002
2 0.1274292609375 0.3520900328125 0.1251446953125 0.40462379375 0.19268167187500002 0.40756109374999994 0.1949662375 0.3550257234375 0.1274292609375 0.3520900328125
2 0.22744855312499998 0.427327975 0.16165755625 0.427327975 0.16165755625 0.46919453437499997 0.22744855312499998 0.46919453437499997 0.22744855312499998 0.427327975
2 0.548585209375 0.34525884218749997 0.1951929265625 0.534845659375 0.4072138265625 0.9300530546875001 0.7606061093750001 0.7404646296874999 0.548585209375 0.34525884218749997
2 0.562757234375 0.03193086875 0.5039598078124999 0.071130225 0.5786768484375 0.18320739531250002 0.6374758843749999 0.14400803906249998 0.562757234375 0.03193086875
0 0.429045275 0 0.02887620625 0.20243890625 0.403517684375 0.9430080390625 0.9499646296875 0.6665707390625 0.6127574546875 0 0.429045275 0