2 0.24412881406250003 0.5533338984375 0.272659321875 0.5190983046875 0.1839694921875 0.44518983125 0.1554389828125 0.4794254234375 0.24412881406250003 0.5533338984375
2 0.2862440671875 0.4549610171875 0.3449711859375 0.36185932187500003 0.17972372812499998 0.2576254234375 0.1209966109375 0.3507288140625 0.2862440671875 0.4549610171875
2 0.3608254234375 0.6860661015625 0.40065762656250004 0.6542 0.335449153125 0.5726898312500001 0.2956169484375 0.6045559328125 0.3608254234375 0.6860661015625
2 0.38398813593750003 0.5943796609375 0.4152169484375 0.5368542374999999 0.34227457656250004 0.49725762656250005 0.3110457625 0.5547830515625 0.38398813593750003 0.5943796609375
2 0.3889067796875 0.49763898281249996 0.44691864375 0.49763898281249996 0.44691864375 0.43458474531249996 0.3889067796875 0.43458474531249996 0.3889067796875 0.49763898281249996
2 0.363113559375 0.421623728125 0.369991525 0.39548983125000003 0.34776779687500003 0.38964237343749997 0.34089152500000003 0.415776271875 0.363113559375 0.421623728125
2 0.4763389828125 0.5660627125000001 0.4935525421875 0.5273338984375 0.43808983125 0.5026830515625 0.420876271875 0.541413559375 0.4763389828125 0.5660627125000001
2 0.3478711859375 0.8782067796874999 0.42380338906250004 0.836876271875 0.2272796609375 0.47581864375 0.1513457625 0.517149153125 0.3478711859375 0.8782067796874999
2 0.7228663453124999 1 0.8340745765625 0.8671406781250001 0.45410000000000006 0.5490881359374999 0.332750846875 0.69406440625 0.698251359375 1 0.7228663453124999 1
2 0.8118881359375001 0.862091525 0.8175830515625 0.83198135625 0.7082050843750001 0.8112881359375 0.702508475 0.8413983046875 0.8118881359375001 0.862091525
2 0.8679016953125 0.81506440625 0.9079610171875 0.7910305078125 0.8562186437499999 0.7047932203125 0.816159321875 0.7288288140625 0.8679016953125 0.81506440625
2 0.722594915625 0.7723305078125 0.8656 0.693677965625 0.6607932203125 0.3213033890625 0.5177881359375001 0.3999559328125 0.722594915625 0.7723305078125
2 0.9029474578125001 0.6627118640624999 0.9053559328125 0.6073288140625 0.8341559328124999 0.604232203125 0.8317474578124999 0.6596169484375001 0.9029474578125001 0.6627118640624999
2 0.7975033890625001 0.5833932203125001 0.8668627125 0.5833932203125001 0.8668627125 0.5392559328125001 0.7975033890625001 0.5392559328125001 0.7975033890625001 0.5833932203125001
2 0.458949153125 0.6699135593750001 0.831508475 0.47004406718749997 0.6079881359375 0.0534016953125 0.2354288140625 0.25327288124999997 0.458949153125 0.6699135593750001
2 0.4443618546875 1 0.505994915625 0.9589101687499999 0.4272254234375 0.8407542375 0.3652372875 0.8820796609375 0.44385141250000004 1 0.4443618546875 1
0 1 0.8069473625000001 0.6118847453125 0.039744067187499996 0.0358 0.3311745765625 0.3741477828125 1 0.651980740625 1 1 0.82394281875 1 0.8069473625000001