2 0.7099609375 0.574028125 0.6832578125000001 0.754275 0.7527359375 0.7645671875 0.7794390625000001 0.5843203124999999 0.7099609375 0.574028125
2 0.486546875 0.43643906250000003 0.37525624999999996 0.5010859375 0.5807484374999999 0.85484375 0.6920390624999999 0.790196875 0.486546875 0.43643906250000003
2 0.7845328125 0.4487953125 0.7493796875000001 0.45728125000000003 0.7630671875 0.513990625 0.7982218750000001 0.5055046875 0.7845328125 0.4487953125
2 0.799021875 0.4300265625 0.7901609374999999 0.5363421875000001 0.8328796875 0.5399015625 0.8417390625 0.4335859375 0.799021875 0.4300265625
2 0.7677546875 0.3381421875 0.693884375 0.344428125 0.699046875 0.4050859375 0.7729171874999999 0.3987984375 0.7677546875 0.3381421875
2 0.6044859375 0.24304062499999998 0.56130625 0.257884375 0.581409375 0.3163671875 0.624590625 0.301525 0.6044859375 0.24304062499999998
2 0.5382 0.2598328125 0.504725 0.2753734375 0.538615625 0.34836875 0.572090625 0.3328265625 0.5382 0.2598328125
2 0.5372484375 0.3371578125 0.507575 0.3638640625 0.5618562500000001 0.4241765625 0.5915296875 0.3974703125 0.5372484375 0.3371578125
2 0.3618578125 0.007495312499999999 0.14998125 0.5901578125 0.40136093749999996 0.6815687500000001 0.6132375 0.09890625 0.3618578125 0.007495312499999999
2 0.699778125 0.5024578125 0.5717171875 0.5131296875 0.5798640625 0.6108828125 0.7079234375000001 0.6002109375 0.699778125 0.5024578125
2 0.6272109375 0.4519875 0.5968843749999999 0.4535046875 0.599428125 0.5043562500000001 0.6297531249999999 0.5028406249999999 0.6272109375 0.4519875
0 0.40158125 0.0223640625 0.075475 0.433334375 0.6666484374999999 0.9024328125000001 0.9927546875000001 0.49146093750000003 0.40158125 0.0223640625