2 0.7504009578125 0.76569169375 0.777701278125 0.5814137374999999 0.7066693296875 0.5708913734375 0.679369009375 0.7551693296875001 0.7504009578125 0.76569169375
2 0.5745670921875 0.8579872203125 0.6883466453125 0.79189456875 0.4782587859375 0.4302252390625 0.3644792328125 0.496317890625 0.5745670921875 0.8579872203125
2 0.760963259375 0.5095111828125 0.7969041531250001 0.5008354625 0.7829089453125 0.442857828125 0.7469696484374999 0.451533546875 0.760963259375 0.5095111828125
2 0.8323370609375 0.536001596875 0.84139456875 0.42730830624999994 0.7977220453125 0.4236693296875 0.7886629390625 0.5323626203125 0.8323370609375 0.536001596875
2 0.6955111828125 0.3981709265625 0.771033546875 0.39174281093749996 0.765755590625 0.32973003125 0.6902332265625 0.33615655 0.6955111828125 0.3981709265625
2 0.5752428109375 0.3074680515625 0.6193897765624999 0.2922939296875 0.5988354625000001 0.232501596875 0.5546900953125 0.247677315625 0.5752428109375 0.3074680515625
2 0.5314920125 0.340185303125 0.5657156546875 0.3242955265625 0.5310670921875 0.24966932968750002 0.49684344999999996 0.2655575078125 0.5314920125 0.340185303125
2 0.555252396875 0.41768849843750006 0.5855894562499999 0.390384984375 0.5300942484375 0.3287236421875 0.4997571890625 0.35602715625000003 0.555252396875 0.41768849843750006
2 0.3477587953125 0 0.134166134375 0.5873817890625 0.39116773125000004 0.6808370609375001 0.607782746875 0.0851437703125 0.37363774375 0 0.3477587953125 0
2 0.5736629390625 0.6085702875 0.7045862625 0.59765974375 0.6962587859375 0.497720446875 0.565333865625 0.5086309906250001 0.5736629390625 0.6085702875
2 0.5936645375 0.49966134218749997 0.62466773125 0.4981118203125 0.622068690625 0.44612140624999996 0.5910638984375 0.4476725234375 0.5936645375 0.49966134218749997
0 0.6623881796875 0.906640575 0.9957875406250001 0.4864776359375 0.391392971875 0.0068897765625 0.057993610937499995 0.42705111875 0.6623881796875 0.906640575