2 0.7608463546875 0.59069249375 0.7328128828125 0.7775027796875 0.8057523984375001 0.793369403125 0.83378586875 0.60655911875 0.7608463546875 0.59069249375
2 0.5263018359375 0.4302396234375 0.40946672968750003 0.48979186874999997 0.6251965078125 0.8753177234375 0.7420316140625001 0.8157654765625001 0.5263018359375 0.4302396234375
2 0.8391333875000001 0.4650018875 0.8022289390624999 0.47131456875 0.8165983499999999 0.53170653125 0.8535044375 0.5253939640625 0.8391333875000001 0.4650018875
2 0.85434429375 0.44640713749999994 0.8450419046875 0.5570986078125 0.8898888968750001 0.5639545765625 0.8991896453124999 0.45326299218750005 0.85434429375 0.44640713749999994
2 0.8215193796875001 0.34789032343750004 0.743968859375 0.3490637 0.7493885546875 0.41296641406249995 0.826939075 0.4117914 0.8215193796875001 0.34789032343750004
2 0.6501166046875 0.23633756562500002 0.6047857125 0.24872074687499998 0.625890371875 0.31143979375 0.6712229062499999 0.2990583640625 0.6501166046875 0.23633756562500002
2 0.5805283125 0.24906916250000002 0.5453855921875 0.2628928453125 0.58096464375 0.34181996875 0.6161073640625 0.32799465 0.5805283125 0.24906916250000002
2 0.5795293421875 0.32997905312500003 0.5483775796875 0.3557744703125 0.6053631125 0.422912603125 0.6365148765625 0.3971171859375 0.5795293421875 0.32997905312500003
2 0.6593041687500001 0.0860319265625 0.50082679375 0.017489256249999998 0.3799249171875 0.013267270312500001 0.17296856249999998 0.5665762296875 0.4368719484375 0.68071645 0.6593041687500001 0.0860319265625
2 0.750156234375 0.51499388125 0.6157153203125 0.5167920125000001 0.6242680734375 0.619761809375 0.7587073453125 0.6179635625000001 0.750156234375 0.51499388125
2 0.6739737609375 0.45682399374999993 0.6421363343750001 0.4561920203125 0.6448068140625 0.5096332390625 0.6766426 0.5102667359375 0.6739737609375 0.45682399374999993
0 1 0.47520915781250006 0.46722382187499994 0.016315815625 0.41673901406249997 0.014552846875 0.094750421875 0.396884696875 0.7153760296875 0.931446571875 1 0.59348041875 1 0.47520915781250006