2 0.6229953421875 0.2376384265625 0.8215976390625 0.267441453125 0.8384658109375 0.1898977828125 0.639863515625 0.1600947578125 0.6229953421875 0.2376384265625
2 0.45241421718749997 0.48698808125 0.515725575 0.6111981609375 0.9255869484374999 0.3818508890625 0.8622755890624999 0.257640809375 0.45241421718749997 0.48698808125
2 0.48937077812499996 0.1544096875 0.4960819328125 0.193643653125 0.5602860140625 0.178367203125 0.553574978125 0.1391314953125 0.48937077812499996 0.1544096875
2 0.46960227187500003 0.138238625 0.5872809125 0.1481282078125 0.5945696500000001 0.1004503421875 0.4768908890625 0.090562503125 0.46960227187500003 0.138238625
2 0.36486678906250003 0.17313554375 0.3661142328125 0.2555812796875 0.43405067343750003 0.2498194765625 0.4328014890625 0.167373740625 0.36486678906250003 0.17313554375
2 0.2462724953125 0.3553577625 0.2594373390625 0.4035500734375 0.3261153953125 0.3811132265625 0.3129524140625 0.33291916875 0.2462724953125 0.3553577625
2 0.259807746875 0.42933867187499997 0.274504021875 0.46669970312500003 0.35841325625 0.428874796875 0.3437152421875 0.391513765625 0.259807746875 0.42933867187499997
2 0.34582490625 0.4304007 0.37324860625 0.4635188515625 0.44462469374999997 0.4029362265625 0.41720099531250004 0.36981807187500004 0.34582490625 0.4304007
2 0.013609840625 0.5140711828125 0.00912135 0.6426047390625 0.5973567890625 0.8626247843750001 0.7187018734375 0.5820630453125 0.086479125 0.345590253125 0.013609840625 0.5140711828125
2 0.5425184125 0.2490033390625 0.544430046875 0.39193055625 0.6538995984375 0.382837928125 0.651987840625 0.23991245625 0.5425184125 0.2490033390625
2 0.48067667187499996 0.3299946734375 0.48000480625 0.3638417703125 0.5368193906250001 0.361002721875 0.537492875 0.32715736875 0.48067667187499996 0.3299946734375
0 0.4859146390625 0 0.012362328124999999 0.549795271875 0.0104880765625 0.603466828125 0.41695383125 0.9457802828125 0.9852588140625 0.285978971875 0.6456837140625 0 0.4859146390625 0