2 0.7862573515625 0.7096224140625 0.580830234375 0.7404496 0.59827806875 0.8206580000000001 0.8037051859375 0.789830815625 0.7862573515625 0.7096224140625
2 0.4698742203125 0.35405276093750004 0.4043872140625 0.48253122812499993 0.8283331703125001 0.71975985 0.8938201765624999 0.5912813828125 0.4698742203125 0.35405276093750004
2 0.4495555390625 0.785956221875 0.442613759375 0.8265384328125001 0.509024290625 0.84234165 0.5159659453125001 0.8017576359374999 0.4495555390625 0.785956221875
2 0.543888503125 0.8330357718749999 0.422165925 0.8432652031250001 0.42970500781250004 0.8925796781249999 0.5514277125 0.8823520515625001 0.543888503125 0.8330357718749999
2 0.31512159375 0.7218901546875001 0.3138312828125 0.8071690765625 0.3841005078125 0.8131288796874999 0.3853926203125 0.7278499578125001 0.31512159375 0.7218901546875001
2 0.20477882812499998 0.568836521875 0.191161584375 0.6186849265625 0.260132909375 0.6418946046875 0.27374822656250003 0.5920443953125 0.20477882812499998 0.568836521875
2 0.220363265625 0.5035168031249999 0.20516196562500003 0.54216171875 0.2919528796875 0.5812864484375 0.30715597968749997 0.5426415328124999 0.220363265625 0.5035168031249999
2 0.32250113593749996 0.5068069609375 0.294135040625 0.54106319375 0.36796391562499997 0.6037277 0.3963300109375 0.5694714640625 0.32250113593749996 0.5068069609375
2 0 0.5689578515625 0.0258770328125 0.6287880890624999 0.67982565 0.384189084375 0.55431063125 0.0939860484375 0 0.3013170625 0 0.5689578515625
2 0.4995651 0.580855334375 0.49758777343749994 0.728694140625 0.6108190375 0.7380974250000001 0.6127964921875 0.5902604250000001 0.4995651 0.580855334375
2 0.43292593281249997 0.6099093718749999 0.4336208859375 0.6449195999999999 0.4923895375 0.64785440625 0.49169290937500004 0.61284598125 0.43292593281249997 0.6099093718749999
0 0.58797645 1 0.955542621875 0.6904478671875001 0.3677082578125 0.007972971875 0 0.31764600625 0 0.476529221875 0.45087836875000004 1 0.58797645 1