2 0.4970281640625 0.9372679140625 0.7581322515625 0.73344568125 0.5946724953125 0.5280295015625 0.33356840781249997 0.7318517390625 0.4970281640625 0.9372679140625
2 0.8842108953125001 0.3885278765625 0.9239457812499999 0.33103351875000003 0.8666320203125 0.2904996375 0.826897040625 0.3479957453125 0.8842108953125001 0.3885278765625
2 0.589494525 0.6618826 0.88351261875 0.60505643125 0.7703442578125 0.1068439234375 0.4763244109375 0.1636699421875 0.589494525 0.6618826
2 0.6652993890625 0.17522001874999998 0.68011635 0.1476538640625 0.6298315484375 0.11946559375000002 0.6150128359375 0.1470315953125 0.6652993890625 0.17522001874999998
2 0.9458779203125 0.4046502890625 0.9769531984375 0.388815975 0.9498687890624999 0.3383020046875 0.9187935109375 0.3541363171875 0.9458779203125 0.4046502890625
2 0.4382874859375 0 0.44766418906250005 0.054482401562500005 0.497604215625 0.047608875 0.48941048125000003 0 0.4382874859375 0
2 0.3443766625 0.273419878125 0.5030912796875 0.235210778125 0.4531033765625 0.052752656249999995 0.2943887578125 0.09096175625 0.3443766625 0.273419878125
2 0.2961945078125 0.29519712187499997 0.3523717515625 0.2971432375 0.352359103125 0.243057609375 0.2961817703125 0.24111324218750002 0.2961945078125 0.29519712187499997
2 0.26843799375 0.24059291875 0.29442920156249996 0.2148074921875 0.248537925 0.1686857984375 0.22254671718750002 0.1944712234375 0.26843799375 0.24059291875
2 0.2772205875 0.40635372500000005 0.28930112812500003 0.3139091234375 0.24074415 0.3059242484375 0.228663703125 0.398367103125 0.2772205875 0.40635372500000005
2 0.19447125468749998 0.393080775 0.2601241703125 0.2602531609375 0.176174371875 0.21668390781250002 0.1105213625 0.349513271875 0.19447125468749998 0.393080775
2 0.41889607812499996 0.7171665765624999 0.5063426078125 0.3380533859375 0.2030250265625 0.258328615625 0.1155785015625 0.6374418078125 0.41889607812499996 0.7171665765624999
0 0.26445189999999996 0 0 0.3732317921875 0 0.5452928203125 0.001498084375 0.57387795625 0.5817022406250001 0.9938282859375001 1 0.40346418125000005 1 0.37935775625 0.4758798921875 0 0.26445189999999996 0