2 0.31908534843749997 0.2654901625 0.5650773015625 0.4575156140625 0.719076365625 0.263988475 0.4730844109375 0.071963025 0.31908534843749997 0.2654901625
2 0.7838612 0.627129409375 0.8212964046875 0.68129776875 0.8752929703125 0.6431099 0.8378578531249999 0.5889431890625 0.7838612 0.627129409375
2 0.453578946875 0.8007868390624999 0.7305815671875 0.8543238921875 0.8371999921875 0.384946834375 0.560199021875 0.331409640625 0.453578946875 0.8007868390624999
2 0.5842403890625001 0.8164621953125 0.5982014265625 0.8424327359375001 0.645575853125 0.8158759421875 0.631616465625 0.78990525625 0.5842403890625001 0.8164621953125
2 0.8704389015625 0.621344240625 0.8997156109375 0.6362620984375 0.925232434375 0.5886717671875 0.895955725 0.5737539078125 0.8704389015625 0.621344240625
2 0.398227025 1 0.40577517187499995 0.9548444593750001 0.3699152171875 0.9500856265625 0.361570021875 1 0.398227025 1
2 0.41612003125 0.9644170203125 0.4631696359375 0.9708927203125001 0.473627121875 0.9101305453125 0.426577515625 0.90365484375 0.41612003125 0.9644170203125
2 0.28217333125 0.869286834375 0.43170189531250003 0.905284475 0.4787966078125 0.7333866296875 0.3292680453125 0.6973889890625 0.28217333125 0.869286834375
2 0.2838625671875 0.7278257875 0.3367884796875 0.72599395625 0.3368003953125 0.6750386859375 0.28387456875 0.6768721656250001 0.2838625671875 0.7278257875
2 0.21448934999999997 0.77176826875 0.23897624374999998 0.7960612890625 0.282211434375 0.7526090187500001 0.257724540625 0.7283159968749999 0.21448934999999997 0.77176826875
2 0.2202522984375 0.5796734375 0.23163355624999998 0.6667658999999999 0.27738016249999997 0.6592431734375 0.26599881718749996 0.5721490625000001 0.2202522984375 0.5796734375
2 0.108947778125 0.6256997156249999 0.1708009359375 0.75084120625 0.24989190312499998 0.709793646875 0.188038834375 0.5846538031249999 0.108947778125 0.6256997156249999
2 0.113712221875 0.354435853125 0.196097534375 0.7116068015625 0.48185975625 0.636496328125 0.39947444062500004 0.27932537968750004 0.113712221875 0.354435853125
0 0.3909660109375 1 0.9575821625 0.5898836375000001 0.5528577375 0.018676243749999998 0.0062345296875 0.41432076875 0 0.5332826515625 0 0.539922209375 0.00321729375 0.601087559375 0.285865115625 1 0.3909660109375 1