2 0.7387487015625 0.7238523421874999 0.9253734343750001 0.48477891250000005 0.7372892484375 0.3351110734375 0.5506645125 0.5741845031249999 0.7387487015625 0.7238523421874999
2 0.370290065625 0.87567535625 0.42293333750000006 0.8392931015625 0.3858211046875 0.786815103125 0.33317623125 0.82319744375 0.370290065625 0.87567535625
2 0.6211922953125 0.8386537421875 0.67322375625 0.569443425 0.217047790625 0.46582203906249997 0.16501646718750002 0.7350339609375001 0.6211922953125 0.8386537421875
2 0.20238306874999998 0.6524190328125 0.22762332968750001 0.6388522531249999 0.2018133046875 0.592808628125 0.176573184375 0.6063770109375 0.20238306874999998 0.6524190328125
2 0.42319712656249997 0.9242102718749999 0.43769542031249997 0.8957569703124999 0.391443565625 0.8709578078125 0.3769452734375 0.899411109375 0.42319712656249997 0.9242102718749999
2 0.067323040625 0.4193627453125 0.07194803125 0.3845113515625 0.02151650625 0.37607969375 0.0168916578125 0.4109326953125 0.067323040625 0.4193627453125
2 0.1107793765625 0.485306359375 0.1170729484375 0.43958002343749997 0.0580197078125 0.4294166546875 0.051726137500000005 0.47514299062500004 0.1107793765625 0.485306359375
2 0.28255236875 0.490330453125 0.31753757656250003 0.34500738124999997 0.15047435781250001 0.29923720625 0.11548915156249999 0.4445602796875 0.28255236875 0.490330453125
2 0.3392592765625 0.352327884375 0.3374773640625 0.300890596875 0.2879568125 0.3008789328125 0.2897371234375 0.352316303125 0.3392592765625 0.352327884375
2 0.263870609375 0.29927423750000004 0.28748039062499997 0.2754760375 0.2452502140625 0.2334568375 0.22164043437499997 0.2572550375 0.263870609375 0.29927423750000004
2 0.354610540625 0.2945788453125 0.4392551296875 0.28351760000000004 0.431942378125 0.239057703125 0.34729939062500004 0.25011886250000004 0.354610540625 0.2945788453125
2 0.3054818 0.26786369374999996 0.42710208437499997 0.2077502421875 0.3872105890625 0.130883621875 0.265588703125 0.190997159375 0.3054818 0.26786369374999996
2 0.37671763125 0.49330745 0.723843146875 0.41323922187499995 0.6508451546875 0.13551406562499999 0.3037196390625 0.215582290625 0.37671763125 0.49330745
0 0 0.3725888765625 0.4220193390625 0.9556501640624999 0.977161525 0.5623086140625 0.592644503125 0.031059182812500002 0.473796109375 0.0248306015625 0.411130528125 0.028126807812499998 0 0.31943170625 0 0.3725888765625