2 0.5926135593749999 0.5412016953125 0.3520254234375 0.75971864375 0.51947288125 0.9440813562500001 0.7600610171875 0.72556440625 0.5926135593749999 0.5412016953125
2 0.8419288140625 0.28926440625 0.8066542374999999 0.34805423750000003 0.8637745765625 0.3823254234375 0.8990491531249999 0.3235372875 0.8419288140625 0.28926440625
2 0.7401254234375 0.12024067812499999 0.4604796609375 0.1997610171875 0.5944033890625 0.6707254234375 0.8740474578124999 0.5912050843750001 0.7401254234375 0.12024067812499999
2 0.6057474578125001 0.1442254234375 0.5929016953125 0.1720559328125 0.6426457625 0.195013559375 0.6554898312499999 0.1671830515625 0.6057474578125001 0.1442254234375
2 0.9243254234375 0.328367796875 0.8952661015625001 0.34625084687499996 0.9238440671875001 0.39268983125 0.9529033890624999 0.3748067796875 0.9243254234375 0.328367796875
2 0.364744915625 0 0.355508475 0.0020525421875 0.367140678125 0.0543966109375 0.40345932187500005 0.0463254234375 0.3931661171875 0 0.364744915625 0
2 0.46113559375 0.024776271875 0.4134966109375 0.035603389062500004 0.427422034375 0.09686949218749999 0.47506101718749993 0.0860423734375 0.46113559375 0.024776271875
2 0.43256101718749995 0.0947440671875 0.281986440625 0.14493559375 0.33924067812500003 0.3166966109375 0.4898152546875 0.266505084375 0.43256101718749995 0.0947440671875
2 0.34537627187500003 0.2867440671875 0.2912983046875 0.28959152499999996 0.2940440671875 0.341749153125 0.348122034375 0.3389033890625 0.34537627187500003 0.2867440671875
2 0.2418576265625 0.2237474578125 0.21818644062499998 0.2508 0.264613559375 0.29142203437499997 0.28828474531250003 0.2643694921875 0.2418576265625 0.2237474578125
2 0.24130508437499998 0.3567559328125 0.2343694921875 0.446923728125 0.2814305078125 0.4505440671875 0.2883661015625 0.3603745765625 0.24130508437499998 0.3567559328125
2 0.174750846875 0.2761203390625 0.1183796609375 0.40974067812500004 0.2012474578125 0.4447 0.25761864375 0.31108135625 0.174750846875 0.2761203390625
2 0.2026559328125 0.3140254234375 0.137791525 0.6869949156249999 0.43327288125 0.7383830515625001 0.49813728749999997 0.365413559375 0.2026559328125 0.3140254234375
0 0.28538805156249997 0 0 0.46364435468750004 0 0.6199196375 0.6036932203125 0.99151016875 0.985832203125 0.3706796609375 0.3836204125 0 0.28538805156249997 0