2 0.32834731562499997 0.25799664375 0.5665134234375 0.4743137578125 0.7322751671875001 0.291807046875 0.4941090609375 0.07548993281250001 0.32834731562499997 0.25799664375
2 0.778399328125 0.665516778125 0.8133187921875 0.723714765625 0.8698640937500001 0.6897869125 0.83494463125 0.6315906046875 0.778399328125 0.665516778125
2 0.43570973124999995 0.8123171140625001 0.71254026875 0.8910369125000001 0.84511409375 0.4248137578125 0.568285234375 0.346093959375 0.43570973124999995 0.8123171140625001
2 0.5667986578125 0.8397432890625 0.5795151 0.8672936234374999 0.6287567109375 0.8445671140625001 0.616041946875 0.8170167781250001 0.5667986578125 0.8397432890625
2 0.866119128125 0.6673020140625 0.8948859062500001 0.6850050328124999 0.923176175 0.6390335578124999 0.8944093953125 0.6213305375 0.866119128125 0.6673020140625
2 0.37131068749999996 1 0.37926342343749997 0.964208053125 0.343310403125 0.9562181203125 0.3335809375 1 0.37131068749999996 1
2 0.3891996640625 0.974822146875 0.4363590609375 0.98554026875 0.4501442953125 0.9248909390625 0.4029849 0.91417281875 0.3891996640625 0.974822146875
2 0.2590134234375 0.8665906046874999 0.40807214687500004 0.9162768453125001 0.46475 0.7462449671875 0.315691275 0.6965587249999999 0.2590134234375 0.8665906046874999
2 0.26823154374999997 0.7233909390625 0.3217651 0.72620973125 0.324483221875 0.674575503125 0.2709496640625 0.6717583890625 0.26823154374999997 0.7233909390625
2 0.1958557046875 0.7617919468750001 0.219288590625 0.788572146875 0.265248321875 0.7483590609374999 0.2418154359375 0.721578859375 0.1958557046875 0.7617919468750001
2 0.21187583906250002 0.5676426171875 0.2187416109375 0.656902684375 0.265328859375 0.6533204703125 0.2584630875 0.564058725 0.21187583906250002 0.5676426171875
2 0.097053690625 0.6044513421875 0.1528573828125 0.7367265093750001 0.23489093906249997 0.70211745 0.17908724843749999 0.569843959375 0.097053690625 0.6044513421875
2 0.116270134375 0.32998825468750004 0.18048154375 0.6992030203125 0.47298825468750005 0.6483322140625 0.4087768453125 0.27911745 0.116270134375 0.32998825468750004
0 0.37597941874999996 1 0.9557734906249999 0.643119128125 0.57748154375 0.028538590625 0 0.3839950828125 0 0.58380059375 0.2561841546875 1 0.37597941874999996 1