0 1 0.22280495 0.3691114359375 0.0577355109375 0.012529750000000001 0.7655529140625 0.0130688640625 0.7887154734374999 0.6476169359374999 1 0.66936743125 1 1 0.26128988125 1 0.22280495
3 0.35932463281250004 0.2710863078125 0.43429463593750006 0.380920425 0.4537542375 0.367573978125 0.3787823625 0.2577411015625 0.35932463281250004 0.2710863078125
3 0.44472120468750004 0.323969753125 0.4544785734375 0.368335140625 0.4722089078125 0.364337521875 0.46245030781249996 0.3199702734375 0.44472120468750004 0.323969753125
3 0.4938856703125 0.2509037125 0.50612469375 0.3539715234375 0.5211887265625 0.3520942984375 0.5089497046875 0.249026484375 0.4938856703125 0.2509037125
3 0.531400221875 0.3105970609375 0.53668971875 0.3207096203125 0.6074365625 0.283390046875 0.602147065625 0.2732774875 0.531400221875 0.3105970609375
3 0.5460198546874999 0.34884616562500004 0.560596809375 0.354912028125 0.5849453640625 0.2970590328125 0.570368728125 0.2909916203125 0.5460198546874999 0.34884616562500004
3 0.5805090421875 0.3644342265625 0.5882656546875 0.3714667734375 0.63983098125 0.314639384375 0.6320743671875 0.30760683437499997 0.5805090421875 0.3644342265625
3 0.624831484375 0.39753921718749996 0.6366654171875 0.41805013750000003 0.7633118296875 0.344471871875 0.7514779015624999 0.3239609546875 0.624831484375 0.39753921718749996
3 0.661092353125 0.42368945468749997 0.6626162734375 0.42952771875 0.7189254546875 0.41452248437500006 0.717403084375 0.408684534375 0.661092353125 0.42368945468749997
3 0.6024589437500001 0.5024337421875 0.604754840625 0.51165135 0.710158853125 0.4848235734375 0.70786295625 0.4756059640625 0.6024589437500001 0.5024337421875
3 0.573451753125 0.6207951203125 0.5744755171875 0.6298964203125 0.6317030515625001 0.62312603125 0.6306792875 0.6140247328124999 0.573451753125 0.6207951203125
3 0.57354345625 0.5540123171875 0.6350654609374999 0.6017713625 0.64786723125 0.58532379375 0.5863449078125 0.5375663015625001 0.57354345625 0.5540123171875
3 0.50279238125 0.5834857671875 0.52037208125 0.6742347875 0.53408075 0.6715020828125 0.516501046875 0.5807530625 0.50279238125 0.5834857671875
3 0.409358340625 0.6446690828125 0.44449911093749994 0.6543576843750001 0.4641463328125 0.5844478343749999 0.42900588281249996 0.574757684375 0.409358340625 0.6446690828125
3 0.35124706250000004 0.6254797 0.3656773875 0.64682363125 0.4460530140625 0.59220958125 0.43162269062499997 0.5708656484375 0.35124706250000004 0.6254797
3 0.283058796875 0.5374327875 0.28672508125 0.550078728125 0.3885290125 0.520013553125 0.384862728125 0.507367615625 0.283058796875 0.5374327875
3 0.30947510624999996 0.4549461453125 0.3109077515625 0.48237695937499997 0.3846929953125 0.4780939828125 0.3832588015625 0.45066285781250004 0.30947510624999996 0.4549461453125
3 0.3646788390625 0.37655279375 0.3978933453125 0.59710184375 0.6759481359375 0.5536353796875 0.6427324 0.33308446875 0.3646788390625 0.37655279375