0 0.8709086718749999 0.055913684374999995 0.08669323281249999 0.26812783906250004 0.1252597703125 0.9358805453124999 0.95688488125 0.751447121875 0.8709086718749999 0.055913684374999995
3 0.2805949359375 0.31803797500000003 0.373389240625 0.4137341765625 0.39027848125000003 0.3973560125 0.2974825953125 0.3016613921875 0.2805949359375 0.31803797500000003
3 0.32507753125 0.4126360765625 0.3665949359375 0.43117088593749997 0.37399208906250003 0.4145981015625 0.332476265625 0.39606487343749996 0.32507753125 0.4126360765625
3 0.2464889234375 0.44387816406249997 0.344985759375 0.47671044374999993 0.349783228125 0.46232278437499996 0.25128639218750004 0.42949050624999996 0.2464889234375 0.44387816406249997
3 0.251919303125 0.5401408234375 0.2607800640625 0.547370253125 0.31121519062499997 0.48556170937500004 0.3023544296875 0.478332278125 0.251919303125 0.5401408234375
3 0.275504746875 0.5125696203125 0.278580696875 0.52808544375 0.3400015828125 0.5159113921875 0.336927215625 0.5003955703125 0.275504746875 0.5125696203125
3 0.2796471515625 0.5764177218750001 0.2850079109375 0.5854430374999999 0.3507721515625 0.5463813296875 0.3454113921875 0.5373560125 0.2796471515625 0.5764177218750001
3 0.272197784375 0.696773734375 0.28995253125 0.7125205703125 0.3868670890625 0.6032436703124999 0.3691123421875 0.5874968359375 0.272197784375 0.696773734375
3 0.36183544375 0.6804968359375 0.3672515828125 0.683169303125 0.39300474687500003 0.6310031640625 0.38758860781250004 0.6283291140625 0.36183544375 0.6804968359375
3 0.42922468281250004 0.68467246875 0.43779746875000003 0.6887863921874999 0.48477057031250004 0.5908829109375 0.47619778437500004 0.5867689875 0.42922468281250004 0.68467246875
3 0.5798987343750001 0.63699050625 0.5886075953125001 0.6398338609375 0.6064794296875 0.5851028484375 0.5977705703125 0.58225949375 0.5798987343750001 0.63699050625
3 0.5137579109375 0.5780743671875 0.54842405 0.648037975 0.5670411390625001 0.638813290625 0.5323734171875001 0.5688496828125 0.5137579109375 0.5780743671875
3 0.56975949375 0.518337025 0.6551471515625 0.55391455625 0.6605158234374999 0.5410284812499999 0.5751281640625 0.50545095 0.56975949375 0.518337025
3 0.581080696875 0.43135442968750004 0.583662975 0.46776107656250004 0.6559636078125 0.4626329109375 0.6533829109375 0.426226265625 0.581080696875 0.43135442968750004
3 0.5767563296875 0.4331329109375 0.59481645625 0.4515933546875 0.6640743671875 0.383841771875 0.646014240625 0.36538132968750003 0.5767563296875 0.4331329109375
3 0.5237800640625 0.3744588609375 0.5354398734375 0.38060917656250004 0.584875 0.286889240625 0.573215190625 0.2807389234375 0.5237800640625 0.3744588609375
3 0.468582278125 0.36142405 0.49515506406250004 0.368375 0.5138449359374999 0.296909809375 0.4872721515625 0.28996044374999996 0.468582278125 0.36142405
3 0.302495253125 0.5920158234375 0.51188449375 0.669159809375 0.6090680374999999 0.4053718359375 0.39968037968750003 0.3282294296875 0.302495253125 0.5920158234375