0 0.226508740625 0 0.0620621640625 0.6285080109375001 0.7654557078125 0.9828610609374999 0.7884735015625 0.982325315625 1 0.347050534375 1 0.3308279609375 0.2608533296875 0 0.226508740625 0
3 0.27407951875 0.6382336468750001 0.383227171875 0.56373220625 0.369964140625 0.5443942265625 0.2608177203125 0.6188975265625001 0.27407951875 0.6382336468750001
3 0.3266324421875 0.553370803125 0.3707205453125 0.5436744171875 0.3667479125 0.5260548984375 0.32265795937499997 0.5357525062499999 0.3266324421875 0.553370803125
3 0.25402306406249997 0.504513615625 0.3564467015625 0.4923510859375 0.354581209375 0.47738120312500004 0.25215756875 0.48954373125000006 0.25402306406249997 0.504513615625
3 0.3133433296875 0.4672335296875 0.3233926859375 0.46197709218750005 0.28630635937500004 0.391672415625 0.276257003125 0.39692885312500004 0.3133433296875 0.4672335296875
3 0.3513533765625 0.45270526875000006 0.357381328125 0.43821942031249994 0.2998899140625 0.41402304375 0.2938604234375 0.4285085765625 0.3513533765625 0.45270526875000006
3 0.3668440125 0.41843163906249997 0.37383260625000003 0.41072350625 0.3173603875 0.3594804625 0.3103717921875 0.367188596875 0.3668440125 0.41843163906249997
3 0.399742096875 0.37438621250000004 0.4201248234375 0.3626262421875 0.3470064234375 0.23677136875000002 0.3266236984375 0.24853133593750001 0.399742096875 0.37438621250000004
3 0.4257288953125 0.3383519734375 0.4315306703125 0.33683757812500004 0.41661921875 0.2808803296875 0.41081775625 0.282393184375 0.4257288953125 0.3383519734375
3 0.50398103125 0.396618925 0.5131410296875 0.3943373765625 0.4864809265625 0.2895921390625 0.47732092656249997 0.2918736875 0.50398103125 0.396618925
3 0.6216026515624999 0.4254448203125 0.6306470671875 0.42442745468750004 0.62391899375 0.3675575921875 0.614874578125 0.3685749578125 0.6216026515624999 0.4254448203125
3 0.555237240625 0.425353690625 0.6026977921875 0.36421619843749997 0.5863530203125 0.3514944390625 0.5388940125 0.41263224843749996 0.555237240625 0.425353690625
3 0.58452648125 0.49566257187499996 0.6747083203125 0.47819274375000004 0.6719926953125 0.46456975468749995 0.58181085625 0.482039584375 0.58452648125 0.49566257187499996
3 0.6453274015625 0.5885126484375001 0.6549554484375 0.5535915078125 0.5854825359375 0.53406708125 0.5758529484375 0.5689879046875 0.6453274015625 0.5885126484375001
3 0.6262579515625 0.64626073125 0.6474684828124999 0.631920596875 0.5931957718749999 0.5520473171875 0.5719852375000001 0.5663874515625 0.6262579515625 0.64626073125
3 0.5387613328125 0.7140228203125 0.5513282359375 0.71037945 0.52145096875 0.60921179375 0.50888406875 0.6128551640625 0.5387613328125 0.7140228203125
3 0.45679023125 0.6877716125 0.484049603125 0.686347921875 0.4797933953125 0.6130238359375 0.452533715625 0.614449065625 0.45679023125 0.6877716125
3 0.3788868390625 0.632912903125 0.5980574578125 0.5999059875 0.5548626578125 0.323589040625 0.335690190625 0.356597178125 0.3788868390625 0.632912903125