0 0.9056904687499999 0.035562415624999996 0.0796502046875 0.25909465625 0.12027362500000001 0.9624608421874999 0.9962520749999999 0.76819096875 0.9056904687499999 0.035562415624999996
3 0.2838933328125 0.3116666671875 0.3816366671875 0.41246666718749997 0.39942666718750003 0.395215 0.3016816671875 0.29441666718750004 0.2838933328125 0.3116666671875
3 0.3307483328125 0.41131 0.37448000000000004 0.4308333328125 0.3822716671875 0.4133766671875 0.3385416671875 0.393855 0.3307483328125 0.41131
3 0.24796833281250003 0.4442183328125 0.3517183328125 0.4788016671875 0.3567716671875 0.4636466671875 0.25302166718749997 0.4290633328125 0.24796833281250003 0.4442183328125
3 0.25368833281250003 0.545615 0.2630216671875 0.55323 0.3161466671875 0.488125 0.3068133328125 0.48051000000000005 0.25368833281250003 0.545615
3 0.2785316671875 0.5165733328125001 0.2817716671875 0.5329166671875 0.3464683328125 0.5200933328125 0.34323000000000004 0.5037499999999999 0.2785316671875 0.5165733328125001
3 0.282895 0.5838266671875 0.28854166718749996 0.5933333328125 0.3578133328125 0.5521883328125 0.3521666671875 0.5426816671875 0.282895 0.5838266671875
3 0.2750483328125 0.7106016671875001 0.29375 0.7271883328125 0.3958333328125 0.6120833328125 0.3771316671875 0.5954966671874999 0.2750483328125 0.7106016671875001
3 0.3694666671875 0.6934566671875 0.3751716671875 0.6962716671875 0.4022983328125 0.6413233328125 0.39659333281250003 0.6385066671875 0.3694666671875 0.6934566671875
3 0.44044999999999995 0.697855 0.44948 0.7021883328125 0.49895833281249996 0.5990633328125 0.4899283328125 0.59473 0.44044999999999995 0.697855
3 0.59916 0.64763 0.6083333328125 0.650625 0.6271583328125 0.592975 0.617985 0.58998 0.59916 0.64763
3 0.5294916671875 0.5855716671875 0.5660066671874999 0.6592666671875 0.5856166671875 0.64955 0.5490999999999999 0.575855 0.5294916671875 0.5855716671875
3 0.58848 0.5226483328125 0.6784216671875 0.5601233328124999 0.6840766671875 0.54655 0.594135 0.5090749999999999 0.58848 0.5226483328125
3 0.6004050000000001 0.43102666718749993 0.603125 0.469375 0.6792816671875 0.4639733328125 0.6765633328125 0.425625 0.6004050000000001 0.43102666718749993
3 0.59585 0.43289999999999995 0.6148733328125 0.45234500000000005 0.687825 0.38098 0.6688016671875 0.361535 0.59585 0.43289999999999995
3 0.5400483328125001 0.3710966671875 0.55233 0.377575 0.6044016671875 0.2788566671875 0.59212 0.2723783328125 0.5400483328125001 0.3710966671875
3 0.4819066671875 0.3573666671875 0.5098966671875 0.3646883328125 0.5295833328125 0.2894116671875 0.5015933328125 0.2820916671875 0.4819066671875 0.3573666671875
3 0.3069616671875 0.6002566671875 0.5275183328125 0.681515 0.629885 0.4036583328125 0.40933 0.32240166718749996 0.3069616671875 0.6002566671875