0 0.6449393296875 0 0 0.32490519687499997 0 0.3641505765625 0.166367428125 1 0.25559608906250003 1 1 0.6668189984375 1 0.5718985 0.8095758078124999 0 0.6449393296875 0
3 0.3440986078125 0.40070685156249997 0.22407369687499998 0.31878086875 0.20949027656250002 0.34004395781249996 0.32951383125 0.421971984375 0.3440986078125 0.40070685156249997
3 0.3303456171875 0.42276352812500007 0.28186385468749997 0.412100834375 0.27749328906250004 0.4314749078125 0.3259770859375 0.44213894375 0.3303456171875 0.42276352812500007
3 0.31464929375 0.4792015546875 0.2020184890625 0.46582695156250004 0.1999670859375 0.4822886796875 0.31259789375 0.49566328125 0.31464929375 0.4792015546875
3 0.2783012359375 0.5126025109375 0.267250396875 0.5068222359375001 0.2264681828125 0.5841332203125 0.2375190203125 0.5899134953125 0.2783012359375 0.5126025109375
3 0.3156770625 0.5387277859374999 0.3090483859375 0.5227983296875001 0.24582589531250001 0.5494063765625 0.25245626250000003 0.565335484375 0.3156770625 0.5387277859374999
3 0.3337678140625 0.5689638421875001 0.3260827625 0.5604875453125 0.2639827265625 0.61683728125 0.2716677796875 0.62531358125 0.3337678140625 0.5689638421875001
3 0.3846733453125 0.6218543046875 0.36225935 0.608922378125 0.28185423906249996 0.74731949375 0.30426823125 0.760251415625 0.3846733453125 0.6218543046875
3 0.3972158578125 0.650212971875 0.3908358984375 0.6485476578125 0.3744387703125 0.710083096875 0.38081838437500004 0.7117467171875 0.3972158578125 0.650212971875
3 0.48695920781249996 0.5869829531249999 0.4768863578125 0.584474034375 0.447569403125 0.6996578 0.45764225625000005 0.7021667203125 0.48695920781249996 0.5869829531249999
3 0.6161754687500001 0.5538942078125 0.6062297203125 0.5527754546875 0.5988311515625 0.6153127609375 0.6087769 0.6164315140625 0.6161754687500001 0.5538942078125
3 0.585440871875 0.6201058984375 0.5332505734375 0.5528756671874999 0.5152786390624999 0.56686488125 0.5674672390625 0.6340954625 0.585440871875 0.6201058984375
3 0.66462770625 0.49477086562499994 0.5654586734375 0.4755600578125 0.56247241875 0.49054066250000006 0.6616414515625 0.509751471875 0.66462770625 0.49477086562499994
3 0.642906334375 0.4118581359375 0.6323187921875 0.37345688125 0.55592076875 0.39492739062500004 0.5665100046875 0.4333282953125 0.642906334375 0.4118581359375
3 0.6346732453125 0.32572305468749996 0.61134895 0.309953834375 0.551667615625 0.3977869953125 0.5749919140624999 0.4135562140625 0.6346732453125 0.32572305468749996
3 0.5289520125 0.239445278125 0.5151327375 0.2354388234375 0.48227801406250004 0.3466884796875 0.4960972859375 0.350694934375 0.5289520125 0.239445278125
3 0.45496863593750003 0.2658717015625 0.42499269375 0.26430613125 0.42031198906249995 0.3449357359375 0.45028827031249996 0.3465029984375 0.45496863593750003 0.2658717015625
3 0.5803380984375 0.3609281234375 0.339325734375 0.324631859375 0.2918242640625 0.628484203125 0.5328386609375 0.6647818109375 0.5803380984375 0.3609281234375