3 0.2978885546875 0.5520372109375 0.2606187484375 0.6264816015625 0.288743471875 0.6416405140625 0.3260132765625 0.5671961249999999 0.2978885546875 0.5520372109375
3 0.43666698125 0.604739690625 0.4464064828125 0.664436696875 0.4866182171875 0.659940640625 0.476878715625 0.6002436328125 0.43666698125 0.604739690625
3 0.38841384843750004 0.48106364843750005 0.374655846875 0.51323805625 0.390912521875 0.520873490625 0.40467193906250004 0.48869719062500006 0.38841384843750004 0.48106364843750005
3 0.30808205 0.378056903125 0.2581788421875 0.39240710624999997 0.28694859687499996 0.4783460296875 0.3368515296875 0.46399412343749996 0.30808205 0.378056903125
3 0.27365769375000004 0.4872827046875 0.2534568140625 0.4922558828125 0.2593063140625 0.5121110421874999 0.279505778125 0.507139759375 0.27365769375000004 0.4872827046875
3 0.195685653125 0.4460381265625 0.192603346875 0.48328852656250004 0.258834653125 0.49219645312500004 0.26191695937500004 0.4549460515625 0.195685653125 0.4460381265625
3 0.18688271875 0.405639284375 0.1459560046875 0.4673697296875 0.1764867296875 0.4884841125 0.21741344375 0.42675366875 0.18688271875 0.405639284375
3 0.25295331875 0.6377643359375 0.267301553125 0.7257099625000001 0.2953431 0.72257465 0.2809948671875 0.6346290203125 0.25295331875 0.6377643359375
3 0.2434489234375 0.5655069734375 0.23969486875 0.5802426765625001 0.280461621875 0.592600434375 0.2842156734375 0.5778647296874999 0.2434489234375 0.5655069734375
3 0.35381195625 0.5340093296874999 0.3189052671875 0.5628535828125 0.35760986093749997 0.60882383125 0.3925182453125 0.5799793859375 0.35381195625 0.5340093296874999
3 0.3079496515625 0.6087388515625001 0.3095733765625 0.6606109390625 0.31715235625 0.6607708484375 0.3155286328125 0.6088987593749999 0.3079496515625 0.6087388515625001
3 0.37021941875 0.5080462609375 0.3114343640625 0.69909053125 0.4070569546875 0.732981184375 0.4658422890625 0.5419386187499999 0.37021941875 0.5080462609375
3 0.4274239140625 0.65007918125 0.41824580781250004 0.7809876453125 0.49496405625 0.7903486203125001 0.5041421640625 0.6594401578125 0.4274239140625 0.65007918125
3 0.49937102187500004 0.5797170265625 0.48319684687500003 0.618205446875 0.5802988359375 0.66311878125 0.596473009375 0.6246303609375 0.49937102187500004 0.5797170265625
3 0.6201172640625 0.49019229375 0.5192109546875 0.5471387421875 0.5701601000000001 0.6322216546874999 0.6710664093750001 0.575275203125 0.6201172640625 0.49019229375
3 0.5634109109375001 0.38661245625 0.4786989109375 0.53254858125 0.515580834375 0.5552053953125 0.6002928328125 0.40926927031250004 0.5634109109375001 0.38661245625
3 0.46717088906250004 0.4482786609375 0.475519034375 0.49944752187499997 0.485042865625 0.49838266718749996 0.47669472187500006 0.4472138046875 0.46717088906250004 0.4482786609375
3 0.4538932375 0.43293940781250007 0.3873380921875 0.45305044062500005 0.4431721234375 0.6130798828125 0.5097272671875 0.59296885 0.4538932375 0.43293940781250007
3 0.4484845421875 0.32579666875 0.37368890781249997 0.47274634843749996 0.3943160921875 0.48402830156250004 0.46911144687500006 0.33707691875 0.4484845421875 0.32579666875
3 0.340791975 0.42501870625000004 0.3331090734375 0.430910809375 0.37929025781250003 0.48954827031250003 0.38697288125 0.4836544625 0.340791975 0.42501870625000004
3 0.3208780578125 0.46300826875 0.30009809375 0.4908391984375 0.35646653281249996 0.5341970734375 0.377248190625 0.506365953125 0.3208780578125 0.46300826875
0 0 0.454458775 0.4115271390625 0.9907249671875 0.436005609375 0.9914372171875 0.8957799328125 0.6488057234375 0.45495182968750003 0.07435572968750001 0 0.4133952515625 0 0.454458775