3 0.4582804828125 0.6350741484375 0.3859949171875 0.690242734375 0.4055269390625 0.7162274578125001 0.47781250937499997 0.661058871875 0.4582804828125 0.6350741484375
3 0.40363155781250004 0.48510109687499997 0.34032579375 0.48804512187500004 0.3410756203125 0.5309372031249999 0.40438138281249997 0.527993178125 0.40363155781250004 0.48510109687499997
3 0.5291991078125 0.535883603125 0.49763930156249997 0.5572802390625 0.507759146875 0.572547090625 0.539317175 0.55115234375 0.5291991078125 0.535883603125
3 0.5639916921875 0.601143059375 0.5558125140625 0.6562964171875 0.6489340734375 0.6674285531249999 0.6571114453125 0.6122752796875 0.5639916921875 0.601143059375
3 0.5269141890625 0.6703683953125 0.52447370625 0.692509290625 0.5458808703125 0.6942502328125 0.5483231296875 0.6721074484375 0.5269141890625 0.6703683953125
3 0.583485784375 0.6772501546874999 0.545217884375 0.6886327828125001 0.5633936140625 0.7557006734375 0.6016615140625 0.7443180468749999 0.583485784375 0.6772501546874999
3 0.6187597828125 0.7174449968750001 0.56017000625 0.7736359 0.5862108078125 0.8008217343749999 0.6448005828125 0.7446308296875 0.6187597828125 0.7174449968750001
3 0.3943202953125 0.6967799078125 0.30105824531250003 0.7011170453125 0.3015811328125 0.731027725 0.39484318281249997 0.7266905890625 0.3943202953125 0.6967799078125
3 0.4528340359375 0.68097279375 0.4380373984375 0.6881171203124999 0.4563641234375 0.7278909078125 0.47116076093750003 0.720746578125 0.4528340359375 0.68097279375
3 0.43604347343749994 0.5685710765625 0.4107936671875 0.611276915625 0.4637479203125 0.6415291421875 0.48899775625 0.598825109375 0.43604347343749994 0.5685710765625
3 0.41638660937500005 0.65514753125 0.3623004171875 0.6648329562499999 0.3634878 0.6726961796875 0.41757399375000004 0.663010753125 0.41638660937500005 0.65514753125
3 0.46566655468749996 0.48381395468750005 0.2751971546875 0.58697905625 0.32327728125 0.679196853125 0.5137484921875 0.5760316671875 0.46566655468749996 0.48381395468750005
3 0.338484046875 0.469673084375 0.2037769140625 0.5079511828125 0.223836315625 0.5858484765624999 0.3585434453125 0.5475703765625 0.338484046875 0.469673084375
3 0.362190571875 0.36581704843749996 0.32440125468750003 0.391114671875 0.38412741562499997 0.4824564921875 0.42191673124999995 0.4571588703125 0.362190571875 0.36581704843749996
3 0.40339220156250005 0.27725540312499997 0.35785313125 0.394903628125 0.45307458437500003 0.4293373671875 0.49861365781250006 0.3116891421875 0.40339220156250005 0.27725540312499997
3 0.5853209296874999 0.31459925 0.4451868296875 0.434889759375 0.4736852640625 0.4683560640625 0.6138193656250001 0.348065553125 0.5853209296874999 0.31459925
3 0.56257258125 0.45172746718749995 0.5083105015625 0.45425091718750005 0.5084880921875 0.46440956718750004 0.562750171875 0.46188611718750006 0.56257258125 0.45172746718749995
3 0.40675958906250004 0.44927293593749995 0.3948437640625 0.523043290625 0.56855289375 0.5461290390625 0.5804687234375 0.47235868437499995 0.40675958906250004 0.44927293593749995
3 0.6779678671875 0.43547294374999995 0.5354431140625 0.545651690625 0.5499387 0.5646733640625 0.6924616453125 0.45449470312500007 0.6779678671875 0.43547294374999995
3 0.5368208812499999 0.5532222906250001 0.5317356546875 0.5625213328124999 0.598851903125 0.5977867390625 0.6039353203125 0.588487778125 0.5368208812499999 0.5532222906250001
3 0.5145462515625 0.56833820625 0.48844506875000004 0.5960998734375 0.54106679375 0.6453331437500001 0.567168009375 0.61757328125 0.5145462515625 0.56833820625
0 0 0.63532800625 0.64911729375 0.9652571703125 0.9527029234375 0.3926041890625 0.2967514859375 0.0592024171875 0 0.618967428125 0 0.63532800625