3 0.2903974359375 0.605317265625 0.3421179859375 0.537549546875 0.3177573078125 0.519238271875 0.26603675781249997 0.5870059953125 0.2903974359375 0.605317265625
3 0.4799576984375 0.6481320687500001 0.482717721875 0.5887829140624999 0.4425063953125 0.588079953125 0.439746371875 0.6474291062499999 0.4799576984375 0.6481320687500001
3 0.41504977656250003 0.5006506546875 0.43510912187499995 0.47106333593749994 0.42079467812500004 0.4615776484375 0.400737103125 0.4911633 0.41504977656250003 0.5006506546875
3 0.322222109375 0.44611326875 0.37392838125 0.4384452890625 0.363491925 0.3511455203125 0.31178573125 0.35881180625 0.322222109375 0.44611326875
3 0.288272540625 0.47549340000000007 0.30902962968750003 0.4732054484375 0.3073992671875 0.453134565625 0.28664040625 0.455424184375 0.288272540625 0.47549340000000007
3 0.291906765625 0.45604573281249994 0.3025779796875 0.4201695765625 0.23970183125000002 0.40312983124999996 0.22903061875000003 0.43900598750000003 0.291906765625 0.45604573281249994
3 0.21221634374999998 0.44202811875 0.264895315625 0.38710020312500004 0.239408596875 0.362686953125 0.1867296234375 0.41761486718749996 0.21221634374999998 0.44202811875
3 0.28020277031249996 0.6849453953125 0.28426883593749996 0.5975122234375 0.2562275734375 0.597022015625 0.2521615078125 0.6844551875 0.28020277031249996 0.6849453953125
3 0.2923902 0.5565274390625 0.29908800625 0.542655590625 0.2618000828125 0.5254742859375 0.2551022734375 0.539346134375 0.2923902 0.5565274390625
3 0.3644278921875 0.5820684375 0.40446461562499997 0.55839674375 0.376101459375 0.508752103125 0.3360664296875 0.532423825 0.3644278921875 0.5820684375
3 0.314219103125 0.627530859375 0.3232991890625 0.576825053125 0.31592741874999997 0.57571188125 0.30684733125 0.6264176875 0.314219103125 0.627530859375
3 0.387207134375 0.7091901671875 0.4839244171875 0.5306251046875 0.3974703125 0.48554828906249997 0.30075295 0.6641150484375 0.387207134375 0.7091901671875
3 0.46129576562499996 0.77614664375 0.49718148281249996 0.6498587062500001 0.42415277187499995 0.6310530203125 0.388267053125 0.7573409546875001 0.46129576562499996 0.77614664375
3 0.5708299953125 0.6630613234375 0.5945465171875 0.6276338390625 0.508913559375 0.5716405640625 0.48519703906249995 0.6070680484375 0.5708299953125 0.6630613234375
3 0.5672778484375 0.6317001890625 0.677573059375 0.5890073109375 0.6452914296875 0.49973719531249994 0.53499621875 0.5424300765625001 0.5672778484375 0.6317001890625
3 0.52979085 0.549824846875 0.642563203125 0.41844912812499996 0.61118854375 0.3917318453125 0.498416190625 0.5231075656249999 0.52979085 0.549824846875
3 0.511639765625 0.4906464046875 0.5140055 0.43977570468750005 0.504481765625 0.4396092140625 0.50211603125 0.4904799140625 0.511639765625 0.4906464046875
3 0.44714691562500003 0.597021471875 0.516306621875 0.5858503859375 0.4946637328125 0.42299807187500005 0.4255040265625 0.43416916250000004 0.44714691562500003 0.597021471875
3 0.425951540625 0.46520958125 0.529244115625 0.331592625 0.511411215625 0.3180047078125 0.40811872187500003 0.45161996875000004 0.425951540625 0.46520958125
3 0.41013625 0.46868532343749997 0.418854103125 0.4639179234375 0.38579270781249997 0.40099813749999996 0.3770749328125 0.405763840625 0.41013625 0.46868532343749997
3 0.37865636875 0.5092702484375 0.40468293125 0.4848003890625 0.3585250484375 0.43546749062499995 0.332500178125 0.45993738124999994 0.37865636875 0.5092702484375
0 0.34513564375 0.9735928093749999 0.8819977343750001 0.68898298125 0.5694335734375 0.074028509375 0.032571403124999995 0.3586400375 0.34513564375 0.9735928093749999