3 0.5823625390625 0.3388456625 0.6575273578124999 0.3012151828125 0.642221746875 0.2728182859375 0.5670569265625 0.310448765625 0.5823625390625 0.3388456625
3 0.6157298609375 0.491171090625 0.6760045828125001 0.5010048453125 0.6805441484375 0.46040396406250006 0.6202694296875 0.45057020937500003 0.6157298609375 0.491171090625
3 0.5031039374999999 0.4182655390625 0.5355916203125 0.404372965625 0.5278822953125 0.3879589671875 0.49539652187499994 0.4018501109375 0.5031039374999999 0.4182655390625
3 0.47816180781249995 0.349788803125 0.4926526046875 0.29940293906250004 0.4058820140625 0.270354765625 0.3913929375 0.3207409078125 0.47816180781249995 0.349788803125
3 0.5217249828125 0.2918880921875 0.5267443734375 0.27149315 0.50669706875 0.2655870421875 0.5016757625 0.2859834125 0.5217249828125 0.2918880921875
3 0.4690261734375 0.274129059375 0.5066370640625 0.2710169234375 0.49764293281249994 0.20414466875 0.46003204374999995 0.2072568046875 0.4690261734375 0.274129059375
3 0.44056096250000004 0.22919486406249998 0.502888796875 0.1878720859375 0.4815700828125 0.1570459015625 0.41924224531250004 0.19836868125 0.44056096250000004 0.22919486406249998
3 0.6504480109374999 0.2933915921875 0.739244728125 0.3078786796875 0.7424103828125 0.2795657609375 0.6536136671875 0.2650786734375 0.6504480109374999 0.2933915921875
3 0.5931343890624999 0.29664356718749996 0.608012696875 0.2928531859375 0.5955353484375 0.25169191562500004 0.580657040625 0.2554823 0.5931343890624999 0.29664356718749996
3 0.595269509375 0.4059942296875 0.62439309375 0.3707480203125 0.577977971875 0.33166886562500003 0.54885458125 0.3669133625 0.595269509375 0.4059942296875
3 0.624468746875 0.3282595546875 0.6768428234375 0.3298989921875 0.6766813671875 0.3222466671875 0.6243072921875 0.3206072296875 0.624468746875 0.3282595546875
3 0.5568606046875 0.480027859375 0.7497519687499999 0.4206736359375 0.71553334375 0.3241256640625 0.52264025625 0.38347960625 0.5568606046875 0.480027859375
3 0.67549925625 0.5186983796875 0.8076745734375 0.50943145 0.798223009375 0.43197076718750005 0.6660476890625 0.44123769375000005 0.67549925625 0.5186983796875
3 0.6403525906249999 0.6119227484375 0.6792134796875 0.59559205 0.6338655 0.4975503640625 0.5950046109375 0.5138810640625 0.6403525906249999 0.6119227484375
3 0.5905198015625001 0.68723801875 0.6480173484375 0.5853551984375 0.562111053125 0.533912996875 0.504613509375 0.6357958171875 0.5905198015625001 0.68723801875
3 0.422907359375 0.6157795375 0.57025576875 0.5302477453125001 0.547379696875 0.49300889999999997 0.40003128749999994 0.5785406937500001 0.422907359375 0.6157795375
3 0.4612191 0.490985315625 0.5128831453125 0.4994142484375 0.5139583046875 0.4897982515625 0.46229426093750003 0.48136931718750003 0.4612191 0.490985315625
3 0.608384678125 0.52433753125 0.628690334375 0.4571383046875 0.46711221875 0.4007639453125 0.44680656250000006 0.467963171875 0.608384678125 0.52433753125
3 0.350016371875 0.48332865468749997 0.498389865625 0.4078094734375 0.4869987328125 0.3869826703125 0.338626959375 0.46250213437500004 0.350016371875 0.48332865468749997
3 0.49801240937499996 0.4003952 0.503963253125 0.392638228125 0.444758334375 0.3460101296875 0.438809209375 0.35376738125 0.49801240937499996 0.4003952
3 0.5209436890625 0.3905763984375 0.5490441421875001 0.3695936296875 0.5052666734375 0.3126796890625 0.4771664125 0.3336607484375 0.5209436890625 0.3905763984375
0 0.4342850828125 0 0.0847527203125 0.4690320078125 0.6647619078125 0.914126190625 1 0.464273009375 1 0.4175207828125 0.45592341562499994 0 0.4342850828125 0