3 0.47569445468750005 0.31327726562499997 0.40685105312500003 0.2607357546875 0.3882491265625 0.285483109375 0.4570925234375 0.3380246203125 0.47569445468750005 0.31327726562499997
3 0.40576004687499995 0.440006496875 0.34546884375000003 0.4372026640625 0.3447547234375 0.478052265625 0.405045928125 0.4808560984375 0.40576004687499995 0.440006496875
3 0.5342703249999999 0.4179501484375 0.5042150609375 0.3975742 0.4945771125 0.412114059375 0.524634071875 0.43249180625 0.5342703249999999 0.4179501484375
3 0.64645534375 0.359737828125 0.638667371875 0.3072109015625 0.5499801718749999 0.31781293593750004 0.557769865625 0.3703399421875 0.64645534375 0.359737828125
3 0.5428474249999999 0.3027548109375 0.5405214640625 0.28166644375 0.5201336890625 0.28332448593750004 0.5224579578124999 0.304411053125 0.5428474249999999 0.3027548109375
3 0.5936458859375 0.2339828125 0.5572002671875 0.22314221562499997 0.5398900484375 0.287016396875 0.57633566875 0.2978569953125 0.5936458859375 0.2339828125
3 0.6347307140625 0.23368492343749997 0.578930928125 0.1801697765625 0.554130165625 0.20606104687500001 0.609929953125 0.25957619374999996 0.6347307140625 0.23368492343749997
3 0.396676046875 0.25077086875 0.307855046875 0.2466402625 0.307357059375 0.2751266234375 0.396178059375 0.2792572296875 0.396676046875 0.25077086875
3 0.46935945625000003 0.2564318296875 0.45526741875 0.24962770625 0.4378133953125 0.2875075046875 0.45190543125 0.294311625 0.46935945625000003 0.2564318296875
3 0.4863470703125 0.3725475140625 0.46229960625000005 0.3318770078125 0.411866984375 0.360688653125 0.43591441875000003 0.4013608796875 0.4863470703125 0.3725475140625
3 0.41832443750000003 0.3114183296875 0.366813778125 0.3021941140625 0.3656829359375 0.3096828984375 0.41719359687499996 0.3189071125 0.41832443750000003 0.3114183296875
3 0.5099191984375 0.39425555624999997 0.3285180453125 0.296002996875 0.28272744843750003 0.3838294703125 0.464126878125 0.482081946875 0.5099191984375 0.39425555624999997
3 0.36210486875000003 0.4213615453125 0.2338123640625 0.3849062125 0.214708171875 0.45909411093749997 0.3430006796875 0.49554944218749997 0.36210486875000003 0.4213615453125
3 0.4224603796875 0.5074677421875 0.38647055468749997 0.4833747703125 0.32958849687499997 0.5703669796875 0.365578321875 0.5944599546875 0.4224603796875 0.5074677421875
3 0.495505071875 0.646010340625 0.45213452500000006 0.5339644125 0.3614474265625 0.5667584484375 0.4048179703125 0.6788043781249999 0.495505071875 0.646010340625
3 0.6052247921875 0.6113661390625 0.47176374218749995 0.4968037484375 0.44462237812499994 0.52867641875 0.578083425 0.643238809375 0.6052247921875 0.6113661390625
3 0.556587465625 0.502965603125 0.50490929375 0.5005623171875 0.5047401609375 0.510237221875 0.55641833125 0.5126405078125 0.556587465625 0.502965603125
3 0.5734622765624999 0.492991728125 0.5621138671875 0.42273424843749996 0.3966766 0.44472067656250003 0.4080250046875 0.51497815625 0.5734622765624999 0.492991728125
3 0.6801222015625 0.51000504375 0.5443860640625 0.4050729875 0.5305807421875001 0.4231888671875 0.666318603125 0.5281210062499999 0.6801222015625 0.51000504375
3 0.595811415625 0.3823925921875 0.5909700671875 0.3735364390625 0.5270498296875 0.4071225390625 0.5318929031249999 0.415978771875 0.595811415625 0.3823925921875
3 0.5607949296875 0.3546921125 0.535936628125 0.3282541484375 0.4858207 0.375142978125 0.5106789703125 0.4015826609375 0.5607949296875 0.3546921125
0 0.9279710375000001 0.5689483921875 0.6388418671875 0.023564599999999998 0.0141279390625 0.34109017812500003 0.303255384375 0.8864738890625 0.9279710375000001 0.5689483921875