3 0.16855155625 0.476970121875 0.229427071875 0.548461503125 0.2561239609375 0.5256285515625 0.19524844375 0.4541371703125 0.16855155625 0.476970121875
3 0.361679440625 0.3930682890625 0.367120290625 0.45957915781249997 0.41234920781250006 0.45510086562499996 0.40690835937500003 0.3885899953125 0.361679440625 0.3930682890625
3 0.3239225453125 0.57243453125 0.34766047499999997 0.6038771390625 0.363397803125 0.5918936687499999 0.3396578140625 0.5604493500000001 0.3239225453125 0.57243453125
3 0.2290167140625 0.7294785578125 0.28751194999999996 0.733361015625 0.2958238671875 0.6341973421875 0.23732847812500002 0.6303129859375 0.2290167140625 0.7294785578125
3 0.1969161515625 0.6231017624999999 0.2203696515625 0.6237737812499999 0.2214150734375 0.6010458234375 0.19796363125 0.6003755156249999 0.1969161515625 0.6231017624999999
3 0.13272398125 0.646854175 0.14614529999999998 0.686233959375 0.216240140625 0.6612993984375 0.202818821875 0.6219196171875 0.13272398125 0.646854175
3 0.085956984375 0.6747969453125 0.14740611718750002 0.7317564812499999 0.17513030000000002 0.701955934375 0.1136811703125 0.644996396875 0.085956984375 0.6747969453125
3 0.1491021859375 0.3686184625 0.15711764374999998 0.4666022765625 0.18865791406250002 0.4634793515625 0.1806424546875 0.3654955359375 0.1491021859375 0.3686184625
3 0.15811986718749999 0.5315871234375 0.16620369375 0.546577846875 0.2074942359375 0.523830565625 0.19941040937500001 0.508839840625 0.15811986718749999 0.5315871234375
3 0.2495147453125 0.531949603125 0.29550404218750004 0.554907428125 0.3254730796875 0.4964594125 0.2794818765625 0.4735017765625 0.2495147453125 0.531949603125
3 0.21293228281249998 0.428892046875 0.22514617343749999 0.4851001390625 0.2333990796875 0.483171878125 0.2211851890625 0.42696378749999997 0.21293228281249998 0.428892046875
3 0.20459040625 0.3870438171875 0.3204667421875 0.579050628125 0.415994975 0.5204139999999999 0.300118790625 0.328409090625 0.20459040625 0.3870438171875
3 0.29941765781249996 0.27414535624999997 0.3447734984375 0.4129203140625 0.42622526250000004 0.3850681625 0.380869425 0.24629320625 0.29941765781249996 0.27414535624999997
3 0.4144203453125 0.43430390937499996 0.44250609687500003 0.47198266718750004 0.536680746875 0.4011410234375 0.508594996875 0.3634622640625 0.4144203453125 0.43430390937499996
3 0.47301031250000003 0.5024507218750001 0.5988234171875 0.5403630390624999 0.631643878125 0.43697958281249993 0.505830771875 0.3990672625 0.47301031250000003 0.5024507218750001
3 0.43260071250000004 0.5275418046875 0.56469015 0.6649894421875 0.5989503921875 0.6320570671875 0.46686095468750005 0.4946094296875 0.43260071250000004 0.5275418046875
3 0.438048190625 0.5639065234375 0.4427117765625 0.6209158421875001 0.4534238890625 0.6198551937500001 0.4487603046875 0.562845875 0.438048190625 0.5639065234375
3 0.3540388234375 0.6342780593749999 0.43231529843749994 0.6405026484375 0.45026780312500003 0.455319565625 0.371991325 0.4490949765625 0.3540388234375 0.6342780593749999
3 0.333785778125 0.6162413109375 0.4552940296875 0.7570776234375 0.474829903125 0.74015675625 0.353321496875 0.5993185484375 0.333785778125 0.6162413109375
3 0.3006507546875 0.670673315625 0.3106497953125 0.675234978125 0.3453843640625 0.6014224359375 0.33538516875 0.5968588734375 0.3006507546875 0.670673315625
3 0.24835233906249998 0.613819221875 0.27860503593749997 0.63895970625 0.3286137359375 0.57923055 0.29835913125 0.554090253125 0.24835233906249998 0.613819221875
0 0.5421130765625 1 0.8577847656250001 0.305767 0.24236824218750003 0.034831235937499996 0 0.5678518171875 0 0.792796296875 0.470649275 1 0.5421130765625 1