3 0.6914402578125001 0.445976103125 0.7278947859375 0.3731601828125 0.7003852921875 0.35833287187499996 0.6639307640625 0.431148790625 0.6914402578125001 0.445976103125
3 0.555697609375 0.394426490625 0.5461711593749999 0.33603535625 0.50683905625 0.34043306093750003 0.51636550625 0.39882419687500004 0.555697609375 0.394426490625
3 0.6028952046875 0.5153971187499999 0.61635225 0.4839265265625 0.6004511890625001 0.47645811718750003 0.586992759375 0.5079305609375 0.6028952046875 0.5153971187499999
3 0.6814697453125 0.6161505921875 0.7302813203125 0.6021142984375001 0.702140903125 0.5180552890625 0.653329596875 0.5320932484374999 0.6814697453125 0.6161505921875
3 0.71514106875 0.5093141046875 0.734900053125 0.5044497140625 0.7291785109375 0.48502888750000006 0.7094209109375 0.4898914234375 0.71514106875 0.5093141046875
3 0.7914074703125 0.5496564578124999 0.7944223515625 0.513220909375 0.7296398546875 0.50450784375 0.7266249734375 0.54094339375 0.7914074703125 0.5496564578124999
3 0.800017840625 0.5891715750000001 0.8400492828124999 0.5287914828125 0.8101864171875001 0.5081389781250001 0.770154975 0.5685190671875 0.800017840625 0.5891715750000001
3 0.7353925343750001 0.362124259375 0.7213581687499999 0.2761024421875 0.6939300296875001 0.2791691703125 0.7079643953125 0.36519098906249997 0.7353925343750001 0.362124259375
3 0.744689021875 0.4328009921875 0.74836095625 0.41838763125 0.7084859765625 0.4063002 0.70481404375 0.4207135609375 0.744689021875 0.4328009921875
3 0.6367401796875 0.46360962499999997 0.6708832859375 0.4353963390625 0.6330253546875 0.390431690625 0.598880590625 0.4186451625 0.6367401796875 0.46360962499999997
3 0.6815992468750001 0.39051481093749996 0.680011040625 0.33977742499999997 0.6725978515625 0.3396210140625 0.67418605625 0.3903584015625 0.6815992468750001 0.39051481093749996
3 0.6206916312499999 0.48900475156249995 0.6781907625 0.3021395734375 0.584659915625 0.2689902796875 0.5271605109374999 0.45585378906249996 0.6206916312499999 0.48900475156249995
3 0.5647384843750001 0.3500788015625 0.57371581875 0.22203395937499998 0.49867578281249997 0.21287775625 0.48969844531250006 0.3409225953125 0.5647384843750001 0.3500788015625
3 0.49436521874999995 0.4189017828125 0.5101855843750001 0.381255296875 0.41520770156250003 0.3373244421875 0.3993873375 0.374970928125 0.49436521874999995 0.4189017828125
3 0.3762603015625 0.5064681625 0.474959284375 0.4507674171875 0.42512465156249996 0.36754569375 0.32642566875 0.4232464421875 0.3762603015625 0.5064681625
3 0.43172620312500004 0.6077821906249999 0.514585128125 0.46503841875 0.478509996875 0.44287722343749997 0.3956510734375 0.5856209953125 0.43172620312500004 0.6077821906249999
3 0.5258609734374999 0.547464934375 0.51769544375 0.49741539218749997 0.508379946875 0.498456953125 0.516545475 0.548506496875 0.5258609734374999 0.547464934375
3 0.5388481765625001 0.5624686421875 0.603947428125 0.5427975375 0.5493347671875 0.38626873906250003 0.4842355171875 0.40593984375 0.5388481765625001 0.5624686421875
3 0.5441385578125 0.6672676328125 0.6172980375 0.523532478125 0.597122071875 0.5124973171875 0.5239628656249999 0.6562341390624999 0.5441385578125 0.6672676328125
3 0.64947535 0.570216078125 0.6569901875 0.5644528640625001 0.6118192171875 0.5070980984375 0.60430465 0.512862978125 0.64947535 0.570216078125
3 0.66895365 0.5330575375 0.6892790515625 0.505835409375 0.634143671875 0.46342598749999997 0.6138166140625 0.49064830156249994 0.66895365 0.5330575375
0 1 0.5638172578125 0.5802875171874999 0.0168846421875 0.5563445140625001 0.016187971875000002 0.10662775312499999 0.3513244015625 0.5378127421875 0.9132083015625 1 0.5687767890625001 1 0.5638172578125