3 0.5159446796875 0.25082274375 0.4509322046875 0.19546407187499998 0.43016848906250005 0.219741553125 0.4951809640625 0.2751002265625 0.5159446796875 0.25082274375
3 0.435117296875 0.37603751406249997 0.374633975 0.371089740625 0.3705615265625 0.4122197890625 0.43104485 0.41716756093749996 0.435117296875 0.37603751406249997
3 0.5663382734375 0.35834124375 0.5377451515625 0.3367545640625 0.526846128125 0.351063825 0.5554408046875 0.3726523765625 0.5663382734375 0.35834124375
3 0.6840876734375 0.3036436796875 0.6805570640624999 0.250449575 0.590378371875 0.258008084375 0.5939107078125 0.3112023296875 0.6840876734375 0.3036436796875
3 0.5844317828125 0.2425861515625 0.583820665625 0.221258125 0.563153984375 0.2222106765625 0.5637635453125001 0.2435368328125 0.5844317828125 0.2425861515625
3 0.64123150625 0.1750883828125 0.605420515625 0.1628833703125 0.5827456515625 0.22662586562499998 0.618556640625 0.238830878125 0.64123150625 0.1750883828125
3 0.68262855 0.17623493750000002 0.630830971875 0.1203546328125 0.6037310984375 0.1455663140625 0.655528678125 0.2014466171875 0.68262855 0.17623493750000002
3 0.4415039453125 0.1850663578125 0.3523999140625 0.1777773 0.349560003125 0.20645923281249998 0.4386640359375 0.21374829062499998 0.4415039453125 0.1850663578125
3 0.5142317296875001 0.19332898437499998 0.500599540625 0.1859777546875 0.4799137296875 0.22352634062500001 0.4935459203125 0.23087757031249997 0.5142317296875001 0.19332898437499998
3 0.5218064421874999 0.3109114890625 0.5009291703125001 0.269089971875 0.447778178125 0.29634133125 0.46865527812499996 0.33816458125 0.5218064421874999 0.3109114890625
3 0.4583254390625 0.24692980156250002 0.40721120468749994 0.2358227953125 0.40545769375 0.24332778125 0.4565719265625 0.25443478750000004 0.4583254390625 0.24692980156250002
3 0.5437616656250001 0.33361194375 0.369155471875 0.22823690000000002 0.3158345171875 0.315108025 0.49043898124999996 0.4204829296875 0.5437616656250001 0.33361194375
3 0.3926869109375 0.3557159 0.2664884328125 0.3144704328125 0.241160384375 0.3885406328125 0.3673588609375 0.42978609843750004 0.3926869109375 0.3557159
3 0.44639673750000003 0.44459148125 0.41213261718750005 0.41905100156249997 0.34771099687499996 0.504691075 0.38197511875 0.5302315546874999 0.44639673750000003 0.44459148125
3 0.5085801390625 0.5867425453124999 0.474103625 0.472331253125 0.3800892921875 0.5021773578125 0.41456580781249996 0.6165886515625 0.5085801390625 0.5867425453124999
3 0.6219122734375 0.5557026046875 0.49692082812500005 0.4355837734375 0.46697295 0.46673918125 0.5919643953125 0.5868580125 0.6219122734375 0.5557026046875
3 0.58183284375 0.444778521875 0.5299899953125 0.4405375734375 0.5290254671875 0.4502789015625 0.5808683171875 0.4545198484375 0.58183284375 0.444778521875
3 0.5996445953125 0.435324225 0.5939841109375 0.3641415546875 0.42558324374999995 0.3804671109375 0.4312437296875 0.4516497828125 0.5996445953125 0.435324225
3 0.7056549640625 0.4562205078125 0.5775819421875 0.3457239421875 0.5621928046875 0.36348923593750004 0.69026755 0.47398594374999997 0.7056549640625 0.4562205078125
3 0.6312293078125 0.3246846578125 0.627081046875 0.31559177968749996 0.5599560375 0.34717838749999996 0.564106028125 0.35627140625 0.6312293078125 0.3246846578125
3 0.5982414828125 0.2955439546875 0.5753793546875 0.2680329078125 0.5210633234375 0.313507834375 0.5439252812500001 0.341020615625 0.5982414828125 0.2955439546875
0 0.626357253125 0 0.0488621546875 0.2625911203125 0.295244365625 0.8222355218749999 0.9504011265625 0.5243320203125 0.719563553125 0 0.626357253125 0