3 0.46687761562499996 0.8293879765625001 0.53442304375 0.7718724734375 0.5128503515625 0.746649115625 0.44530492343750006 0.8041646203124999 0.46687761562499996 0.8293879765625001
3 0.3876067265625 0.64691975 0.4504465421875 0.6417792062500001 0.44621542812500004 0.599046690625 0.38337561249999996 0.6041872328125 0.3876067265625 0.64691975
3 0.557072884375 0.6825926609375 0.586780025 0.6601649421875 0.575457978125 0.6452962328125 0.5457492234375 0.6677258968750001 0.557072884375 0.6825926609375
3 0.7054488984375 0.77226018125 0.7091170640625 0.7169935796875 0.615426709375 0.7091404359375 0.61175675 0.764407184375 0.7054488984375 0.77226018125
3 0.6049435484375 0.8025889609375 0.605578475 0.7804299718750001 0.5841049828125 0.7794422515625 0.583471671875 0.801599296875 0.6049435484375 0.8025889609375
3 0.6273849515625 0.8632380562499999 0.664591175 0.8505575249999999 0.6410328734374999 0.7843315546875 0.6038266515624999 0.7970120875 0.6273849515625 0.8632380562499999
3 0.6537854249999999 0.9074237578125001 0.707601090625 0.8493662984375 0.6794453796875 0.8231723453124999 0.6256297125 0.881229803125 0.6537854249999999 0.9074237578125001
3 0.3645064046875 0.8477638437499999 0.45708202187499997 0.8401907968750001 0.454131465625 0.8103913859375 0.36155584687500003 0.8179644328125001 0.3645064046875 0.8477638437499999
3 0.5184800421875 0.8392438906249999 0.53264335625 0.8316062499999999 0.51115160625 0.7925947328125 0.49698829062499994 0.8002323734375001 0.5184800421875 0.8392438906249999
3 0.5188225140625 0.7528935359375 0.5405131859375001 0.709442609375 0.4852911984375 0.6811277078125 0.46360070468750003 0.724580434375 0.5188225140625 0.7528935359375
3 0.42145320000000003 0.7874568359375 0.4745588984375 0.7759170890625 0.47273706718749997 0.7681197015625 0.4196313703125 0.7796594484375 0.42145320000000003 0.7874568359375
3 0.3819147765625 0.7953382859375 0.5633238078125 0.6858577203125 0.5079236171875 0.5956021515625001 0.32651638125 0.705082571875 0.3819147765625 0.7953382859375
3 0.275247721875 0.7057450046875 0.406363025 0.662892571875 0.3800481671875 0.585936521875 0.24893286718750002 0.628788953125 0.275247721875 0.7057450046875
3 0.42656635625000006 0.59708986875 0.4621654421875 0.5705543046875 0.3952338890625 0.48157760625 0.3596348015625 0.50811316875 0.42656635625000006 0.59708986875
3 0.49095181875 0.5417337625 0.5267715734375 0.4228648875 0.4290943453125 0.39185594687499997 0.3932745890625 0.5107248234374999 0.49095181875 0.5417337625
3 0.514658003125 0.5799129625 0.6445192453125 0.45511417656250003 0.6134045671874999 0.422744921875 0.483543325 0.5475437078125001 0.514658003125 0.5799129625
3 0.5490155796875 0.5747661578125001 0.6028782796875001 0.5703599765625 0.6018761734375 0.56023911875 0.5480134718749999 0.564645296875 0.5490155796875 0.5747661578125001
3 0.615502971875 0.65413864375 0.6213839953125 0.5801826234374999 0.44642205625000003 0.5632210046874999 0.4405410328125 0.637177028125 0.615502971875 0.65413864375
3 0.5984617578125 0.6732738265625 0.7315246375 0.5584722 0.7155377140625 0.540014603125 0.5824730437500001 0.654816378125 0.5984617578125 0.6732738265625
3 0.6498894 0.70457996875 0.65419928125 0.6951328234374999 0.5844608078125 0.662315421875 0.5801491296875 0.6717627140625 0.6498894 0.70457996875
3 0.59617335625 0.7539917843749999 0.6199262156249999 0.725408878125 0.5634937984375 0.6781604 0.5397411156249999 0.7067451078125 0.59617335625 0.7539917843749999
0 0.760268975 1 0.985806365625 0.4877069921875 0.305124015625 0.1781968609375 0.0491424984375 0.7596455890625 0.5777342265625001 1 0.760268975 1