3 0.8537037062499999 0.6092036140625 0.8634475640625 0.5772964453125 0.6729784390625 0.5171362921875 0.66323458125 0.5490434640624999 0.8537037062499999 0.6092036140625
3 0.8523996125 0.7315732749999999 0.8689397640625 0.7015771546875 0.727524509375 0.6224598046875001 0.7109844046875 0.6524543359375 0.8523996125 0.7315732749999999
3 0.73710121875 0.7753005421875 0.7661818171875 0.7603640453125 0.6893541484375 0.6132213390625 0.660273546875 0.6281578375 0.73710121875 0.7753005421875
3 0.646353175 0.8326668046875 0.6570994578125 0.8305894390624999 0.6268949078125 0.68290709375 0.616150171875 0.6849861171875 0.646353175 0.8326668046875
3 0.56109634375 0.7408579 0.5709556390625 0.7388702375 0.558022159375 0.6780821828125 0.5481628656249999 0.680069846875 0.56109634375 0.7408579
3 0.5260609359374999 0.7756660265625 0.53054338125 0.679046378125 0.44643537968749997 0.6741695703125 0.441952934375 0.77078921875 0.5260609359374999 0.7756660265625
3 0.3504447984375 0.7963508906250001 0.432021540625 0.641300746875 0.393490159375 0.6207066734375 0.31191341875 0.77575681875 0.3504447984375 0.7963508906250001
3 0.385076465625 0.8085862734375 0.410897 0.7444309687499999 0.40505689218749996 0.742023671875 0.379236359375 0.8061789796875001 0.385076465625 0.8085862734375
3 0.25170456093750004 0.396984146875 0.369647078125 0.4012464234375 0.37059458125 0.3625650828125 0.25265206406249996 0.3583028078125 0.25170456093750004 0.396984146875
3 0.3945466046875 0.4052439484375 0.40593379843750005 0.386732453125 0.28457594375 0.31121471093749997 0.27319034062499997 0.32972626875 0.3945466046875 0.4052439484375
3 0.363283571875 0.3336124203125 0.3718090875 0.32522144218750004 0.3369701625 0.289833896875 0.3284430078125 0.2982264015625 0.363283571875 0.3336124203125
3 0.3364219734375 0.688628946875 0.37428622031250003 0.5583364000000001 0.193042234375 0.5037414078125 0.155179578125 0.63403401875 0.3364219734375 0.688628946875
3 0.2811077875 0.7724951375 0.3495772890625 0.6663619125 0.2957498015625 0.631274521875 0.2272819390625 0.7374062218749999 0.2811077875 0.7724951375
3 0.8342512140625 0.36498017968749996 0.887579978125 0.320581321875 0.8702365140625 0.299838796875 0.8169077484375 0.34423765624999997 0.8342512140625 0.36498017968749996
3 0.9046947046874999 0.396478765625 0.905598753125 0.3821722171875 0.835240659375 0.37691727343750003 0.8343366109374999 0.3912238234375 0.9046947046874999 0.396478765625
3 0.4340222296875 0.2749931421875 0.44524251093749995 0.2714123421875 0.3935396953125 0.1145047875 0.3823210515625 0.11808406093749999 0.4340222296875 0.2749931421875
3 0.43835113124999997 0.35876717812500003 0.450153628125 0.35379725781250004 0.376650859375 0.1830839921875 0.3648467703125 0.18805384687499999 0.43835113124999997 0.35876717812500003
3 0.6454286890625001 0.33365029218750003 0.6924570765625 0.197606603125 0.67712261875 0.1921494 0.6300942296875001 0.3281930921875 0.6454286890625001 0.33365029218750003
3 0.576388075 0.347730134375 0.7005773671875 0.23078135312499998 0.6336585234375 0.1598176015625 0.5094692328125 0.2767663796875 0.576388075 0.347730134375
3 0.53520264375 0.3084460890625 0.5892972453125 0.1662998 0.5501035671875 0.1509955953125 0.49600891875 0.29314347343749997 0.53520264375 0.3084460890625
3 0.7721865484375 0.411914196875 0.839325915625 0.38881003125 0.82531071875 0.3492532546875 0.7581713531250001 0.37235741875 0.7721865484375 0.411914196875
3 0.6280788421875 0.406790084375 0.7411744796875 0.3510396671875 0.7102711125 0.2894416453125 0.597173884375 0.345191996875 0.6280788421875 0.406790084375
3 0.6682022078125 0.7585682140625 0.7739739765625 0.36862876718750004 0.3661932609375 0.253634240625 0.26042144375 0.6435752765625 0.6682022078125 0.7585682140625
0 0.9011206953125 0.8749717046875001 0.9225322359374999 0.13940371875 0.145916 0.1077718859375 0.12450445937500002 0.8433398734375 0.9011206953125 0.8749717046875001