3 0.6968496187500001 0.5248827796875 0.68651720625 0.5587172296875 0.888491178125 0.6225112140625 0.8988235906250001 0.5886767671875 0.6968496187500001 0.5248827796875
3 0.75469041875 0.636568115625 0.7371512484375 0.6683743953125 0.8871083140625 0.7522723328125 0.9046475359375 0.720464365625 0.75469041875 0.636568115625
3 0.7142144671875 0.6267716203125 0.6833773187500001 0.6426103234375 0.7648455875 0.79864084375 0.79568273125 0.7828021421875 0.7142144671875 0.6267716203125
3 0.6479825203125 0.7006665828124999 0.6365887734375 0.702871184375 0.6686161187499999 0.8594721828124999 0.6800115046874999 0.8572693375 0.6479825203125 0.7006665828124999
3 0.5749496734374999 0.695550234375 0.56449485 0.6976579578125001 0.5782095453125 0.7621177734375 0.58866436875 0.76001005 0.5749496734374999 0.695550234375
3 0.4566227515625 0.6914012890625 0.45186955468749995 0.7938570234375 0.54105790625 0.7990284046875 0.5458111031249999 0.69657266875 0.4566227515625 0.6914012890625
3 0.40047949843749997 0.634709090625 0.313975303125 0.7991246796875 0.3548340828125 0.8209626890624999 0.44133827812500004 0.6565470999999999 0.40047949843749997 0.634709090625
3 0.4127448921875 0.7633539609375 0.3853647296875 0.8313844218750001 0.39155759375 0.8339371218749999 0.4189377578125 0.7659066640625001 0.4127448921875 0.7633539609375
3 0.37620096406250003 0.360975053125 0.251134403125 0.3564553265625 0.25012966875 0.397473121875 0.3751962296875 0.401992853125 0.37620096406250003 0.360975053125
3 0.28498657031249996 0.30652298125 0.272913246875 0.3261526875 0.4015997546875 0.4062318375 0.41367476718749996 0.3866021984375 0.28498657031249996 0.30652298125
3 0.3405455421875 0.283850709375 0.3315033234375 0.29275014375 0.36844835 0.3302735734375 0.37748883125 0.32137575625000003 0.3405455421875 0.283850709375
3 0.18792397968750002 0.510678809375 0.1477743171875 0.6488414421875001 0.33996424062499997 0.70673405 0.3801155890625 0.5685714843749999 0.18792397968750002 0.510678809375
3 0.29683536093749996 0.645915265625 0.2242318546875 0.7584576046875 0.2813089296875 0.795665984375 0.3539141734375 0.683122028125 0.29683536093749996 0.645915265625
3 0.9060226124999999 0.2944599328125 0.8494726453125001 0.341540603125 0.867863703125 0.3635360296875 0.9244136671875 0.3164553609375 0.9060226124999999 0.2944599328125
3 0.8689129140625 0.37619415625 0.8679542578125 0.391364859375 0.94256216875 0.3969372140625 0.943520825 0.3817665125 0.8689129140625 0.37619415625
3 0.40053202499999996 0.0979312515625 0.388635746875 0.1017267234375 0.4434598140625 0.2681135328125 0.45535783125 0.2643164421875 0.40053202499999996 0.0979312515625
3 0.382623059375 0.1706528234375 0.370105971875 0.1759228703125 0.4480501921875 0.356947746875 0.4605655921875 0.3516776296875 0.382623059375 0.1706528234375
3 0.70124411875 0.18026580781249998 0.6513750890625001 0.324526903125 0.667635790625 0.3303137328125 0.7175048187499999 0.1860526390625 0.70124411875 0.18026580781249998
3 0.6551546765625 0.14598108125 0.52346401875 0.2699938796875 0.5944249375 0.3452440359375 0.7261155968749999 0.22123123281249998 0.6551546765625 0.14598108125
3 0.566552775 0.1366262015625 0.509190665625 0.28736019218750003 0.550751796875 0.303587128125 0.6081138578124999 0.152854821875 0.566552775 0.1366262015625
3 0.858383178125 0.34685915624999997 0.7871884140625001 0.3713588734375 0.802050165625 0.41330498593750004 0.87324493125 0.38880526875 0.858383178125 0.34685915624999997
3 0.7363948703125 0.283434765625 0.6164662671875 0.3425525875 0.6492379671874999 0.40787136406249996 0.7691648843750001 0.3487534734375 0.7363948703125 0.283434765625
3 0.37153379375 0.245464496875 0.2593730734375 0.65895901875 0.6917848906249999 0.7808978375 0.803945559375 0.3674050015625 0.37153379375 0.245464496875
0 0.1379511953125 0.0907916640625 0.1152463390625 0.8707899328125001 0.9387722796875 0.9043324109374999 0.9614771359375001 0.12433414375 0.1379511953125 0.0907916640625