3 0.42167820312500004 0.87936709375 0.4569421828125 0.8787045203125 0.46764726406249996 0.66889331875 0.4323832828125 0.669555890625 0.42167820312500004 0.87936709375
3 0.2960681234375 0.9179253328125 0.3311912671875 0.9246724796875 0.37440453749999997 0.7576745171875 0.3392830328125 0.750926896875 0.2960681234375 0.9179253328125
3 0.2205096390625 0.81702464375 0.24356696875 0.84120099375 0.373665525 0.7165458140625 0.3506081953125 0.6923694640625 0.2205096390625 0.81702464375
3 0.137547553125 0.7450842703125 0.14254449375 0.7551395140625 0.285649109375 0.6768693921875 0.280650884375 0.6668162296875 0.137547553125 0.7450842703125
3 0.20875300624999998 0.630035575 0.213421196875 0.6392342359375001 0.272191203125 0.606516984375 0.2675230140625 0.597318321875 0.20875300624999998 0.630035575
3 0.16376379531250002 0.6063853359375 0.2638642671875 0.5793889890624999 0.24638994374999998 0.4938047765625 0.1462894703125 0.520801125 0.16376379531250002 0.6063853359375
3 0.0956806109375 0.4377416671875 0.2761854546875 0.4687035296875 0.286973990625 0.42351532656249996 0.1064691453125 0.392553465625 0.0956806109375 0.4377416671875
3 0.09240664531250001 0.47631261562500005 0.16497520937500001 0.48120076093749997 0.1658794234375 0.474584303125 0.09331086093749999 0.4696961609375 0.09240664531250001 0.47631261562500005
3 0.478111103125 0.2090439453125 0.505252140625 0.3282172953125 0.5451007625 0.3165635046875 0.5179597265625 0.197390153125 0.478111103125 0.2090439453125
3 0.507811140625 0.35438571093750004 0.5298018109375 0.35972777499999997 0.5746880015625 0.21393294843750002 0.5526976921875 0.20859249531250001 0.507811140625 0.35438571093750004
3 0.5727848234375 0.2998312453125 0.5836513953125 0.305612103125 0.6105693343749999 0.259292609375 0.5997007609375 0.2535106140625 0.5727848234375 0.2998312453125
3 0.20220276093749998 0.38864831718750004 0.3456886859375 0.38402059843749997 0.3531612421875 0.18523500312500002 0.209675675 0.18986433125 0.20220276093749998 0.38864831718750004
3 0.10157931093749999 0.36072652656250004 0.228510015625 0.394532815625 0.25004860624999997 0.3293478984375 0.1231199015625 0.29554274999999997 0.10157931093749999 0.36072652656250004
3 0.666477571875 0.78038745 0.7261705875 0.819182528125 0.7427706640625 0.7951055796875 0.6830776484375 0.756310503125 0.666477571875 0.78038745
3 0.653050965625 0.8609971625 0.6679371171875 0.8572398 0.6545226515625 0.7852639546875 0.6396365 0.7890213171875 0.653050965625 0.8609971625
3 0.6516847609374999 0.35138081250000003 0.6583472796875001 0.3614196984375 0.8051526515624999 0.2586750140625 0.7984921328125 0.24863726718749998 0.6516847609374999 0.35138081250000003
3 0.567087121875 0.382992415625 0.5753271078125 0.39316025 0.7304414140625 0.2641476734375 0.72220106875 0.253978228125 0.567087121875 0.382992415625
3 0.6481108484375 0.5816117921874999 0.7999317078125 0.5842626 0.80142184375 0.567171003125 0.64960098125 0.5645201937500001 0.6481108484375 0.5816117921874999
3 0.6152565578125 0.5172497640625 0.7681419453125 0.6031783578125001 0.822907921875 0.5132332374999999 0.6700225343749999 0.4273046421875 0.6152565578125 0.5172497640625
3 0.644467853125 0.46332300000000004 0.80442301875 0.47104272500000005 0.8096197593750001 0.4269162265625 0.649662953125 0.41919697031250003 0.644467853125 0.46332300000000004
3 0.6018560046875 0.73369394375 0.6434400499999999 0.7932176906249999 0.680188059375 0.766336021875 0.638604015625 0.7068122765625 0.6018560046875 0.73369394375
3 0.5686080953125 0.58810961875 0.6558854968750001 0.68289408125 0.7106846109375 0.631967109375 0.623406853125 0.5371810359375 0.5686080953125 0.58810961875
3 0.21923355937500003 0.7427672984375 0.6466418859374999 0.721379221875 0.655430421875 0.276685021875 0.22802044999999999 0.298073571875 0.21923355937500003 0.7427672984375
0 0 0.2847377515625 0.1582716609375 0.9952321234375001 0.2309637796875 0.9935401953125 0.920966353125 0.7950714515625 0.7459010265625 0.009188940625 0 0.22373602343750001 0 0.2847377515625