3 0.47419661093750004 0.6963050843749999 0.439822034375 0.6869288140625 0.38406101718749996 0.8913864406249999 0.41843559375000006 0.9007627125000001 0.47419661093750004 0.6963050843749999
3 0.364486440625 0.7575847453125 0.3318525421875 0.7409203390625 0.253791525 0.8937881359375 0.28642711875 0.9104525421874999 0.364486440625 0.7575847453125
3 0.3726627125 0.7166983046875 0.355508475 0.6862288140625 0.20226440625 0.7725033890625 0.21941864375 0.80297288125 0.3726627125 0.7166983046875
3 0.2958033890625 0.6524203390625 0.2931254234375 0.6410559328125001 0.1372881359375 0.6777542375000001 0.13996440625 0.6891203390625 0.2958033890625 0.6524203390625
3 0.2979525421875 0.579013559375 0.29541016875000004 0.5685881359375 0.231286440625 0.58422711875 0.2338288140625 0.5946525421875 0.2979525421875 0.579013559375
3 0.2972796609375 0.4602016953125 0.19427288125 0.4584254234375 0.1927288140625 0.5480389828125001 0.29573559375 0.5498152546874999 0.2972796609375 0.4602016953125
3 0.3518745765625 0.4022305078125 0.183350846875 0.3202610171875 0.1631067796875 0.3618830515625 0.33163050781250003 0.44385254218750003 0.3518745765625 0.4022305078125
3 0.2232830515625 0.41828983124999997 0.1538966109375 0.3928118640625 0.1515881359375 0.39909830468749996 0.22097457656250002 0.424576271875 0.2232830515625 0.41828983124999997
3 0.6255694921875 0.3698847453125 0.6249932203124999 0.24430169531249998 0.583791525 0.24449152500000002 0.584367796875 0.3700745765625 0.6255694921875 0.3698847453125
3 0.6764830515625 0.2768 0.656291525 0.2652627125 0.5811932203125 0.3966830515625 0.6013847453125 0.40822203437500004 0.6764830515625 0.2768
3 0.701505084375 0.331867796875 0.6922050843750001 0.3230576265625 0.6560610171875 0.3612118640625 0.665359321875 0.3700203390625 0.701505084375 0.331867796875
3 0.467649153125 0.1854 0.32736440624999996 0.1491610171875 0.2771254234375 0.343632203125 0.41741016875000003 0.37987288124999996 0.467649153125 0.1854
3 0.3363932203125 0.29859491562499996 0.220491525 0.22905423749999998 0.185486440625 0.2873932203125 0.30138983124999996 0.35693559375 0.3363932203125 0.29859491562499996
3 0.7139711859375 0.8993932203125 0.6644152546875 0.8440440671875 0.643094915625 0.8631338984375001 0.692650846875 0.9184830515625 0.7139711859375 0.8993932203125
3 0.6304355937499999 0.8645559328125 0.61517288125 0.8640372875000001 0.6126305078125001 0.9390372875 0.6278932203125 0.9395559328124999 0.6304355937499999 0.8645559328125
3 0.890523728125 0.38661016875 0.8862288140624999 0.3747881359375 0.7215033890625 0.4346389828125 0.7258 0.44646271249999997 0.890523728125 0.38661016875
3 0.8168169484375 0.3707694921875 0.8110169484374999 0.358367796875 0.6325474578125 0.4418372875 0.6383474578125 0.4542372875 0.8168169484375 0.3707694921875
3 0.8201932203125001 0.690650846875 0.673391525 0.644840678125 0.668249153125 0.6613203390625 0.815050846875 0.7071305078125001 0.8201932203125001 0.690650846875
3 0.8527135593749999 0.64341864375 0.722886440625 0.5149440671875001 0.6502745765625 0.5883203390625 0.7801016953125 0.716794915625 0.8527135593749999 0.64341864375
3 0.8584796609374999 0.5542711859375 0.704876271875 0.5011338984375 0.690291525 0.5432966109375 0.8438932203125 0.5964338984374999 0.8584796609374999 0.5542711859375
3 0.6594423734375 0.8531372875000001 0.6319474578125 0.7824389828125 0.5904627125 0.7985711859375 0.6179576265625 0.8692694921875 0.6594423734375 0.8531372875000001
3 0.7181016953125 0.728922034375 0.653876271875 0.6103508468750001 0.5896694921875001 0.6451305078125 0.653894915625 0.7636999999999999 0.7181016953125 0.728922034375
3 0.7412915250000001 0.36183050781250004 0.32177288125 0.2613983046875 0.21708305156250002 0.6987 0.6365999999999999 0.799132203125 0.7412915250000001 0.36183050781250004
0 0.8869559328125 0.123013559375 0.103313559375 0.123013559375 0.103313559375 0.9500508468750001 0.8869559328125 0.9500508468750001 0.8869559328125 0.123013559375