3 0.4500070796875 0.3434933515625 0.48151541093750005 0.3338712921875 0.42210726093749995 0.14578303125 0.39059893125 0.15540509062500002 0.4500070796875 0.3434933515625
3 0.34788884375 0.2963404 0.3775084421875 0.280007046875 0.299380059375 0.1403594828125 0.269758890625 0.1566928828125 0.34788884375 0.2963404
3 0.3718816359375 0.346417371875 0.386631428125 0.317700278125 0.24132800468750001 0.24183295624999998 0.22657821406249998 0.270550046875 0.3718816359375 0.346417371875
3 0.315763709375 0.3899892046875 0.3178167453125 0.379378778125 0.1719804296875 0.3495517859375 0.1699290296875 0.3601637390625 0.315763709375 0.3899892046875
3 0.3206185265625 0.4571266703125 0.32258134374999997 0.4473906171875 0.262553140625 0.43461880624999993 0.2605903234375 0.4443548609375 0.3206185265625 0.4571266703125
3 0.23103314687499998 0.5620089765625 0.32644505 0.5575825625 0.3216292015625 0.47452591093749996 0.2262172984375 0.478952325 0.23103314687499998 0.5620089765625
3 0.22612764218749998 0.6904229984375 0.379239659375 0.6098659671875 0.3589030125 0.571816228125 0.20579099531249997 0.6523732609375 0.22612764218749998 0.6904229984375
3 0.19608575781249998 0.6239415953125 0.25943912343750003 0.5984438187500001 0.25706191875 0.5926767125 0.19370855468749998 0.618174490625 0.19608575781249998 0.6239415953125
3 0.6383634765624999 0.7489435875 0.63415448125 0.6324753515625 0.59595665625 0.6334110109375 0.6001656546875 0.7498792453124999 0.6383634765624999 0.7489435875
3 0.666582809375 0.7286620390625 0.6848629734375 0.7174187562500001 0.610289203125 0.5975778734375 0.5920091015625 0.608822728125 0.666582809375 0.7286620390625
3 0.697688928125 0.6741000296874999 0.7059765265625 0.6656794640625 0.6710313265625001 0.6312760265625 0.662745234375 0.6396949734375 0.697688928125 0.6741000296874999
3 0.36607890625 0.8451976671875 0.49474285937499995 0.80780829375 0.4408303046875 0.6288298578125 0.312166415625 0.6662208015625 0.36607890625 0.8451976671875
3 0.26399885625 0.7739965859375 0.368803909375 0.7063845703125 0.3341551109375 0.6532299265625 0.2293485515625 0.720843559375 0.26399885625 0.7739965859375
3 0.6522528140625 0.1917410984375 0.6960966875000001 0.1390789421875 0.6756134453125 0.12195227187499999 0.6317695718749999 0.17461442656249998 0.6522528140625 0.1917410984375
3 0.6058539749999999 0.174530096875 0.6199816921875 0.1736373484375 0.6147924359375 0.10415873125 0.6006647187499999 0.10505147968749999 0.6058539749999999 0.174530096875
3 0.8755794890624999 0.6208954609374999 0.879114021875 0.6098170515625 0.7241678125 0.5587605203125 0.720631771875 0.5698405484375 0.8755794890624999 0.6208954609374999
3 0.8064843265625001 0.6381513140624999 0.8113920578125 0.6264947765625 0.6428127078125 0.5539107921875 0.6379049109375 0.5655657578125 0.8064843265625001 0.6381513140624999
3 0.6680968218750001 0.3762194484375 0.8024399671875001 0.3297789140625 0.7970509796874999 0.3146361375 0.6627078359375 0.3610766703125 0.6680968218750001 0.3762194484375
3 0.7188806999999999 0.4953366328125 0.83436761875 0.3726997078125 0.7642909140625 0.30661735 0.6488039921875 0.4292542765625 0.7188806999999999 0.4953366328125
3 0.7027083203125 0.5086286921875 0.84307935 0.455210228125 0.8279664468749999 0.4165064703125 0.6875969875 0.4699248890625 0.7027083203125 0.5086286921875
3 0.6244845484375 0.24974328906249998 0.6472999109375001 0.18344316562500002 0.60823759375 0.1696031578125 0.58542223125 0.2359032828125 0.6244845484375 0.24974328906249998
3 0.651310403125 0.40872828906249997 0.706363875 0.2970447765625 0.645535828125 0.2665277015625 0.5904822921874999 0.37820964375 0.651310403125 0.40872828906249997
3 0.3566569140625 0.741271325 0.7417236875000001 0.6368216546875 0.6281665921874999 0.2341381984375 0.2431013890625 0.3385878203125 0.3566569140625 0.741271325
0 0.159389375 0.875489346875 0.8857627625 0.85434545 0.854526328125 0.08743691718749999 0.1281529421875 0.1085808140625 0.159389375 0.875489346875