3 0.154353896875 0.408435065625 0.1453733765625 0.441358765625 0.3412012984375 0.494766234375 0.35018181875 0.46184253281250004 0.154353896875 0.408435065625
3 0.152053571875 0.2836639609375 0.1360925328125 0.314922078125 0.2825081171875 0.38968668906250004 0.29846915625000003 0.35843019531250003 0.152053571875 0.2836639609375
3 0.26821915625 0.23431168906250002 0.2390357140625 0.2507418828125 0.32166883125 0.3975178578125 0.35085227343750003 0.38108766250000004 0.26821915625 0.23431168906250002
3 0.35896915625000003 0.17207792187499998 0.3480827921875 0.174641234375 0.383233765625 0.323902596875 0.39411850625 0.3213376625 0.35896915625000003 0.17207792187499998
3 0.4485487015625 0.26210876562499996 0.4385633109375 0.26454383125 0.45354220781250004 0.32596103906249996 0.463527596875 0.3235259734375 0.4485487015625 0.26210876562499996
3 0.483209415625 0.22517857187499998 0.4815081171875 0.3238376625 0.5673392859375 0.3253165578125 0.5690405843749999 0.2266574671875 0.483209415625 0.22517857187499998
3 0.6615081171875 0.19680681875 0.5829983765625 0.3582175328125 0.6228636359374999 0.37760714218749997 0.7013733765625 0.216196428125 0.6615081171875 0.19680681875
3 0.6258636359375 0.18577435 0.6014610390625 0.2522321421875 0.6074821421875 0.25444318125 0.631884740625 0.1879853890625 0.6258636359375 0.18577435
3 0.7739448046875 0.5997353890625 0.6536623374999999 0.6002873375 0.65384415625 0.63975 0.7741266234374999 0.6391980515625 0.7739448046875 0.5997353890625
3 0.6281769484375 0.5972467531250001 0.6171249999999999 0.6165860390625 0.743 0.6885146109375 0.754050325 0.669175325 0.6281769484375 0.5972467531250001
3 0.6621509734375 0.6689545453125 0.6537142859375 0.6778603890625 0.69025649375 0.71248051875 0.6986948046875 0.7035730515624999 0.6621509734375 0.6689545453125
3 0.6789886359375 0.3060129875 0.6442775968750001 0.44037662343750006 0.8305422078125 0.48849512968750003 0.8652516234375 0.35413149375 0.6789886359375 0.3060129875
3 0.732853896875 0.21824188281249998 0.666246753125 0.329253246875 0.722125 0.3627792203125 0.78873051875 0.25176948125 0.732853896875 0.21824188281249998
3 0.1814139609375 0.6565357140625 0.1284009734375 0.704 0.146685065625 0.7244204546875 0.1996980515625 0.6769561687500001 0.1814139609375 0.6565357140625
3 0.10871428593750002 0.6273571421875 0.10821753281249999 0.64197565 0.1800519484375 0.6444107140625001 0.1805487015625 0.6297922078125 0.10871428593750002 0.6273571421875
3 0.5918230515625 0.731634740625 0.5804983765625 0.73575 0.637824675 0.8935211031250001 0.6491477265625 0.8894074671875 0.5918230515625 0.731634740625
3 0.584928571875 0.6464334421875 0.5730519484375 0.6519886359375 0.6529967531249999 0.8229253249999999 0.664875 0.8173701296875 0.584928571875 0.6464334421875
3 0.37470941562500004 0.680628246875 0.3308327921875 0.821233765625 0.34661688281249997 0.8261590906249999 0.39049350625 0.685553571875 0.37470941562500004 0.680628246875
3 0.44462824687499997 0.6634123375 0.3215762984375 0.787759740625 0.39185551875 0.85730681875 0.5149074671875 0.732959415625 0.44462824687499997 0.6634123375
3 0.4877516234375 0.701740259375 0.4368571421875 0.848858765625 0.477240259375 0.8628295453125 0.528134740625 0.715709415625 0.4877516234375 0.701740259375
3 0.2432516234375 0.606125 0.1755373375 0.632459415625 0.19098863593749998 0.67219318125 0.258702921875 0.645858765625 0.2432516234375 0.606125
3 0.390215909375 0.605365259375 0.2766509734375 0.6668798703125 0.3099610390625 0.7283766234375 0.42352759687499997 0.6668620125 0.390215909375 0.605365259375
3 0.3389074671875 0.2485048703125 0.2427142859375 0.650314934375 0.6615584421875 0.7505876625 0.7577516234375 0.3487759734375 0.3389074671875 0.2485048703125
0 0.098165584375 0.1395373375 0.098165584375 0.8901038968749999 0.8902954546874999 0.8901038968749999 0.8902954546874999 0.1395373375 0.098165584375 0.1395373375