3 0.913063628125 0.5998790031250001 0.912370740625 0.5630016390625 0.6929603328125 0.5518067828125 0.69365321875 0.5886841484375 0.913063628125 0.5998790031250001
3 0.9533859687499999 0.7312359500000001 0.960441809375 0.6945058640624999 0.7858034171875 0.649315515625 0.7787470812499999 0.6860438875 0.9533859687499999 0.7312359500000001
3 0.8478689078125001 0.8102513578125 0.873151365625 0.7861391171875 0.7427930078125 0.650088340625 0.71751055 0.6742005796874999 0.8478689078125001 0.8102513578125
3 0.7726371453125 0.8970090953125001 0.7831524328125 0.8917835359374999 0.701301325 0.7421316499999999 0.6907882140625 0.7473585515625001 0.7726371453125 0.8970090953125001
3 0.652324784375 0.8225458765625 0.6619442984374999 0.8176641078125 0.6277301796875 0.756205278125 0.6181106640625 0.76108704375 0.652324784375 0.8225458765625
3 0.6275925078125 0.8695934171875 0.599361034375 0.764913184375 0.5098612046875 0.7831869874999999 0.5380926796875001 0.8878672203125 0.6275925078125 0.8695934171875
3 0.451233115625 0.94079151875 0.48361153437500004 0.7520282828125 0.436355896875 0.740746153125 0.40397747968750003 0.929509390625 0.451233115625 0.94079151875
3 0.4915687484375 0.9442152734375 0.496680534375 0.868326578125 0.4897613625 0.8673809953125 0.4846495796875 0.9432696875 0.4915687484375 0.9442152734375
3 0.2120721 0.54086420625 0.336697825 0.512481421875 0.3245108546875 0.47080965937499997 0.19988512812499998 0.4991924421875 0.2120721 0.54086420625
3 0.36406348906249997 0.50980534375 0.3696499609375 0.4868085640625 0.21718478281250003 0.43986875625 0.2115999953125 0.4628651578125 0.36406348906249997 0.50980534375
3 0.3070130671875 0.4418590078125 0.3130584078125 0.4304952734375 0.264619721875 0.40234579375 0.258573190625 0.413711621875 0.3070130671875 0.4418590078125
3 0.399893665625 0.82939580625 0.3950542203125 0.679345165625 0.187173859375 0.6715307265625 0.19201498749999998 0.8215809937499999 0.399893665625 0.82939580625
3 0.37069440625 0.9346229421875 0.40604738906250004 0.8018849515625 0.3378801546875 0.779360934375 0.302528365625 0.912096834375 0.37069440625 0.9346229421875
3 0.8095555031250001 0.34387966406250003 0.8501255203125 0.28145559531250003 0.8249470109375 0.2640960375 0.7843769968750001 0.32652010625 0.8095555031250001 0.34387966406250003
3 0.8938532421875 0.357920559375 0.8899239734375 0.3423533421875 0.814655115625 0.356381540625 0.818584384375 0.3719487578125 0.8938532421875 0.357920559375
3 0.3609211109375 0.35934927031249997 0.3714192921875 0.35238192968750004 0.26397387031249997 0.19885997187499999 0.25347688125 0.2058252203125 0.3609211109375 0.35934927031249997
3 0.393978996875 0.4478173890625 0.40461202656250006 0.439200409375 0.26969691406249996 0.27698937031250004 0.2590622 0.285606725 0.393978996875 0.4478173890625
3 0.6016855343749999 0.36308669375 0.6044576203124999 0.2043197828125 0.58658405625 0.20276147031249997 0.5838119671875 0.3615283859375 0.6016855343749999 0.36308669375
3 0.5343788375 0.397444121875 0.62423880625 0.237563978125 0.5301785484375 0.18029236875000001 0.44031857968750004 0.3401725125 0.5343788375 0.397444121875
3 0.4779848359375 0.3668963625 0.4860577515625 0.19962298750000002 0.43991239374999996 0.1941884875 0.43183996875 0.361463578125 0.4779848359375 0.3668963625
3 0.7607256921875 0.41145777343749995 0.8229727484374999 0.36797118906250004 0.7948611999999999 0.3295418984375 0.7326141453125 0.37302847968749997 0.7607256921875 0.41145777343749995
3 0.608480646875 0.44622682812500003 0.707601653125 0.35495634374999996 0.6543446890625 0.2976500796875 0.5552219984375 0.3889209375 0.608480646875 0.44622682812500003
3 0.77021416875 0.8115858203125 0.7478475515625 0.3646228640625 0.28280786562500004 0.3554322390625 0.3051749765625 0.802396915625 0.77021416875 0.8115858203125
0 1 0.68646631875 0.824911321875 0.0777476046875 0.0030734015625 0.26082245625 0.2156865765625 1 0.4746065296875 1 1 0.8829619203125001 1 0.68646631875