3 0.52769131875 0.3202250796875 0.5602974281249999 0.32911897031250004 0.6131897109375 0.1351800640625 0.5805836015625 0.12628617343749998 0.52769131875 0.3202250796875
3 0.631757234375 0.2620980703125 0.6627122187500001 0.2779051453125 0.736757234375 0.1329019296875 0.70580064375 0.1170948546875 0.631757234375 0.2620980703125
3 0.6240016078124999 0.3008810296875 0.6402733125 0.3297829578125 0.7856334406250001 0.2479469453125 0.7693617359375 0.21904501562499998 0.6240016078124999 0.3008810296875
3 0.6969067531250001 0.361852090625 0.6994469453125001 0.3726318328125 0.84726688125 0.33782154375 0.8447282953125 0.3270401921875 0.6969067531250001 0.361852090625
3 0.6948681671875 0.431482315625 0.6972797421875 0.4413713828125 0.7581045015625001 0.426536978125 0.7556929265625 0.41664790937499996 0.6948681671875 0.431482315625
3 0.69550643125 0.544181671875 0.7932138265625001 0.5458665593750001 0.79467845625 0.46086334375 0.6969710609375 0.45917845625 0.69550643125 0.544181671875
3 0.6437202578125001 0.59917041875 0.8035739546875 0.6769228296875001 0.8227765265625001 0.637442121875 0.6629228296874999 0.5596897109375 0.6437202578125001 0.59917041875
3 0.7656961421874999 0.5839372984375 0.8315128625 0.6081045015625001 0.8337025718750001 0.6021414796875 0.7678858515625 0.5779742765625 0.7656961421874999 0.5839372984375
3 0.384106109375 0.629852090625 0.3846527328125 0.7489742765625 0.4237347265625 0.7487942125 0.42318810312500005 0.629672025 0.384106109375 0.629852090625
3 0.335811896875 0.7181479093750001 0.35496462968750003 0.729091640625 0.42619935625 0.6044324765625 0.4070466234375 0.5934871375 0.335811896875 0.7181479093750001
3 0.3120771703125 0.6659131828125 0.32089871406250003 0.6742700968750001 0.35518327968749996 0.6380787781249999 0.34636334375 0.6297234734375 0.3120771703125 0.6659131828125
3 0.5339019296874999 0.804845659375 0.666969453125 0.8392202578125 0.71462379375 0.65475401875 0.5815562703125 0.6203778140625 0.5339019296874999 0.804845659375
3 0.6584051453125 0.6974742765624999 0.7683440515625 0.7634372984375 0.80154823125 0.708099678125 0.6916077171875 0.6421350484375 0.6584051453125 0.6974742765624999
3 0.3002524109375 0.127585209375 0.34725884218749997 0.1800868171875 0.367482315625 0.1619791 0.320475884375 0.1094774921875 0.3002524109375 0.127585209375
3 0.379490353125 0.160630225 0.3939678453125 0.1611221859375 0.39637942187499997 0.0899807078125 0.38190192968750003 0.08948874531249999 0.379490353125 0.160630225
3 0.1327829578125 0.6139871375 0.1368569125 0.6252009640625 0.2931077171875 0.5684292609375 0.2890321546875 0.5572138265625 0.1327829578125 0.6139871375
3 0.20269774843750002 0.6290128625 0.20819935625000002 0.6407765265625 0.3774871375 0.5616012859375 0.37198553125 0.549839228125 0.20269774843750002 0.6290128625
3 0.1994951765625 0.32558842499999996 0.3387443734375 0.36904180000000003 0.3436221859375 0.3534099671875 0.20437299062499997 0.3099565921875 0.1994951765625 0.32558842499999996
3 0.16864790937500002 0.370390675 0.2917958203125 0.49225562656250005 0.360672025 0.422654340625 0.237524115625 0.3007893890625 0.16864790937500002 0.370390675
3 0.16317845625 0.45495176875 0.308879421875 0.5053553046875 0.3227138265625 0.46536173593749997 0.17701446875 0.41495819999999994 0.16317845625 0.45495176875
3 0.351975884375 0.17146141406249998 0.3780562703125 0.2385225078125 0.41740675312500003 0.2232202578125 0.39132636718749997 0.15615916406250002 0.351975884375 0.17146141406249998
3 0.2963344046875 0.28928617343749996 0.3572556265625 0.40175723437500005 0.41815916406250003 0.36876688125 0.3572379421875 0.256297428125 0.2963344046875 0.28928617343749996
3 0.2743376203125 0.6374919609374999 0.6722733125 0.732757234375 0.7715771703125001 0.3179533765625 0.37364308749999997 0.222688103125 0.2743376203125 0.6374919609374999
0 0.136167203125 0.8640225078125001 0.8794935687500001 0.8640225078125001 0.8794935687500001 0.07953376250000001 0.136167203125 0.07953376250000001 0.136167203125 0.8640225078125001