3 0.43110870625000003 0.8926436734375001 0.4671613375 0.8919662828125 0.4781058296875 0.6774628171875 0.442053196875 0.6781402078125 0.43110870625000003 0.8926436734375001
3 0.30268945468749997 0.9320642375 0.3385981 0.9389622796875001 0.38277780156249996 0.7682295390625 0.3468708328125 0.7613310125 0.30268945468749997 0.9320642375
3 0.22544116406249998 0.8289069843749999 0.249014153125 0.85362401875 0.3820222625 0.7261810234375 0.3584492734375 0.7014639890625001 0.22544116406249998 0.8289069843749999
3 0.140623696875 0.7553577203125 0.1457323890625 0.7656378421875 0.292037428125 0.6856172703125 0.28692742187500003 0.6753392765624999 0.140623696875 0.7553577203125
3 0.21342160312499997 0.6377360515625 0.2181941953125 0.6471404328125 0.27827854687500003 0.6136914859375 0.27350595625 0.6042871015625 0.21342160312499997 0.6377360515625
3 0.16742624374999998 0.61355689375 0.269765384375 0.58595679375 0.2519002625 0.49845855781250004 0.1495611203125 0.5260586578125 0.16742624374999998 0.61355689375
3 0.0978204328125 0.441141640625 0.2823621265625 0.472795940625 0.2933919390625 0.4265971390625 0.10885024375 0.394942840625 0.0978204328125 0.441141640625
3 0.094473246875 0.4805751984375 0.1686647515625 0.4855726625 0.16958918750000002 0.4788082328125 0.0953976859375 0.47381077187500004 0.094473246875 0.4805751984375
3 0.488803684375 0.2073292734375 0.5165517093750001 0.3291678421875 0.5572915140625 0.3172534234375 0.529543490625 0.195414853125 0.488803684375 0.2073292734375
3 0.5191679390624999 0.35592149375000004 0.5416504140625 0.361383028125 0.5875404484375 0.21232761562500002 0.56505834375 0.2068677265625 0.5191679390624999 0.35592149375000004
3 0.5855947078125 0.300146959375 0.5967043015625 0.3060571015625 0.6242242390625 0.25870170937500003 0.6131125984375 0.25279040468749997 0.5855947078125 0.300146959375
3 0.2067248671875 0.39095035624999996 0.3534197421875 0.3862191421875 0.3610594171875 0.18298786250000001 0.2143649078125 0.187720721875 0.2067248671875 0.39095035624999996
3 0.10385105312500001 0.3624041171875 0.23362046250000001 0.39696645625000004 0.255640746875 0.3303237296875 0.12587338125 0.29576255625000003 0.10385105312500001 0.3624041171875
3 0.6813828203125001 0.791450428125 0.742410825 0.831113128125 0.7593821484375 0.8064977171875001 0.6983541453125001 0.7668350187499999 0.6813828203125001 0.791450428125
3 0.6676559390625 0.8738629140624999 0.6828750078125 0.8700215203124999 0.6691605390625 0.7964359921875 0.6539414703124999 0.800277384375 0.6676559390625 0.8738629140624999
3 0.6662591812499999 0.35284939375 0.6730707015624999 0.363112790625 0.8231592609374999 0.2580703015625 0.8163497843749999 0.24780806875 0.6662591812499999 0.35284939375
3 0.57976958125 0.385167965625 0.5881938484375 0.3955631953125 0.7467771640625 0.263665353125 0.7383525296875 0.2532684765625 0.57976958125 0.385167965625
3 0.662605340625 0.5882293078124999 0.8178215546875001 0.5909394 0.819345015625 0.5734655625 0.6641287984375001 0.5707554703125 0.662605340625 0.5882293078124999
3 0.6290162890625 0.5224278734375 0.7853208390625 0.6102781937499999 0.8413116140625 0.5183215203125 0.6850070640625 0.43047120000000005 0.6290162890625 0.5224278734375
3 0.658880871875 0.4672950796875 0.822413309375 0.47518744999999996 0.827726271875 0.430074096875 0.66419215625 0.42218220625 0.658880871875 0.4672950796875
3 0.61531604375 0.7437126578125001 0.6578300828125 0.80456760625 0.6953999328125 0.7770847515625 0.6528858953125 0.716229803125 0.61531604375 0.7437126578125001
3 0.5813245703125001 0.594872453125 0.6705538625 0.691776696875 0.726578515625 0.6397107828124999 0.6373488593750001 0.54280489375 0.5813245703125001 0.594872453125
3 0.224136546875 0.75298893125 0.6611035249999999 0.7311225265625 0.6700886109375 0.27648308906249996 0.2331199484375 0.29834997812499997 0.224136546875 0.75298893125
0 0.26870571875000004 1 0.9415630453125001 0.8064628265625 0.76258251875 0.0030046671875 0 0.222349928125 0 0.2847159125 0.15933863125 1 0.26870571875000004 1