3 0.13261904687499998 0.5636873015625 0.1414 0.595879365625 0.332876190625 0.5436587296875001 0.3240952375 0.5114666671875 0.13261904687499998 0.5636873015625
3 0.12354444375 0.6873142859375 0.13915079375 0.717877778125 0.2823126984375 0.644773015625 0.26670634843749996 0.6142111109374999 0.12354444375 0.6873142859375
3 0.2242 0.7500682546874999 0.2527349203125 0.7661333328125 0.3335317453125 0.6226190468749999 0.304996825 0.60655396875 0.2242 0.7500682546874999
3 0.330823809375 0.8244777781250001 0.3414682546875 0.8269841265625001 0.3758365078125 0.6810412703125001 0.3651936515625 0.6785333328125 0.330823809375 0.8244777781250001
3 0.4192936515625 0.736573015625 0.42905714218749996 0.73895396875 0.443703175 0.6789015875 0.43393968281250006 0.676520634375 0.4192936515625 0.736573015625
3 0.46128412656249995 0.678596825 0.46294761875 0.7750634921875 0.546871428125 0.7736174609375001 0.5452079359375 0.67715079375 0.46128412656249995 0.678596825
3 0.560519046875 0.6449809531249999 0.6372841265625 0.8028047624999999 0.6762634921874999 0.78384603125 0.5994984125 0.626022221875 0.560519046875 0.6449809531249999
3 0.578571428125 0.7486111109375 0.6024317453125 0.8135920640625001 0.6083190468749999 0.811430159375 0.5844587296875 0.74644920625 0.578571428125 0.7486111109375
3 0.6296126984375 0.4082904765625 0.747222221875 0.408830159375 0.7474000000000001 0.37024444375 0.6297904765625 0.3697047625 0.6296126984375 0.4082904765625
3 0.5938873015625 0.39235396875 0.6046936515625 0.4112634921875 0.7277698406249999 0.3409333328125 0.7169650796875 0.32202380937499997 0.5938873015625 0.39235396875
3 0.6296634921875001 0.33244127031250004 0.6379126984375 0.34114920625 0.67364444375 0.3073 0.6653936515625001 0.2985904765625 0.6296634921875001 0.33244127031250004
3 0.6204365078125 0.56464761875 0.6543761906250001 0.696025396875 0.8365 0.648976190625 0.8025619046875001 0.5175984125 0.6204365078125 0.56464761875
3 0.6419174609375 0.6733015875 0.70704444375 0.78184603125 0.7616793656249999 0.7490634921875 0.69655396875 0.640520634375 0.6419174609375 0.6733015875
3 0.11602380937500001 0.30688253906249996 0.16785872968749999 0.3532920640625 0.1857365078125 0.33332539687499996 0.1339015875 0.2869158734375 0.11602380937500001 0.30688253906249996
3 0.09628888906250001 0.367528571875 0.096774603125 0.381822221875 0.1670126984375 0.37944127031249997 0.166526984375 0.36514761875 0.09628888906250001 0.367528571875
3 0.558074603125 0.27583809531250003 0.56914761875 0.2798619046875 0.6251984125 0.12559523749999998 0.614126984375 0.121573015625 0.558074603125 0.27583809531250003
3 0.5507936515625 0.3577380953125 0.5624063484375 0.363169840625 0.640576190625 0.1960317453125 0.6289619046875 0.1906 0.5507936515625 0.3577380953125
3 0.3139571421875 0.19225396875 0.3568587296875 0.3297349203125 0.3722920640625 0.324919046875 0.3293904765625 0.1874380953125 0.3139571421875 0.19225396875
3 0.3049063484375 0.22498412656250003 0.425223809375 0.3465682546875 0.4939412703125 0.2785666671875 0.373623809375 0.15698253906249998 0.3049063484375 0.22498412656250003
3 0.417625396875 0.1652428578125 0.46738888906250003 0.3090920640625 0.506874603125 0.2954333328125 0.4571111109375 0.15158253906250002 0.417625396875 0.1652428578125
3 0.1621126984375 0.37683333281250003 0.228322221875 0.4025825390625 0.24343015937499998 0.3637317453125 0.177220634375 0.33798253906250003 0.1621126984375 0.37683333281250003
3 0.260979365625 0.343177778125 0.372020634375 0.403325396875 0.4045920640625 0.34319523749999997 0.29354920624999997 0.28304761875 0.260979365625 0.343177778125
3 0.22779682499999998 0.35937460312499997 0.32185238125 0.75225555625 0.7313888890625 0.6542126984375 0.6373333328124999 0.26133015937500004 0.22779682499999998 0.35937460312499997
0 0.0864603171875 0.12491428593750001 0.0864603171875 0.8588015875 0.8609873015625 0.8588015875 0.8609873015625 0.12491428593750001 0.0864603171875 0.12491428593750001