3 0.59906875 0.150128125 0.5673796875 0.141484375 0.515975 0.32996875000000003 0.5476640625 0.3386125 0.59906875 0.150128125
3 0.7191609375 0.1479140625 0.689075 0.1325515625 0.6171140625 0.2734765625 0.6471984375 0.2888390625 0.7191609375 0.1479140625
3 0.7666625 0.25972343750000004 0.7508484375 0.231634375 0.6095765625 0.31116875 0.625390625 0.3392578125 0.7666625 0.25972343750000004
3 0.8265625 0.3470703125 0.8240953125000001 0.33659218750000003 0.68043125 0.370425 0.6829 0.38090156249999996 0.8265625 0.3470703125
3 0.7399078125 0.433290625 0.7375640625 0.42367968749999996 0.67845 0.438096875 0.6807937500000001 0.4477078125 0.7399078125 0.433290625
3 0.7754531250000001 0.46665156249999995 0.68049375 0.4650140625 0.6790703125 0.5476265625 0.7740296875 0.5492640625 0.7754531250000001 0.46665156249999995
3 0.8027609375000001 0.6382640625 0.6474031250000001 0.5626984375 0.628740625 0.60106875 0.7840984375 0.676634375 0.8027609375000001 0.6382640625
3 0.8133796875 0.60395625 0.7494140625 0.58046875 0.7472859374999999 0.5862640625 0.8112515625000001 0.6097515625 0.8133796875 0.60395625
3 0.4149421875 0.746484375 0.4144109375 0.6307125 0.376428125 0.6308874999999999 0.376959375 0.746659375 0.4149421875 0.746484375
3 0.41733750000000003 0.6061828125 0.3987234375 0.5955453125 0.3294921875 0.7167 0.34810625 0.7273359375 0.41733750000000003 0.6061828125
3 0.34831875 0.6388828125 0.339746875 0.6307625 0.306425 0.665934375 0.3149984375 0.67405625 0.34831875 0.6388828125
3 0.69765 0.6550890625 0.568325 0.6216796875 0.5220109374999999 0.800959375 0.6513359375000001 0.8343671875 0.69765 0.6550890625
3 0.7821296875 0.706934375 0.67528125 0.642825 0.6430125 0.6966078125 0.749859375 0.760715625 0.7821296875 0.706934375
3 0.360271875 0.1761734375 0.3145875 0.1251484375 0.29493281250000003 0.142746875 0.34061718750000003 0.19377187499999998 0.360271875 0.1761734375
3 0.38835625 0.1062 0.3742859375 0.105721875 0.3719421875 0.1748625 0.3860125 0.175340625 0.38835625 0.1062
3 0.2879890625 0.5711921875 0.28402812499999996 0.5602921875 0.1321734375 0.61546875 0.1361328125 0.6263671875 0.2879890625 0.5711921875
3 0.3699953125 0.56455625 0.3646484375 0.553125 0.200121875 0.630071875 0.20546875 0.6415046875 0.3699953125 0.56455625
3 0.3370828125 0.3622203125 0.20175 0.31998906250000003 0.197009375 0.33518125 0.3323421875 0.37741250000000004 0.3370828125 0.3622203125
3 0.353653125 0.4295171875 0.23396875 0.31107968750000003 0.1670296875 0.37872343750000004 0.28671406250000003 0.4971609375 0.353653125 0.4295171875
3 0.3167625 0.4710234375 0.1751609375 0.42203749999999995 0.1617140625 0.46090625 0.3033171875 0.5098921875 0.3167625 0.4710234375
3 0.4087921875 0.23569218749999998 0.3834453125 0.1705171875 0.3452015625 0.1853890625 0.3705484375 0.25056406249999996 0.4087921875 0.23569218749999998
3 0.40952343750000003 0.3771453125 0.350315625 0.2678390625 0.29112499999999997 0.2999 0.3503328125 0.40920781249999993 0.40952343750000003 0.3771453125
3 0.7530015624999999 0.3277609375 0.366259375 0.235175 0.269746875 0.6383125 0.656490625 0.7308984374999999 0.7530015624999999 0.3277609375
0 0.8578828125 0.096046875 0.13546249999999999 0.096046875 0.13546249999999999 0.858471875 0.8578828125 0.858471875 0.8578828125 0.096046875