0 0.7529460453125 0.8736515515625 0.8127598921875 0.5582570796875 0.5271120625 0.507159034375 0.5801614796875 0.8454595296875 0.7529460453125 0.8736515515625
2 0.6093873656250001 0.722121321875 0.5774962671874999 0.659747228125 0.5578549359375 0.6445951562500001 0.574554203125 0.8421429328125001 0.6630301171874999 0.8595555390625 0.7352188734375 0.8542695359374999 0.7386278671875 0.8348875187499999 0.6962511359375 0.817267503125 0.6093873656250001 0.722121321875
2 0.6035642250000001 0.520781246875 0.5617066671875001 0.520781246875 0.562116225 0.5911851968749999 0.60397378125 0.5911851968749999 0.6035642250000001 0.520781246875
0 0.5398482921875 1 0.536391925 0.8912715671875 0.27575239375 0.9000796734375 0.307881175 1 0.5398482921875 1
2 0.539383240625 1 0.5345993531250001 0.8859855640625 0.2668939453125 0.89127156875 0.3052365875 1 0.539383240625 1
0 0.7585903765625 1 0.84963059375 0.9150681031250001 0.7597236703125 0.8524789937499999 0.7551538578125 0.87771024375 0.7050776140624999 0.8702930953125 0.6029880859375 0.9859287265625 0.6291214828125 1 0.7585903765625 1
2 0.6546170375 1 0.6952170515625 0.9423677093749999 0.7213209468749999 0.8877475671875 0.7071789203125001 0.8789375578125 0.6023184046875001 0.9816835609375 0.6326227078125 1 0.6546170375 1
0 0.0931974515625 0 0 0.0675482390625 0 0.272175853125 0.034636768750000005 0.3292006828125 0.084358028125 0.3979168421875 0.5768917765625 0.28338864375 0.5554124234375 0 0.0931974515625 0
2 0.5375858046875 0.1882424609375 0.5163676390624999 0.17414645 0.3278432234375 0.165336440625 0.15722021875 0.205860575 0.03445226875 0.29748465625 0.041755796875 0.3415327921875 0.1199985875 0.3807116390625 0.2970195140625 0.316866671875 0.3954127515625 0.2745786328125 0.5080216671875 0.25343461562499997 0.5375858046875 0.1882424609375
0 0 0.694636425 0.1143395515625 0.7707875765625001 0.1393812109375 0.7425613015625 0 0.639250671875 0 0.694636425
2 0 0.6968282125 0.1131440671875 0.774275425 0.1164729734375 0.7407993 0 0.6645048109375 0 0.6968282125
2 0.7481742 0.99203484375 0.7650171484375 0.9905696796875001 0.7707898265625001 0.9755489031250001 0.7857981984375 0.9733511578125 0.79521614375 0.9550347140625 0.7841714546875 0.945876490625 0.7721033187499999 0.9491740609375 0.7571823156249999 0.9663906796875 0.7443882875 0.9711534140625 0.7481742 0.99203484375