0 0.51819921875 0.4564203078125 0.8377052421875 0.4063180796875 0.864331040625 0.24313265624999997 0.566458484375 0.1866418 0.51819921875 0.4564203078125
2 0.8277205656250001 0.25665538125 0.8110794390624999 0.2966778484375 0.72121915625 0.3787158546875 0.662310290625 0.40883522499999997 0.648 0.4273853703125 0.8345729000000001 0.4116138421875 0.851018140625 0.3280532546875 0.8460258046875 0.25987498593749997 0.8277205656250001 0.25665538125
2 0.5975572609375 0.4233608203125 0.5975572609375 0.38382868281250004 0.5310646421875 0.3842154875 0.5310646421875 0.42374762343750005 0.5975572609375 0.4233608203125
0 1 0.4438722171875 0.8809721671874999 0.4476559921875 0.8892909328125 0.6938155484374999 1 0.6582177140625001 1 0.4438722171875
2 1 0.4441452625 0.8759798296874999 0.4493489765625 0.88097216875 0.7021818625 1 0.6602071765625 1 0.4441452625
0 1 0.255316934375 0.9034466734375 0.151819471875 0.8443347359375 0.23673156718750002 0.8681642500000001 0.2410475 0.8611591656250001 0.2883417296875 0.9703705953125 0.38475961718749996 1 0.32973140624999997 1 0.255316934375
2 0.9924659124999999 0.34220231874999996 0.929229634375 0.29765448437500003 0.8776439437500001 0.27300080625 0.8693233796875001 0.2863571640625 0.9663612718750001 0.38539209531249996 0.9924659124999999 0.34220231874999996
0 0.22094668125 1 0.35012744218749997 0.9215358625000001 0.4150260375 0.8745768953124999 0.306860515625 0.4094061328125 0 0.432664528125 0 0.8121220031249999 0.136171403125 1 0.22094668125 1
2 0.2985399515625 0.580802990625 0.2785706015625 0.4744501234375 0.21700023124999998 0.44652843906250006 0.2036873328125 0.46656781875000003 0.1953667703125 0.6446186546875 0.2336395625 0.8057626046875 0.32017341718750003 0.9217101124999999 0.361774434375 0.9148123343749999 0.398776678125 0.8409163656249999 0.33847865312500003 0.6737299359375 0.2985399515625 0.580802990625
0 0.6647902078125 1 0.7671817296875 0.8462610109375 0.74052358125 0.8226105562500001 0.6090409015625 1 0.6647902078125 1
2 0.6660141875 1 0.7704758109375 0.8473900796875 0.7388594687500001 0.8442461124999999 0.6368343999999999 1 0.6660141875 1
2 0.9519179953125001 0.23913173593749998 0.9564161328124999 0.251214984375 0.9761374843749999 0.2476393984375 0.9747537171875 0.2317321703125 0.960567428125 0.2262801953125 0.9584917796875001 0.212105621875 0.9411929171875 0.203210896875 0.9325434843749999 0.2136419921875 0.9356578546875 0.2250396765625 0.9519179953125001 0.23913173593749998