0 0.8374540578125 0.259058103125 0.552613425 0.205038721875 0.506465503125 0.46301441875 0.8119931375 0.41510416406250006 0.8374540578125 0.259058103125
2 0.70060331875 0.3887095359375 0.644271715625 0.417511184375 0.6305875000000001 0.4352497609375 0.8089978359375 0.42016823593749997 0.824723596875 0.340263425 0.8199496749999999 0.2750679546875 0.8024452906249999 0.2719892078125 0.7865322140625 0.3102606921875 0.70060331875 0.3887095359375
2 0.5187680640625 0.393968559375 0.5187680640625 0.431771165625 0.58235163125 0.43140128437499997 0.58235163125 0.393598678125 0.5187680640625 0.393968559375
0 0.9758961062499999 0.45073847031250003 0.8533671343749999 0.45463354218749996 0.8613219546875 0.69002361875 0.9822785218750001 0.6511307609375 0.9758961062499999 0.45073847031250003
2 0.980670028125 0.4507107 0.8485932125 0.45625245937500003 0.8533671359375001 0.69802390625 0.9822785218750001 0.652563825 0.980670028125 0.4507107
0 0.99134863125 0.2969957125 0.99134863125 0.2966081234375 0.8748583812499999 0.1717398703125 0.818332590625 0.2529370609375 0.8411195640625 0.257064171875 0.8344209515625 0.30228927968749997 0.93885438125 0.39448888437499996 0.99134863125 0.2969957125
2 0.8995133375 0.3111946 0.850184521875 0.2876195203125 0.84222798125 0.3003915375 0.935020465625 0.395093690625 0.959983028125 0.3537934671875 0.8995133375 0.3111946
0 0.1939208328125 1 0.34574686718750003 0.90778116875 0.40780614843749996 0.8628766562499999 0.30437286874999997 0.4180571140625 0 0.441126959375 0 0.7880635109374999 0.1536086703125 1 0.1939208328125 1
2 0.3171033296875 0.9079477953125 0.356884303125 0.9013517953125 0.3922676984375 0.8306887749999999 0.3346077125 0.6708167515625 0.29641632812499996 0.581955359375 0.2773206375 0.48025543125 0.21844397187500003 0.45355532031249995 0.20571351249999997 0.47271797656250003 0.1977569734375 0.6429790890625 0.23435533125000002 0.797072990625 0.3171033296875 0.9079477953125
0 0.635196109375 1 0.7445550296875 0.8357995921875 0.7190631749999999 0.8131838437500001 0.5805933296875 1 0.635196109375 1
2 0.6360487078125 1 0.74770499375 0.8368792640624999 0.7174718671875 0.8338728453125 0.608651890625 1 0.6360487078125 1
2 0.929480103125 0.24294293749999998 0.9274952640624999 0.22938850156249999 0.9109532265625001 0.2208829203125 0.9026822062500001 0.2308576546875 0.9056603234375 0.241756690625 0.9212090828124999 0.255232221875 0.9255104265625 0.266786828125 0.9443689687499999 0.26336767499999997 0.9430457421874999 0.2481563875 0.929480103125 0.24294293749999998