0 0.71555979375 0.201442065625 0.43484184218750005 0.20604050625 0.438592521875 0.45904229687500003 0.7201604875000001 0.35399984375 0.71555979375 0.201442065625
2 0.6094102234375 0.3508142109375 0.56118176875 0.389066265625 0.5514486749999999 0.408517771875 0.718248075 0.35937476562500004 0.7184475046875 0.28073059843750003 0.7018764671875 0.2200054890625 0.684669903125 0.22051592812499998 0.6766080421875 0.2598221203125 0.6094102234375 0.3508142109375
2 0.4375423890625 0.3913371984375 0.44451972656249994 0.4270889015625 0.5048890687500001 0.4143083296875 0.49791173281249995 0.3785566265625 0.4375423890625 0.3913371984375
0 0.8825310796875 0.35565741093750003 0.76678345625 0.3832959078125 0.8177913203125 0.604360184375 0.92558469375 0.543930046875 0.8825310796875 0.35565741093750003
2 0.8870636749999999 0.35469783125 0.7625445453124999 0.385760309375 0.811706721875 0.6134816234375 0.9258491984375 0.5452853625 0.8870636749999999 0.35469783125
0 0.6962546281249999 0.19939140625000001 0.7186759140625 0.19883969375 0.7206560609375 0.2429208046875 0.8369399375000001 0.3097012890625 0.868922721875 0.20697635625 0.7349968640625 0.1115484609375 0.6962546281249999 0.19939140625000001
2 0.784171521875 0.238617246875 0.732932046875 0.225965103125 0.7277265468749999 0.239599725 0.83340734375 0.3110228234375 0.849511921875 0.2670830125 0.784171521875 0.238617246875
0 0.2711125703125 1 0.3679177265625 0.9111000593749999 0.41861831406250005 0.8564989921875 0.23820101875000002 0.45603371406250004 0 0.5239905484375 0 0.65662781875 0.0459212453125 0.8919271609375 0.1633288125 1 0.2711125703125 1
2 0.340722153125 0.916857534375 0.3773174203125 0.9028420984375 0.3979076578125 0.8290952109375 0.31359250156249996 0.6891693984375 0.260889325 0.6125955171874999 0.22396738906250002 0.5201463734375 0.1630756765625 0.5064053703125 0.15451199375 0.5270172328125 0.1783747109375 0.6895967 0.241603834375 0.8281754734375 0.340722153125 0.916857534375
0 0.6423403984375 0.98425504375 0.733708021875 0.765055628125 0.7053031843750001 0.7486505765625 0.58743906875 0.9958780015625001 0.6423403984375 0.98425504375
2 0.6424564015625001 0.984230484375 0.7369014109375 0.7654608984375 0.7076092390625 0.76852824375 0.6174548125 0.989523478125 0.6424564015625001 0.984230484375
2 0.800058196875 0.16820985625 0.795669784375 0.1557788296875 0.7783763031250001 0.150968715625 0.7723555796875 0.162019296875 0.7771980140625 0.1717448 0.794464678125 0.18144941718750002 0.8006858687499999 0.1915362265625 0.8179802531249999 0.18461567968749998 0.81391490625 0.1704883421875 0.800058196875 0.16820985625