0 0.8475882671875 0.7711157078124999 0.8426001281250001 0.4666081 0.5681575078125001 0.470676634375 0.6821018640625 0.7761062921875 0.8475882671875 0.7711157078124999
2 0.685557465625 0.6559704125 0.6440637125 0.6036547999999999 0.6229637734375 0.5930968671875 0.676271440625 0.7740318109375 0.7615803671875 0.7742481406249999 0.8274516734375 0.7562727781249999 0.8268979765625 0.73760803125 0.7842607515625 0.7288629609374999 0.685557465625 0.6559704125
2 0.6416003265625 0.46953750625 0.60281881875 0.47710614375000004 0.6166824890625 0.5425915328124999 0.6554639984375 0.5350228968749999 0.6416003265625 0.46953750625
0 0.680303825 0.952237103125 0.6503230828125 0.826680359375 0.4105245453125 0.8820109234375 0.47607588125 0.9989393281250001 0.680303825 0.952237103125
2 0.681344725 0.9571538171875 0.647649834375 0.82208221875 0.40063010312499997 0.87541068125 0.4746057078125 0.9992262484375001 0.681344725 0.9571538171875
0 0.84158496875 0.9374754953125001 0.945099975 0.7921999875 0.8498127125 0.7501745125 0.8504111796875 0.7744959062500001 0.8025943812499999 0.7766438625000001 0.730154534375 0.9027823046875 0.84158496875 0.9374754953125001
2 0.82098700625 0.7899601859375001 0.8061969078125 0.7843135421875 0.7287210046875 0.8989503390625 0.776384528125 0.9164197125 0.807262646875 0.8455419890625 0.82098700625 0.7899601859375001
0 0.3277733375 0 0.0985874859375 0.04472813125 0 0.151831053125 0 0.3093054140625 0.07778976562499999 0.3940124484375 0.1370180421875 0.449009696875 0.57142105625 0.2533028 0.49915580468750004 0 0.3277733375 0
2 0.516780615625 0.171810903125 0.494421984375 0.162521484375 0.318064596875 0.18840646562500002 0.167741859375 0.25699398906250004 0.07154436875 0.364512165625 0.08674755468749999 0.40420872656249995 0.166744178125 0.4265439 0.3185281109375 0.3350833921875 0.401591303125 0.27791384375 0.5018751203125 0.23786293125000002 0.516780615625 0.171810903125
0 0 0.6923435234374999 0.23621084374999998 0.790801921875 0.2540061546875 0.7599898953124999 0 0.6388940625 0 0.6923435234374999
2 0 0.6924811484375 0.235771228125 0.7942659375 0.2324439390625 0.762491378125 0 0.6676664828125001 0 0.6924811484375
2 0.8658406187500001 0.8822158671875 0.8811651875000001 0.877806 0.8836367656249999 0.8627749937500001 0.89712126875 0.85801468125 0.9023390203125 0.8392556515624999 0.8903519484375 0.832724696875 0.8798022515625 0.83797750625 0.8692752078125 0.856707446875 0.858333584375 0.8634558578125 0.8658406187500001 0.8822158671875