0 0.4140657265625 0.803617078125 0.7185733359375 0.8086052171875 0.72356391875 0.6431188140625 0.4181342609375 0.5291744578124999 0.4140657265625 0.803617078125
2 0.7037304046874999 0.788468621875 0.7217057671875 0.7225973171875 0.7214894375 0.6372883890625001 0.5405544953125 0.5839807218749999 0.5511124265625 0.6050806609375 0.6034280390625 0.6465744156250001 0.6763205875 0.7452777 0.6850656578125001 0.787914925 0.7037304046874999 0.788468621875
2 0.42456377187500005 0.5638357671875001 0.416995134375 0.6026172765625 0.4824805234375 0.616480946875 0.490049159375 0.5776994390625 0.42456377187500005 0.5638357671875001
0 0.7741379859374999 0.6113400328124999 0.89969473125 0.641320775 0.9463969562500001 0.43709283125000004 0.8294685515625 0.37154149531249997 0.7741379859374999 0.6113400328124999
2 0.7695398453125 0.6086667828125 0.90461144375 0.642361675 0.9466838765625001 0.4356226578125 0.8228683078125 0.361647053125 0.7695398453125 0.6086667828125
0 0.721953534375 0.811428128125 0.6976321390625 0.8108296609375 0.739657615625 0.9061169234375 0.8849331218750001 0.80260191875 0.8502399328125 0.6911714828125 0.7241014890625 0.76361133125 0.721953534375 0.811428128125
2 0.8638773390625 0.737401478125 0.846407965625 0.6897379546875 0.73177116875 0.7672138578125 0.7374178140625001 0.78200395625 0.7929996171875 0.768279596875 0.8638773390625 0.737401478125
0 0.0569384921875 0 0 0.0524114796875 0 0.47516266875 0.20076042656249998 0.5324380046875 0.3964673234375 0.0980349921875 0.3414700765625 0.038806715625 0.299212565625 0 0.0569384921875 0
2 0.2044516171875 0.1287588078125 0.13586409375 0.2790815453125 0.1099791125 0.45543893437499994 0.11926853125 0.47779756406249996 0.1853205578125 0.46289206875 0.225371471875 0.362608253125 0.28254101875000004 0.279545059375 0.37400152656249996 0.1277611265625 0.35166635468749996 0.047764503125 0.31196979375 0.03256131875 0.2044516171875 0.1287588078125
0 0.6049366140625 0 0.707447521875 0.215023103125 0.7382595484375 0.19722779375 0.65605023125 0 0.6049366140625 0
2 0.6310271421875 0 0.7099490046875 0.19346088749999998 0.7417235640625 0.196788178125 0.656768146875 0 0.6310271421875 0
2 0.8296734953125 0.8268575671875 0.8109134843750001 0.8193505343749999 0.804165075 0.8302921578125 0.785435134375 0.8408192 0.7801823234375 0.8513688984375 0.7867132781249999 0.86335596875 0.8054723078125001 0.85813821875 0.8102326203124999 0.844653715625 0.8252636265625 0.8421821375 0.8296734953125 0.8268575671875