0 0 0.5086541421875 0.05906163125 0.9986253250000001 0.4408506140625 0.9897390875 0.966479228125 0.5946819750000001 0.9808504984375 0.54821784375 0.7507310203124999 0.159649378125 0 0.49790544531250003 0 0.5086541421875
2 0.0684220546875 0.5512553125 0.013091914062500001 0.556474865625 0.0649655421875 0.9984879109374999 0.39495725625 0.9908072671875001 0.255342734375 0.4724337515625 0.247055921875 0.4750751015625 0.1586786 0.526623053125 0.0684220546875 0.5512553125
2 0.42768087968749996 0.9900456171875 0.651604221875 0.858203378125 0.447160828125 0.328494959375 0.39492038906250004 0.370473403125 0.363828746875 0.40936128125 0.3551211734375 0.44354876875000004 0.30134905624999997 0.461421140625 0.2609816359375 0.471610134375 0.398966071875 0.9907139609375 0.42768087968749996 0.9900456171875
2 0.5058562328125 0.31562898281249996 0.44664155 0.32427786875 0.647028859375 0.8560096953125 0.8409492406249999 0.7174893328125 0.6171864921875 0.240691678125 0.5683111281250001 0.27502214999999997 0.5058562328125 0.31562898281249996
2 0.74392765625 0.20930107812499998 0.7137760515625 0.22085990937500002 0.6735817234375 0.23245459999999998 0.622653853125 0.2384621359375 0.8281616406250001 0.68357946875 0.96895249375 0.5914587703125 0.9723410031249999 0.5723595484375 0.9768193984375 0.5387897734375 0.9587638765625 0.4970618953125 0.7807317328125001 0.21680428906250002 0.74392765625 0.20930107812499998
0 0.12313027031249998 0.1220169109375 0.12064631249999999 0.13626918593749998 0.1577772625 0.290266959375 0.2489956171875 0.2539960109375 0.20197121718750002 0.0688345875 0.11396727343749999 0.096785334375 0.12313027031249998 0.1220169109375
2 0.1594891734375 0.2894124109375 0.2524196296875 0.25228846250000003 0.210686290625 0.0953390265625 0.1641162625 0.1105946734375 0.124696128125 0.119976259375 0.1205843171875 0.130842409375 0.1481141109375 0.256050290625 0.1594891734375 0.2894124109375
0 0.2061347390625 0.0683760171875 0.254146190625 0.253335025 0.3385740515625 0.2187155 0.284969671875 0.041043496875 0.2061347390625 0.0683760171875
2 0.21158368906249997 0.092793078125 0.252054403125 0.24932242656249998 0.26461964843749997 0.24809165625000001 0.3212407953125 0.2259321140625 0.3382828890625 0.21679967968749997 0.29222987968749997 0.0641050609375 0.276834790625 0.0669581703125 0.2563051390625 0.07237160312499999 0.21158368906249997 0.092793078125
0 0.286646478125 0.042955284375 0.3434451078125 0.2172846109375 0.42177122968749997 0.17996075312499998 0.360784209375 0.0184655375 0.286646478125 0.042955284375
2 0.3103676546875 0.0638707359375 0.2945357671875 0.06316375937499999 0.344012978125 0.21415237656250002 0.42332361250000006 0.1844519921875 0.36952518125 0.037718418749999996 0.3622294234375 0.0424079234375 0.34235710468749997 0.053159601562500006 0.328883525 0.06177081875 0.3103676546875 0.0638707359375
0 0.4190767 0 0.3637916625 0.0194651171875 0.4260074359375 0.1850926921875 0.49688997031250004 0.1517321703125 0.435653959375 0 0.4190767 0
2 0.4221999109375 0.0179472328125 0.370484384375 0.0405976984375 0.423407859375 0.1802128703125 0.4899102703125 0.15962945312500001 0.49826060468750005 0.14874715624999998 0.444816275 0.009812565625 0.4221999109375 0.0179472328125
0 0.437563784375 0 0.5028149156249999 0.15552650625 0.5749348125 0.124483565625 0.5191238703125001 0 0.437563784375 0
2 0.48392579218750004 0 0.48133499375 0.0014592671874999999 0.4625809890625 0.0114462484375 0.44570409843750003 0.012099340625 0.50020145625 0.1448413609375 0.5736979421874999 0.1220289546875 0.517835709375 0 0.48392579218750004 0
0 0.519759240625 0 0.5756330625 0.125012846875 0.64214626875 0.0998373875 0.5948248375 0 0.519759240625 0
2 0.5208775203125 0 0.5756401531249999 0.1181213890625 0.6404322046875001 0.0983922921875 0.5948391421875 0 0.5208775203125 0
0 0.59474325 0 0.640826125 0.0993989390625 0.8194582359375 0.028820109375000003 0.8051166328124999 0 0.59474325 0
2 0.5958821109375 0 0.6422172374999999 0.098131571875 0.820782203125 0.028571632812499997 0.80640795625 0 0.5958821109375 0