0 0.5490296515625 0 0 0.3361157359375 0 0.57313793125 0.1385881265625 0.8860288671875001 0.9862456343750001 0.59230275625 0.9914287171874999 0.49340367812499997 0.9914287156249999 0 0.5490296515625 0
2 0.6660013296875 0 0.7477597171875 0.576384709375 0.75758588125 0.5741817296875 0.8656646531250001 0.5238273359375001 0.9721060328125001 0.5045856171875001 0.9908495171875 0.5044554531250001 0.9914287156249999 0.4934036921875 0.9914287156249999 0 0.6660013296875 0
2 0.548211184375 0 0.34983349218750004 0.0933931640625 0.508676865625 0.72250695 0.5741798046875 0.6795202078125 0.6151182421875 0.6379616234375 0.6298565875000001 0.5995567875 0.6937203328125 0.5844197984374999 0.7412101468750001 0.576765015625 0.66134315 0 0.548211184375 0
2 0.354745671875 0.09637275468749999 0.11402542499999999 0.2360586359375 0.3023454796875 0.8063210656249999 0.3629344421875 0.7717835046875 0.43989913437499994 0.7313978390625 0.508676865625 0.7274041828125 0.354745671875 0.09637275468749999
2 0 0.584097703125 0.11238803125 0.817351159375 0.15332646875 0.82966571875 0.1893527265625 0.8194117609375 0.23684253906250002 0.81012456875 0.29579410625 0.808333890625 0.12385158593750001 0.2763019265625 0 0.3417366515625 0 0.584097703125
0 0.8511679421875 1 0.8493789843749999 0.9922565953125 0.8542155093750001 0.9761311359375 0.8334860015625001 0.7954727828125 0.7243120296875001 0.827989925 0.7461750546875 1 0.8511679421875 1
2 0.8096025250000001 1 0.8473056718749999 0.9944439875000001 0.853523803125 0.9823723078125 0.8397041312500001 0.8357549750000001 0.8314126890625 0.796282771875 0.7201654078125 0.8296081046875001 0.743775015625 1 0.8096025250000001 1
0 0.741100703125 1 0.7183424781250001 0.8282323953124999 0.6171483234374999 0.8595337265625 0.641417928125 1 0.741100703125 1
2 0.7421201765625 1 0.72016540625 0.833052509375 0.70565583125 0.8332054265625001 0.637939075 0.852982096875 0.6172113687499999 0.8617640796874999 0.6410821671875 1 0.7421201765625 1
0 0.6386532640625 1 0.6113895234375 0.8606888140625 0.5167773703125 0.8957096312499999 0.5422942453124999 1 0.6386532640625 1
2 0.6371138281250001 1 0.610301534375 0.8642305140625 0.5156371375 0.8903937328125 0.5413195046875 1 0.6371138281250001 1
0 0.539520040625 1 0.5126649703124999 0.889388253125 0.427102609375 0.9206026015625 0.448462021875 1 0.539520040625 1
2 0.540713959375 1 0.5149454328124999 0.8952557078125001 0.43617582343750005 0.9122297671874999 0.42511936562499997 0.9238945875000001 0.444243371875 1 0.540713959375 1
0 0.4448275875 1 0.4208754703125 0.9156485249999999 0.33422691875 0.9440759609375 0.3516071078125 1 0.4448275875 1
2 0.44214374375 1 0.42235615156249995 0.9281872421875 0.33529329531249996 0.9470202625 0.35222289687499997 1 0.44214374375 1
0 0.3510221328125 1 0.333504590625 0.9433977765625 0.2540775 0.9656466578125 0.26557105625 1 0.3510221328125 1
2 0.348349059375 1 0.33252827812499997 0.95131481875 0.2558301765625 0.9674789968749999 0.2663912125 1 0.348349059375 1
0 0.266478959375 1 0.2555221546875 0.9662829015625001 0.141426025 1 0.266478959375 1
2 0.26454276718749997 1 0.2537568671875 0.9675993859375 0.1421721453125 1 0.26454276718749997 1