0 0.3349209140625 0 0 0.5470779640625001 0 0.9744822828125 0.4810892 0.9744822843750001 0.577206740625 0.9694449765625001 0.8626718046875 0.1456278359375 0.5338872921875 0 0.3349209140625 0
2 0 0.9744822828125 0.48108921406249994 0.9744822828125 0.49183014375 0.973919375 0.491956646875 0.95570305 0.5106571921875 0.8522553343749999 0.5595953687499999 0.747216278125 0.5617363890625 0.7376664749999999 0 0.65798590625 0 0.9744822828125
2 0 0.6534640078125 0.562106 0.7313011109375 0.5695454921875001 0.6851469484375 0.584256753125 0.6230793703125 0.621581453125 0.6087555421874999 0.6619712015625 0.5689684984375 0.7037489421875 0.5053078281250001 0.09232898125 0.350931925 0 0.5470491734375 0 0.6534640078125
2 0.2309819875 0.12175595937499999 0.0952247703125 0.35570595 0.708508440625 0.5053078281250001 0.712389775 0.438464471875 0.75163959375 0.3636644109375 0.7852057859375 0.3047795125 0.2309819875 0.12175595937499999
2 0.33946643593750003 0 0.270093434375 0.131305759375 0.787162 0.298412396875 0.788902315625 0.2411188421875 0.7979283046875 0.19496468125 0.8078938703125 0.15995166249999998 0.7959256578125 0.1201646171875 0.5465324421875 0 0.33946643593750003 0
0 0.7746626109375 0.8209817078125001 0.9502399484374999 0.8411281984375 0.9659118781249999 0.8364277 0.9750740890625 0.8385444453125 0.9809655484375 0.7370832203125001 0.8062652078125 0.714878253125 0.7746626109375 0.8209817078125001
2 0.9563055859375 0.8404559468749999 0.96803775 0.8344127 0.9746680812499999 0.7894192203125 0.9790111781249999 0.770740884375 0.9810949421874999 0.7348548640625 0.8078378765625001 0.71084825625 0.7754498187500001 0.8189667078125 0.8138118656250001 0.827024953125 0.9563055859375 0.8404559468749999
0 0.9867988203125 0.6366241031250001 0.8369218406250001 0.6107285265625 0.8065008593749999 0.7090765953125 0.981247384375 0.7322295109375 0.9867988203125 0.6366241031250001
2 0.8305544749999999 0.6309345390625001 0.8113340234375 0.6967467609375 0.8111854078125 0.7108482546875 0.9811907328125 0.7332051515625 0.9868176562500001 0.6362997375 0.839089465625 0.6107897984374999 0.8305544749999999 0.6309345390625001
0 0.9922593140625 0.54258488125 0.8720802984375 0.51318050625 0.8380444406249999 0.60513169375 0.9869355000000001 0.6342702515624999 0.9922593140625 0.54258488125
2 0.9923247515625 0.54145795625 0.8669139093749999 0.51207234375 0.84148653125 0.604074303125 0.9870200109375 0.6328148296875 0.9923247515625 0.54145795625
0 0.9924157250000001 0.5398912015625 0.9970149125000001 0.46068517499999995 0.997058803125 0.4531411078125 0.896273153125 0.4260278484375 0.8659367078125 0.50918376875 0.9924157250000001 0.5398912015625
2 0.9970850546875001 0.4486287578125 0.8994725515625 0.42410038281249995 0.8881358046875001 0.434845878125 0.871639140625 0.5114000921875 0.9923457921875001 0.541095578125 0.9970149125000001 0.46068517968749995 0.9970850546875001 0.4486287578125
0 0.8914584109374999 0.41997584843749997 0.99707726875 0.4499669671875 0.9975997234375 0.36016484375 0.919086325 0.33576428593749996 0.8914584109374999 0.41997584843749997
2 0.9036444765624999 0.421414884375 0.9970935750000001 0.447164246875 0.9975950171875001 0.3609736296875 0.9219478171875 0.33680067187499996 0.9036444765624999 0.421414884375
0 0.9184272140624999 0.3350622734375 0.99760320625 0.3595660609375 0.99808190625 0.2772846203125 0.9400503453125 0.2578690703125 0.9184272140624999 0.3350622734375
2 0.9261215890625 0.3341134203125 0.9976161203125 0.35734635 0.9980786828125 0.2778385625 0.94183115 0.259572453125 0.9261215890625 0.3341134203125
0 0.999341796875 0.060727723437500006 0.9406686953125 0.25927309374999996 0.9980781562500001 0.2779290390625 0.999341796875 0.060727723437500006
2 0.9993467171875 0.0598821015625 0.941948153125 0.2575574546875 0.9980879484375 0.276245934375 0.9993467171875 0.0598821015625