0 1 0.4482299328125 0.8588578874999999 0.12957285624999998 0.024612681249999997 0.41865140156249997 0.0195116109375 0.5159856203125 0.0195116125 1 0.4574952703125 1 1 0.66787881875 1 0.4482299328125
2 0.3395653890625 1 0.25932508906249996 0.43431758125000003 0.24965440156250002 0.43648570312499996 0.1432857375 0.48604335 0.03852855625 0.5049806109375 0.0200816453125 0.505108715625 0.0195116125 0.51598560625 0.0195116125 1 0.3395653890625 1
2 0.4590771453125 1 0.6509550125 0.9096668546875 0.494624984375 0.29050739999999997 0.43015848281249996 0.3328139734375 0.38986780468750004 0.373714984375 0.3753626625 0.4115121484375 0.31250941875 0.42640962812499994 0.2657710265625 0.433943290625 0.3441552015625 1 0.4590771453125 1
2 0.64612055625 0.906734409375 0.883031940625 0.7692587468750001 0.6976916328125 0.2080194578125 0.6380613562499999 0.24201053749999998 0.562314459375 0.281757190625 0.494624984375 0.2856876546875 0.64612055625 0.906734409375
2 1 0.4365783515625 0.8846434249999999 0.197163890625 0.8443527468750001 0.18504418125 0.808896525 0.19513589375 0.762158134375 0.2042761359375 0.7041393453125 0.20603848125000002 0.8733612562499999 0.72965221875 1 0.66274495 1 0.4365783515625
0 0.1545537234375 0.0408962546875 0.1749552328125 0.218696090625 0.28240176875 0.1866934609375 0.2599157265625 0.0097817234375 0.15717018124999999 0.0157477578125 0.15931372187499998 0.025025946875 0.1545537234375 0.0408962546875
2 0.286482778125 0.185100884375 0.2621722890625 0.0096506921875 0.225832015625 0.0117608328125 0.20691724531250003 0.0161589046875 0.161354228125 0.0228731640625 0.155234484375 0.0347538375 0.168835490625 0.179051275 0.1769957390625 0.2178989171875 0.286482778125 0.185100884375
0 0.38786984687500003 0.15564876875 0.361646478125 0.0038746125 0.264830875 0.0094963203125 0.288276865625 0.1864548265625 0.38786984687500003 0.15564876875
2 0.3007627734375 0.18156048281249998 0.3674080609375 0.162096734375 0.3878077984375 0.15345370625000002 0.36197495 0.0038555375 0.263842884375 0.009553689062499999 0.2864827796875 0.1817109796875 0.3007627734375 0.18156048281249998
0 0.42837405312500004 0 0.364030125 0.0037362031249999995 0.393537525 0.154511959375 0.4866526515625 0.1200452671875 0.45728100156249996 0 0.42837405312500004 0
2 0.4283740359375 0 0.3655039703125 0.003650621875 0.39460829999999997 0.151026296875 0.4877748421875 0.12527705312499998 0.458420578125 0 0.4283740359375 0
0 0.46004411406249995 0 0.49069998125 0.12626662500000002 0.5749085078125 0.0955461734375 0.5492047671875 0 0.46004411406249995 0
2 0.458812921875 0 0.48845560312499997 0.120492009375 0.5659788578125 0.10378652656250001 0.5768603718749999 0.0923062765625 0.5536653625 0 0.458812921875 0
0 0.552521715625 0 0.5810371156249999 0.1004218625 0.666314646875 0.072444228125 0.643800278125 0 0.552521715625 0
2 0.5553095 0 0.5795798640625 0.0880815421875 0.6652651421875 0.0695465140625 0.64304165 0 0.5553095 0
0 0.6443985718749999 0 0.6670255453125 0.07311168125 0.745195878125 0.051214840625 0.728060990625 0 0.6443985718749999 0
2 0.646759990625 0 0.667986409375 0.065319909375 0.7434709328125 0.04941149375 0.72742479375 0 0.646759990625 0
0 0.72733464375 0 0.7437740828125 0.050588662500000006 0.9149623203124999 0 0.72733464375 0
2 0.7291021984375 0 0.7455114390625 0.049293009375 0.915272009375 0 0.7291021984375 0