0 0.500941840625 1 0.8409911078125001 0.24528912187500002 0.44625488906250005 0.0115169546875 0.39905323125000003 0.0261163390625 0 0.5570618421875 0 0.949299734375 0.42060586874999994 1 0.500941840625 1
2 0 0.9432497515625 0.43786680312500004 0.9946367859375 0.44316920625 0.9384283890624999 0.4681924546875 0.8467392 0.5205586265625 0.7569590640625 0.523241903125 0.7485407140625 0 0.60761498125 0 0.9432497515625
2 0 0.6035055140625001 0.52407859375 0.74281230625 0.5344293171875 0.7018041328125 0.5525853781250001 0.647178490625 0.5873155234375 0.6383327015625 0.6268206703125 0.606747540625 0.6694654375 0.5536778890625 0.1313489484375 0.3459893625 0 0.5690748921875 0 0.6035055140625001
2 0.6737494671875 0.554205409375 0.6825356359375 0.49405081093750003 0.723787021875 0.43060456875 0.758662421875 0.3809534046875 0.2742965515625 0.1536388671875 0.133577453125 0.3506373484375 0.6737494671875 0.554205409375
2 0.7829289765625 0.21481220781250002 0.4982228359375 0.033954157812500003 0.4558326109375 0.0156120390625 0.4217299828125 0.0201615203125 0.4023275984375 0.023603815625 0.3087446671875 0.16662944375 0.7609273546875001 0.3753992609375 0.767030246875 0.3236630109375 0.77880898125 0.28283067812499996 0.7905512859375 0.2522004765625 0.7829289765625 0.21481220781250002
0 0.8647424140625001 0.8853751750000001 0.8792209156249999 0.8828517890625 0.90485299375 0.8921602296875 0.933247403125 0.8027593984375001 0.745146909375 0.7549885796875 0.70830023125 0.84765484375 0.8647424140625001 0.8853751750000001
2 0.890824459375 0.841215225 0.906322259375 0.793905990625 0.7468815625 0.7515102171875 0.70916834375 0.8459157609375 0.7430600218750001 0.8574713796875001 0.8702553296875 0.8854381546875001 0.881293959375 0.8812610765625 0.890824459375 0.841215225
0 0.7458183875 0.7497562515625 0.9337132531250001 0.7985297890624999 0.9614796218749999 0.7184435078125 0.780987428125 0.663988265625 0.7458183875 0.7497562515625
2 0.9380520015625 0.711068059375 0.782933659375 0.6642840484375 0.773656265625 0.681596653125 0.751144984375 0.739116546875 0.749894678125 0.7518812406250001 0.90890861875 0.792994346875 0.9296542437499999 0.7475630328125 0.9351536046875 0.7267075140625 0.9380520015625 0.711068059375
0 0.7824410296875 0.659039890625 0.9595374890624999 0.7167400859375 0.9844159625 0.641425565625 0.8203573296875 0.579470496875 0.7824410296875 0.659039890625
2 0.9600935375 0.6399574109375 0.9648574796875 0.632545846875 0.8157948015625 0.5778934734375001 0.7856229828125 0.65846300625 0.93900824375 0.7087255703124999 0.9382900453125 0.6926423828125 0.9404232953125 0.673832609375 0.9491711984375 0.6601451640625 0.9600935375 0.6399574109375
0 1 0.5640862015625 0.8490339859375 0.5031593953125 0.8151439312500001 0.5751670484375 0.9834005156250001 0.6383703749999999 1 0.5912243390625 1 0.5640862015625
2 0.961932496875 0.63157141875 0.98494249375 0.5790350109375 0.9932062828125 0.5560596578125 0.85206638125 0.5017670046875 0.8410113484374999 0.5102498843750001 0.8201012109375 0.5778078890625 0.961932496875 0.63157141875
0 1 0.479149275 0.8767151078125 0.42387574531250005 0.8451794218750001 0.49714040312499996 1 0.5620953625 1 0.479149275
2 1 0.48042791874999996 0.87920868125 0.42513224843749997 0.8560341734374999 0.4997953453125 0.990883209375 0.555157740625 0.9915466687500001 0.5380129640625 1 0.522138915625 1 0.48042791874999996
0 1 0.40216529218749997 0.9017524953124999 0.355597440625 0.8761774250000001 0.4231664125 1 0.47850824843749995 1 0.40216529218749997
2 1 0.402184425 0.9032205281250001 0.3573387125 0.8831782718750001 0.42315920937499996 1 0.477319303125 1 0.402184425
0 1 0.18846048437500001 0.9738970312499999 0.1754709984375 0.902197903125 0.3569385390625 1 0.40228109375 1 0.18846048437500001
2 1 0.1871312984375 0.974149453125 0.17412601562500002 0.9034853875 0.3555253453125 1 0.4010969875 1 0.1871312984375