0 0.46897749843750003 0 0.13224930937499998 0.747340021875 0.55887855625 1 0.573783028125 1 0.6156188609375 0.987060253125 1 0.47563616093750005 1 0 0.46897749843750003 0
2 0.5644247171875 0 0.5399978375 0.089504 0.482722334375 0.18770102500000002 0.47978750156250005 0.19690859375 1 0.33701841093749996 1 0 0.5644247171875 0
2 1 0.341696428125 0.478872371875 0.203174040625 0.46755126718750006 0.2480267296875 0.4476930765625 0.3077735265625 0.40970697968750003 0.3174486078125 0.366498225 0.3519948765625 0.3198555109375 0.410039809375 0.9084204203124999 0.6371991359375 1 0.48165865312499995 1 0.341696428125
2 0.31516985468750003 0.4094628328125 0.30555998125 0.47525692499999994 0.260441278125 0.544651253125 0.22229630937499997 0.5989572140625 0.75207148125 0.8475824890625001 0.9059829953125 0.6321154 0.31516985468750003 0.4094628328125
2 0.195754765625 0.780674146875 0.50715210625 0.9784876406249999 0.553516415625 0.9985493312499999 0.590816165625 0.9935733375 0.6120375218749999 0.9898083265625001 0.7143938546874999 0.8333740453124999 0.21981904062500002 0.605032059375 0.213144 0.6616185812500001 0.20026101093749998 0.706278946875 0.1874178640625 0.7397807296875001 0.195754765625 0.780674146875
0 0.1062713171875 0.047245903125 0.09043545625 0.05000585625 0.062400371875000006 0.0398247484375 0.0313439859375 0.1376069078125 0.23707890156250003 0.189856240625 0.2773799546875 0.08850251406250001 0.1062713171875 0.047245903125
2 0.07774408125 0.09554584687499999 0.0607933625 0.14729032343749998 0.235181625 0.1936607 0.27643045625 0.0904046375 0.239361434375 0.077765678125 0.100241565625 0.04717701875 0.088168065625 0.0517456984375 0.07774408125 0.09554584687499999
0 0.236344471875 0.1955791 0.0308344640625 0.14223304375 0.00046499687499999994 0.2298274125 0.1978783328125 0.289387834375 0.236344471875 0.1955791
2 0.02608895625 0.23789431093750002 0.19574964374999998 0.28906432187500003 0.20589679374999997 0.2701286609375 0.23051850625 0.2072162765625 0.2318860296875 0.1932548921875 0.05796453124999999 0.1482874328125 0.035274003124999995 0.1979779328125 0.029259078124999997 0.22078865625000002 0.02608895625 0.23789431093750002
0 0 0.32336389374999996 0.154817503125 0.38182914375 0.19628845625 0.2948001203125 0.0025892046875 0.23169053125 0 0.2395288234375 0 0.32336389374999996
2 0 0.3249620578125 0.15980776875 0.3835540140625 0.192808196875 0.2954310875 0.025043065625 0.2404564078125 0.0258285953125 0.25804739374999996 0.0234953546875 0.2786205828125 0.013927334375 0.293591228125 0.0019810265625 0.31567158125 0 0.3187535890625 0 0.3249620578125
0 0 0.41547153437500006 0.12345241093749999 0.4652944109375 0.1605196578125 0.386536040625 0 0.3262389859375 0 0.41547153437500006
2 0 0.420604415625 0.1201357296875 0.4668173390625 0.1322271703125 0.4575391890625 0.155097634375 0.383647621875 0 0.324855259375 0 0.420604415625
0 0 0.5102363078125001 0.093176184375 0.552010903125 0.12766834062500002 0.471877684375 0 0.41831444375000004 0 0.5102363078125001
2 0 0.5092310671875 0.0904488390625 0.550636603125 0.11579595625000001 0.468973840625 0 0.4214337046875 0 0.5092310671875
0 0 0.595506090625 0.0657915421875 0.6266902984375 0.093764275 0.5527867359374999 0 0.510879296875 0 0.595506090625
2 0 0.5950433015625001 0.0641858796875 0.6247857828125001 0.0861070984375 0.5527946140625 0 0.5128742296875 0 0.5950433015625001
0 0 0.790506159375 0.0653043765625 0.6252234718749999 0 0.594947359375 0 0.790506159375
2 0 0.790794903125 0.063896190625 0.6267691531249999 0 0.596599065625 0 0.790794903125