4 0.13851059999999998 0.89646846875 0.9387893171874999 0.93133905625 0.9270628125 0.622114840625 0.126784096875 0.5872442546875 0.13851059999999998 0.89646846875
4 0.319753465625 0.6682849796875 0.9579450546875 0.6012508875 0.9302103578124999 0.45107212343749997 0.2920184421875 0.5181077203125 0.319753465625 0.6682849796875
4 0.43779369375000005 0.5265642374999999 0.9502001906249999 0.4387162640625 0.9260411562499999 0.341737584375 0.41363312187499995 0.42958510624999996 0.43779369375000005 0.5265642374999999
4 0.501557465625 0.41560992968750005 0.937264734375 0.3305936578125 0.9229229625 0.27785685937500004 0.4872156921875 0.36287312968749996 0.501557465625 0.41560992968750005
0 0.50200135625 0.42470092187499997 0.9464978203125 0.336141015625 0.9289367171875 0.2724918265625 0.48444146562499996 0.36105369062500003 0.50200135625 0.42470092187499997
0 0.4360149875 0.5324322390625 0.9531298921875001 0.4450480671875 0.9280778921874999 0.343523521875 0.410962659375 0.43090920156249995 0.4360149875 0.5324322390625
0 0.3255426 0.6649438875 0.9601821749999999 0.6034260031249999 0.9329739187499999 0.44950749375 0.29833434375 0.5110253765625 0.3255426 0.6649438875
4 0.7789601890625 0.0899707328125 0.5572458703125001 0.3448446625 0.9273893453125 0.2702465734375 0.9262065828124999 0.13316540937500002 0.7789601890625 0.0899707328125
0 0.7753382156249999 0.088908228125 0.5534445328125 0.3499333875 0.9304674500000001 0.274290509375 0.930511728125 0.134428321875 0.7753382156249999 0.088908228125
4 0.6483186984375 0.1462399703125 0.0213934390625 0.6126279343750001 0.03090621875 0.8850383031250001 0.0353406921875 0.8861579953125001 0.767200859375 0.097274228125 0.6483186984375 0.1462399703125
0 0.652951390625 0.14264871875000001 0.02111771875 0.604732340625 0.030996656249999997 0.88762811875 0.03726786875 0.889274015625 0.775428984375 0.0901278109375 0.652951390625 0.14264871875000001