4 1 0.6547168859375 0.9548101687500001 0.47576440625 0.11830169531250001 0.6870033890625 0.19734091250000002 1 0.24008742343749997 1 1 0.808103365625 1 0.6547168859375
4 0.9196491531250001 0.29403559375 0.2738694921875 0.56271864375 0.336322034375 0.712823728125 0.9821016953124999 0.4441423734375 0.9196491531250001 0.29403559375
4 0.89077288125 0.179786440625 0.3799152546875 0.43146949218749997 0.42671694843749997 0.52646440625 0.93757288125 0.27478135625 0.89077288125 0.179786440625
4 0.873194915625 0.1132457625 0.441123728125 0.338159321875 0.4678203390625 0.3894440671875 0.8998915249999999 0.1645305078125 0.873194915625 0.1132457625
0 0.8782169484375 0.1057118640625 0.4378423734375 0.3370966109375 0.470322034375 0.398913559375 0.9106983046874999 0.1675305078125 0.8782169484375 0.1057118640625
0 0.8932830515625 0.18104237343750001 0.3774474578125 0.4336966109375 0.4261932203125 0.5332169484375 0.9420288140625 0.28056440625 0.8932830515625 0.18104237343750001
0 0.9221593218749999 0.2915254234375 0.27881864375 0.553276271875 0.3415661015625 0.7074983046875001 0.9849067796875 0.44574745781249997 0.9221593218749999 0.2915254234375
4 0.6611849000000001 0 0.5095892281250001 0.2973977484375 0.8761103328125 0.1038188359375 0.8531070109375 0 0.6611849000000001 0
0 0.6577313609375001 0 0.5067960546875 0.3039537984375 0.8802060234375 0.10713813125 0.8574684578125 0 0.6577313609375001 0
4 0.6342936 0 0.559282353125 0.05928508125 0 0.765274165625 0 1 0.107856940625 1 0.6553350515624999 0 0.6342936 0
0 0.6297917140625 0 0.5632727515625 0.0540537984375 0 0.7541684171874999 0 1 0.11194003593749999 1 0.6568211515625 0 0.6297917140625 0