4 0.483806603125 0.085946540625 0.6797672953125 0.8619528296875 0.9795393078125001 0.7862531453125 0.783578615625 0.0102468546875 0.483806603125 0.085946540625
4 0.3152216984375 0.118564465625 0.5644716984375 0.7176367921875 0.7037201265624999 0.6597012578125 0.4544716984375 0.06062893125 0.3152216984375 0.118564465625
4 0.2092358484375 0.1453522015625 0.442715409375 0.61926100625 0.530839621875 0.5758443390625 0.2973600625 0.10193710625 0.2092358484375 0.1453522015625
4 0.14750786093749998 0.1616588046875 0.3561540875 0.562479559375 0.403729559375 0.5377138359375 0.1950833328125 0.13689308125 0.14750786093749998 0.1616588046875
0 0.1405188671875 0.157 0.3551682390625 0.5655235843749999 0.4125141515625 0.53539308125 0.19786635156250001 0.126867925 0.1405188671875 0.157
0 0.21040094374999999 0.143023584375 0.444781446875 0.6215503140624999 0.5371037734375 0.5763301890625 0.3027248421875 0.097803459375 0.21040094374999999 0.143023584375
0 0.31289308125000004 0.11623584843749998 0.5557122640625 0.713045596875 0.6987798734374999 0.654836478125 0.4559606921875 0.0580267296875 0.31289308125000004 0.11623584843749998
4 0.13876275625 0.1589542515625 0.001251778125 0.1894228 0.0018896734375000001 0.337658078125 0.3183406796875 0.49896596718749997 0.13876275625 0.1589542515625
0 0.1418419765625 0.1551547890625 0.000192671875 0.1852165453125 0.0008229234375 0.340866221875 0.32442254843749996 0.50155711875 0.1418419765625 0.1551547890625
4 1 0.9102404859375 0.9991013515624999 0.887505634375 0.0152586484375 0.34887328906250004 0.097449996875 0.452867 0.7881028031249999 1 1 1 1 0.9102404859375
0 1 0.8841322640625 0.0058864828125 0.34245858125 0.0925970765625 0.449165215625 0.777252040625 1 1 1 1 0.8841322640625