4 0.611361925 0.064836275 0.574895953125 0.9017290484375 0.8982676796875 0.8894660390625001 0.9347336531250001 0.052573262499999995 0.611361925 0.064836275
4 0.4324937234375 0.061544723437500004 0.502596309375 0.7289349625 0.6596444234375001 0.699931015625 0.5895434125000001 0.03254111875 0.4324937234375 0.061544723437500004
4 0.3181569515625 0.0659046734375 0.41002364062499996 0.6017562125 0.511439725 0.5764902546874999 0.4195725640625 0.0406403234375 0.3181569515625 0.0659046734375
4 0.251353578125 0.0691655296875 0.34025948125 0.52480711875 0.3954090765625 0.5098091859375 0.306503171875 0.0541675984375 0.251353578125 0.0691655296875
0 0.2457430859375 0.06287663593750001 0.3383568 0.527708271875 0.40491599687499996 0.5093449875 0.3123043296875 0.0445120828125 0.2457430859375 0.06287663593750001
0 0.3200245984375 0.063774753125 0.411408315625 0.6045488531250001 0.5175761984375 0.578350340625 0.4261940578125 0.037576582812499995 0.3200245984375 0.063774753125
0 0.430857509375 0.058654725 0.4951899359375 0.7223300984375001 0.6561504703125001 0.6938770203125 0.5918180421875 0.030201646874999998 0.430857509375 0.058654725
4 0.24339510937500003 0.06449480156250001 0.10004225781250001 0.065731678125 0.0548713546875 0.219714834375 0.3214061828125 0.45157294531250003 0.24339510937500003 0.06449480156250001
0 0.2476240625 0.06127586875 0.1013629515625 0.061229565625 0.053760239062500007 0.2235025203125 0.32672772499999997 0.45554820156250003 0.2476240625 0.06127586875
4 0.8868179187499999 1 0.8874854859375001 0.9973561390624999 0.062508996875 0.23201217343749997 0.1137150015625 0.3563333875 0.592557346875 1 0.8868179187499999 1
0 0.889521246875 1 0.8907440687499999 0.995340790625 0.05503561875 0.2234075984375 0.10995944375 0.35148874218750004 0.584240009375 1 0.889521246875 1