4 0.858128125 0.67551875 0.086971875 0.48078281250000005 0.0117453125 0.77868125 0.7829015625 0.9734171875 0.858128125 0.67551875
4 0.7147140624999999 0.5609437500000001 0.1193859375 0.31325156249999997 0.061812500000000006 0.45163125 0.657140625 0.699321875 0.7147140624999999 0.5609437500000001
4 0.616953125 0.4399484375 0.14600625 0.20792812500000002 0.1028625 0.29550156250000004 0.5738078125 0.5275218749999999 0.616953125 0.4399484375
4 0.5605265625 0.35392812500000004 0.16221093749999999 0.14658593749999999 0.1376 0.1938640625 0.535915625 0.40120625 0.5605265625 0.35392812500000004
0 0.5635515625 0.3529484375 0.15758125 0.13964062500000002 0.12763750000000001 0.1966296875 0.5336093749999999 0.40993593749999996 0.5635515625 0.3529484375
0 0.619228125 0.44200156249999994 0.14369218749999998 0.20908593749999999 0.09875468750000001 0.3008328125 0.5742906249999999 0.5337468750000001 0.619228125 0.44200156249999994
0 0.7101515625 0.5522390625 0.117071875 0.3109375 0.0592265625 0.4531109375 0.65230625 0.6944125 0.7101515625 0.5522390625
4 0.1898014078125 0.0012439546875 0.1595232875 0.1378954890625 0.4974099296875 0.31635105 0.337110215625 0.0018778625 0.1898014078125 0.0012439546875
0 0.1856214421875 0.0001914671875 0.155747571875 0.14095546406249998 0.4999848875 0.3223949078125 0.34029830781250003 0.0008177796875000001 0.1856214421875 0.0001914671875
4 0.8835212234375 0.99285696875 0.9970521921875 0.99734454375 0.9981488859375001 0.786757565625 0.45159908125000003 0.09684093437499999 0.34825533124999997 0.015163281249999999 0.8835212234375 0.99285696875
0 0.88103631875 0.9953418718749999 1 0.9988909937500001 0.99800115625 0.77573605625 0.44792043281250005 0.0920183453125 0.341880715625 0.0058496921875 0.88103631875 0.9953418718749999