4 0.0956510796875 0.12801076875 0.060226990625 0.940992321875 0.3743595265625 0.9290796828125 0.40978361406249997 0.1160981296875 0.0956510796875 0.12801076875
4 0.32745652812500003 0.3121305046875 0.3955546546875 0.9604521187499999 0.5481172078125 0.9322771890625001 0.48001755468749996 0.2839552421875 0.32745652812500003 0.3121305046875
4 0.47142680625000005 0.43204438749999996 0.5606691921875 0.9525843203125 0.659187215625 0.928041809375 0.5699452890625001 0.40750031406250004 0.47142680625000005 0.43204438749999996
4 0.58414229375 0.4968202828125 0.6705080296875 0.9394435390625 0.7240819203125 0.9248741203125 0.6377161859375 0.48225086250000004 0.58414229375 0.4968202828125
0 0.574907 0.49727121875 0.66487261875 0.9488231828125 0.7295321125 0.93098333125 0.6395645046875 0.4794326 0.574907 0.49727121875
0 0.46546566250000004 0.430237446875 0.5542368843750001 0.9555605249999999 0.6573729296875 0.9301108749999999 0.5686001765625 0.40478746406250005 0.46546566250000004 0.430237446875
0 0.33085065468749997 0.3180115296875 0.3933450125 0.9627247484374999 0.5497066734375 0.935084615625 0.487212315625 0.290371396875 0.33085065468749997 0.3180115296875
4 0.9149503671874999 0.7786262234375 0.65603081875 0.5533926296875 0.7318130046875 0.9294113984375001 0.8710700609375 0.9282098624999999 0.9149503671874999 0.7786262234375
0 0.9160297359375 0.774946759375 0.6508613203125 0.5495309546875 0.7277048796875001 0.9325383625000001 0.8697871015624999 0.9325833421875 0.9160297359375 0.774946759375
4 0.38399701875000003 0.0090346046875 0.10726267656249999 0.01869838125 0.1061252109375 0.0232032421875 0.9075309421875 0.7666802374999999 0.8577879671875 0.645911059375 0.38399701875000003 0.0090346046875
0 0.3920179390625 0.0087545078125 0.10463175312499999 0.0187902546875 0.1029597296875 0.025161009374999998 0.9147907953125 0.77503896875 0.8614362218749999 0.6506172859375 0.3920179390625 0.0087545078125