3 0.3883752203125 0 0.41369 0.0408933328125 0.41556 0.039736667187500005 0.3909612484375 0 0.3883752203125 0
3 0.7747083328125 0.4714116671875 0.8190483328125 0.5752766671875 0.9046833328125 0.5387183328125 0.8603433328125 0.4348533328125 0.7747083328125 0.4714116671875
3 0.8719150000000001 0.41698 0.8776166671875 0.4299366671875 0.9163233328124999 0.4129066671875 0.9106216671875 0.39994833281250003 0.8719150000000001 0.41698
3 0.7745516671875 0.5829266671875 0.7841333328125 0.590995 0.808105 0.5625266671875 0.7985249999999999 0.55446 0.7745516671875 0.5829266671875
3 0.6283333328125 0.4327783328125 0.69648 0.5804283328125 0.8007266671875 0.532315 0.73258 0.3846633328125 0.6283333328125 0.4327783328125
3 0.661195 0.4765833328125 0.6825833328125 0.49797166718749997 0.7272216671875 0.4533333328125 0.7058333328125 0.43194499999999997 0.661195 0.4765833328125
3 0.800425 0.2701483328125 0.8298333328125 0.3380683328125 0.95089 0.2856516671875 0.9214816671875001 0.21773166718749998 0.800425 0.2701483328125
3 1 0.2274581484375 0.9870633328125 0.22173500000000002 0.945555 0.315555 0.9734183328125001 0.32788333281250004 1 0.2678005484375 1 0.2274581484375
3 0.4064583328125 0.18993500000000002 0.56637 0.292975 0.6254383328124999 0.20130499999999998 0.46552499999999997 0.098265 0.4064583328125 0.18993500000000002
3 0.424615 0.3139266671875 0.4384716671875 0.3252633328125 0.4929016671875 0.2587383328125 0.479045 0.24740166718749998 0.424615 0.3139266671875
3 0.5675233328125 0.3238216671875 0.576415 0.3254683328125 0.586395 0.271575 0.5775033328125 0.2699283328125 0.5675233328125 0.3238216671875
3 0.5038883328125 0.4211116671875 0.51102 0.42702333281250004 0.56831 0.35792 0.56118 0.3520083328125 0.5038883328125 0.4211116671875
3 0.440555 0.4138883328125 0.44673666718750005 0.42033166718750004 0.5168633328125 0.3530533328125 0.5106833328125 0.3466116671875 0.440555 0.4138883328125
3 0.7204066671875 0.4182766671875 0.7284366671875 0.426095 0.7692416671875 0.38418833281250003 0.7612116671875 0.3763683328125 0.7204066671875 0.4182766671875
3 0.6407766671874999 0.4207733328125 0.6487833328125 0.4270516671875 0.6924183328125 0.3714166671875 0.6844116671875 0.3651383328125 0.6407766671874999 0.4207733328125
3 0.4376816671875 0.60236 0.5029950000000001 0.6638316671875 0.5103666671875 0.6559983328125 0.44505333281250004 0.5945266671875 0.4376816671875 0.60236
3 0.3434883328125 0.6108466671875 0.35105 0.678895 0.4409883328125 0.6689016671875 0.43342833281250004 0.6008533328125 0.3434883328125 0.6108466671875
3 0.43296999999999997 0.5892683328125 0.5892633328125 0.59178 0.59185 0.4308433328125 0.435555 0.42833333281249997 0.43296999999999997 0.5892683328125
3 0.023625 0.6336283328125 0.030578332812499998 0.6424366671875 0.298985 0.4305666671875 0.2920316671875 0.4217583328125 0.023625 0.6336283328125
3 0.23565999999999998 0.3411016671875 0.2895416671875 0.41967999999999994 0.2987733328125 0.41335 0.24489166718750002 0.3347733328125 0.23565999999999998 0.3411016671875
0 0 0 0 1 1 1 1 0 0 0