3 0.6154712453125 0.02308945625 0.57454313125 0.0892044734375 0.5763354625 0.09031309843749999 0.617263578125 0.0241980828125 0.6154712453125 0.02308945625
3 0.1482332265625 0.46791054374999996 0.105734825 0.5674616609375 0.1878130984375 0.602501596875 0.2303115015625 0.5029504796875 0.1482332265625 0.46791054374999996
3 0.10004313125 0.434455271875 0.094578275 0.4468754 0.131677315625 0.4631980828125 0.137142171875 0.450779553125 0.10004313125 0.434455271875
3 0.207484025 0.5825495203125 0.1983019171875 0.59028115 0.22127795468749997 0.6175670921874999 0.2304616609375 0.609833865625 0.207484025 0.5825495203125
3 0.2706900953125 0.4198051125 0.2053738015625 0.56132428125 0.305290734375 0.607439296875 0.370607028125 0.465921725 0.2706900953125 0.4198051125
3 0.296325878125 0.465123003125 0.275825878125 0.485623003125 0.3186102234375 0.5284073484375 0.33911022343749997 0.5079073484375 0.296325878125 0.465123003125
3 0.0896341859375 0.259806709375 0.061447284375 0.3249057515625 0.1774760390625 0.37514536718749997 0.2056629390625 0.31004632656250003 0.0896341859375 0.259806709375
3 0.026776357812500002 0.26364377031249997 0.00007028750000000001 0.2754584671875 0.0398546328125 0.3653833859375 0.066560703125 0.3535670921875 0.026776357812500002 0.26364377031249997
3 0.5266533546875001 0.14530191718750002 0.3733817890625 0.2440623 0.42999680468749996 0.3319249203125 0.5832667734375 0.2331645375 0.5266533546875001 0.14530191718750002
3 0.5136948875 0.288244409375 0.5004137375 0.2991102234375 0.5525830671875 0.36287220468750003 0.5658642171875 0.3520063890625 0.5136948875 0.288244409375
3 0.419325878125 0.3098354625 0.4108035140625 0.3114137375 0.420369009375 0.36306869062499997 0.4288913734375 0.361490415625 0.419325878125 0.3098354625
3 0.4349712453125 0.3885063890625 0.4281373796875 0.39417252343750003 0.48304792343749997 0.46040575156249997 0.4898833859375 0.45473961718749994 0.4349712453125 0.3885063890625
3 0.48337060625 0.383333865625 0.477447284375 0.3895079875 0.5446613421875 0.4539920125 0.5505862625 0.44781629375 0.48337060625 0.383333865625
3 0.243247603125 0.4118546328125 0.23555111874999998 0.41934984062499997 0.2746613421875 0.45951597499999997 0.282357828125 0.45202236406249996 0.243247603125 0.4118546328125
3 0.31685782812499996 0.40109105468750006 0.30918370624999997 0.4071086265625 0.35100638906250003 0.46043290781249996 0.35868051093750003 0.45441533593749994 0.31685782812499996 0.40109105468750006
3 0.5462747609374999 0.6209520765625001 0.48367412187500003 0.67987060625 0.4907396171875 0.68737859375 0.55334025625 0.6284600640625 0.5462747609374999 0.6209520765625001
3 0.5574169328125 0.6270159750000001 0.5501709265625 0.69223801875 0.6363738015625 0.70181629375 0.6436214062500001 0.6365942484375 0.5574169328125 0.6270159750000001
3 0.55537859375 0.4616613421875 0.40557507968750006 0.46406709218750003 0.4080543125 0.6183194890625 0.5578562296875 0.615912140625 0.55537859375 0.4616613421875
3 0.6929408953125 0.455359425 0.6862763578125 0.4638019171875 0.9435351437499999 0.6668722046875 0.95019968125 0.6584297125 0.6929408953125 0.455359425
3 0.738123003125 0.3719872203125 0.6864792328125 0.44730031875 0.6953274765625 0.4533674125 0.7469712453125 0.378052715625 0.738123003125 0.3719872203125
0 0 0 0 1 1 1 1 0 0 0