0 0.1982301078125 0 0.0555043359375 0.9626338734375001 0.0916302390625 0.9657989875 0.37875745625 0.7957126625 0.5105806328125 0.03587454375 0.46793944375 0 0.1982301078125 0
4 0.2005022 0 0.057059371875 0.9627701156249999 0.08724542187499999 0.9654148171875001 0.371089934375 0.8063966593749999 0.5103455796875 0.0576510265625 0.45325215312499995 0 0.2005022 0
0 0.37523955781249996 0.8022973015625 0.5291446671875 0.7044922703125 0.636860803125 0.15495735156249998 0.5112342734374999 0.0441954453125 0.37523955781249996 0.8022973015625
4 0.3762682296875 0.8016176375 0.5223376921875 0.7071642437500001 0.64408305 0.1478699703125 0.51816284375 0.0499609953125 0.3762682296875 0.8016176375
0 0.529141765625 0.7007079968750001 0.6205228968750001 0.6471756328125 0.709230359375 0.219718359375 0.6380551359375 0.160550675 0.529141765625 0.7007079968750001
4 0.6184684875 0.6595533953125 0.7093206125 0.22654678125 0.641145240625 0.169593290625 0.5302132734375 0.6957824828125 0.6184684875 0.6595533953125
0 0.6200360515625001 0.6451723359375 0.6790984421874999 0.611720296875 0.75440441875 0.257658209375 0.7086168921875 0.219011684375 0.6200360515625001 0.6451723359375
4 0.755658221875 0.2560337171875 0.7062034328125 0.2171604890625 0.618822703125 0.6480709890624999 0.6815898812500001 0.6158876875 0.755658221875 0.2560337171875
0 0.680767909375 0.6059568140625 0.718161496875 0.5824406359375 0.7842579796875 0.284441434375 0.753254103125 0.2587056171875 0.680767909375 0.6059568140625
4 0.7922675390625 0.2974115734375 0.7576818765625 0.2593513828125 0.6859325390625 0.6037085515625 0.7193846890625 0.5825644984375 0.7922675390625 0.2974115734375
0 0.6593265500000001 0.8680768203125 0.6989981656250001 0.82280363125 0.7530705906249999 0.56693146875 0.719407815625 0.5823124046875 0.6593265500000001 0.8680768203125
4 0.7154401453125 0.5748920015625 0.657934 0.8697930328125001 0.697084228125 0.8234446875 0.7514429234375 0.5675809109375 0.7154401453125 0.5748920015625
0 0.7208280375 0.5807655578124999 0.7524475234375 0.5654430328125 0.8103935874999999 0.3078642828125 0.7830546359375 0.2869774046875 0.7208280375 0.5807655578124999
0 0.7554686187499999 0.5639845078125 0.77564921875 0.55577688125 0.827747403125 0.3229700890625 0.8089339671875001 0.3073598546875 0.7554686187499999 0.5639845078125
4 0.8292511625 0.33362846562500004 0.8128973109375 0.3112907859375 0.7580703328125 0.5639731671875 0.7819459656250001 0.5524592140625 0.8292511625 0.33362846562500004
4 0.7556270671875 0.5603664703125 0.8132628265624999 0.3155093484375 0.7827812625 0.290858040625 0.7208941453125 0.5910716781249999 0.7556270671875 0.5603664703125
0 0.7022691984375 0.8070081281249999 0.72806745 0.7731180109375 0.7757970046875 0.556696878125 0.7519269937499999 0.565723890625 0.7022691984375 0.8070081281249999
4 0.7004781625 0.8110822640625001 0.7270096296874999 0.7733814765625 0.77725385625 0.5567058031250001 0.7499597078125 0.568155828125 0.7004781625 0.8110822640625001