0 1 0.0292860328125 0.8517068078125 0.004775646875 0.651741540625 0.3360797390625 0.8492802078125001 0.7646287 1 0.5461538203125 1 0.0292860328125
4 1 0.029286034375 0.8487301796875 0.0042836609375 0.8038784140624999 0.08434892031249999 1 0.18967061093749998 1 0.029286034375
0 0.6864895859375 1 0.8334329265625 0.7874912125 0.6474592218749999 0.3547663203125 0.45115859374999995 0.6910615359375 0.45590448281249996 1 0.6864895859375 1
4 0.65613034375 0.739359665625 0.7607098109375 0.8784823062499999 0.82681621875 0.7951375125 0.652169421875 0.3508812234375 0.604203653125 0.43785223125000006 0.65613034375 0.739359665625
0 0.5785045140625 0.2016545 0.450166134375 0.43845377812499997 0.45998462343749996 0.67553310625 0.6460873078125 0.3529689265625 0.5785045140625 0.2016545
4 0.5423377984375 0.28522625625 0.5985563390624999 0.4345000828125 0.6449038875 0.3464096390625 0.58093714375 0.20252602656250002 0.5423377984375 0.28522625625
0 0.45377289374999996 1 0.4524472765625 0.6948698046875 0.27823105625 0.9850880171874999 0.277001846875 1 0.45377289374999996 1
4 0.45382806562500005 1 0.45703816875000003 0.6958159968750001 0.4054275890625 0.7860599781250001 0.4097771078125 1 0.45382806562500005 1
0 0.6887279281249999 0 0.5819568359375 0.1946365953125 0.6533528171875 0.3411410390625 0.8490090546875001 0.004329753125 0.8228131031249999 0 0.6887279281249999 0
4 0.6877905671875 0 0.6633539265625 0.061661575 0.8085548812500001 0.0802109640625 0.8500065203125 0.0044946171875 0.8228131031249999 0 0.6877905671875 0
0 0.32797926875 0.6598660078125 0.28304644375 0.9747252468750001 0.451117121875 0.692747028125 0.4500190578125 0.44406483281250003 0.32797926875 0.6598660078125
0 0.2694762953125 1 0.2756917828125 0.9906321015625 0.32820276718749997 0.6625361328125 0.21900296406250003 0.8576360390625 0.1842391890625 0.9995030265624999 0.187245984375 1 0.2694762953125 1
4 0.2589655359375 1 0.286997640625 0.9740414375 0.323917034375 0.66945299375 0.2745492671875 0.7397846203125 0.2401145 1 0.2589655359375 1
0 0.2648367125 0.64714415625 0.2158213859375 0.8612058125000001 0.32609413125 0.663864503125 0.35776297343749996 0.47463732187499996 0.2648367125 0.64714415625
4 0.33424714375 0.658079471875 0.359852840625 0.4540950046875 0.3237904875 0.5102722359375 0.2887030625 0.7111034375 0.33424714375 0.658079471875
0 0.4494676953125 0.309633015625 0.45182350781249997 0.4322345875 0.5802107734375 0.20075805781249997 0.5471279640625 0.1236164125 0.4494676953125 0.309633015625
0 0.3575833109375 0.47594450312500003 0.3302886453125 0.6543882453125 0.44986550000000003 0.4452468890625 0.44839837187500003 0.312680621875 0.3575833109375 0.47594450312500003
4 0.4012916390625 0.5332668734375 0.3941751625 0.7794553843750001 0.45201101875000005 0.686770640625 0.4483691 0.44814856093750005 0.4012916390625 0.5332668734375
4 0.4109042875 0.3781435609375 0.4176253671875 0.498903003125 0.44812870625 0.444075015625 0.448363025 0.314741915625 0.4109042875 0.3781435609375