4 0.9700847140625 0.747799515625 0.9968621484375 0.5859266015625 0.9995755328125 0.11953540625 0.6862998265625 0.055267137499999994 0.6437375249999999 0.8330211734375 0.9700847140625 0.747799515625
4 0.6635278812500001 0.050595490624999996 0.475860721875 0.248762803125 0.371302834375 0.8923717046874999 0.62784433125 0.8335825203124999 0.6857110359374999 0.055146348437500006 0.6635278812500001 0.050595490624999996
4 0.379738853125 0.878339040625 0.48141792812500006 0.24603822812499998 0.34012010937500003 0.40352935 0.240370409375 0.9198692625 0.379738853125 0.878339040625
4 0.4765862171875 0.257608340625 0.5114426125 0.023820821875000002 0.43219394062500005 0.02012975625 0.4127698421875 0.046365546875000004 0.34012010937500003 0.40352935 0.4765862171875 0.257608340625
4 0.64940206875 0.0476975921875 0.5393508546875 0.0251206703125 0.513287996875 0.0239067734375 0.48251906718750004 0.24819558593750002 0.64940206875 0.0476975921875
4 0.4127506078125 0.057066815625 0.3278780421875 0.18651978593750002 0.2558189921875 0.499043890625 0.341995465625 0.4010168890625 0.4127506078125 0.057066815625
4 0.2356539546875 0.9115833734375001 0.34442 0.3995811078125 0.2577697953125 0.504514178125 0.153298646875 0.9302729796874999 0.2356539546875 0.9115833734375001
4 0.10441200312500001 0.9495668296875 0.15023741562499998 0.9385060546874999 0.2458635390625 0.5059362484375 0.18805773125 0.582003334375 0.0935145828125 0.94733123125 0.10441200312500001 0.9495668296875
4 0.083299 0.9452355125 0.0998598125 0.9387992890625 0.1882802578125 0.5762511859375 0.1385035171875 0.634640565625 0.053898218750000004 0.9392039656250001 0.083299 0.9452355125
4 0.3220134828125 0.191112765625 0.264970940625 0.29342483124999996 0.2027261203125 0.55505951875 0.2582335984375 0.501710425 0.3220134828125 0.191112765625
4 0.26782150625 0.271785859375 0.20398679843749998 0.3842984078125 0.1490709390625 0.618475015625 0.20265837812499998 0.55987598125 0.26782150625 0.271785859375