0 1 0.32158522500000003 0.097006525 0.2803167796875 0.28515901875 0.7018102859375001 1 0.754403259375 1 0.32158522500000003
4 0.23046875 0.37734375 0.28125 0.2046875
4 0.29140625 0.52578125 0.2515625 0.171875
4 0.34140625 0.65546875 0.2140625 0.1421875
4 0.5015625 0.65859375 0.2109375 0.140625
4 0.46875 0.5390625 0.2375 0.1609375
4 0.42734375 0.38671875 0.259375 0.2
4 0.63515625 0.3984375 0.2609375 0.20625
4 0.65546875 0.55234375 0.2234375 0.1671875
4 0.67109375 0.6765625 0.19375 0.1296875
4 0.8453125 0.40625 0.2453125 0.2109375
4 0.84765625 0.56484375 0.221875 0.178125
4 0.85 0.690625 0.19375 0.1515625
4 0.96875 0.56953125 0.0625 0.1515625
4 0.96484375 0.6984375 0.0703125 0.125
4 0.97265625 0.409375 0.0546875 0.1859375