0 1 0.31327970625 0.4229419359375 0.15942580625 0 0.6339561 0 0.8103545999999999 0.328214515625 0.7855193546875 0.55467258125 0.7482983875 1 0.6079780312499999 1 0.31327970625
4 0.69921875 0.26796875 0.6015625 0.221875
4 1 0.34500238437499997 0.1093983875 0.8008354843750001 0.312088709375 0.7875193546875 0.5650838703125001 0.6943032265625 1 0.5322992984375 1 0.34500238437499997
4 0.35 0.3828125 0.075 0.046875
4 0.1921875 0.4859375 0.1546875 0.121875
4 0.61328125 0.49765625 0.16875 0.028125
4 0.475 0.4828125 0.08125 0.034375
4 0.4703125 0.51484375 0.378125 0.03125
4 0.36953125 0.5421875 0.2125 0.021875
4 0.12421875 0.565625 0.1515625 0.021875
4 0.0953125 0.61875 0.171875 0.08125
4 0.81875 0.46171875 0.1046875 0.053125
4 0.87890625 0.5078125 0.06875 0.025
4 0.8 0.528125 0.0453125 0.0375
4 1 0.5300999109375 0.40892419375 0.754185484375 0.5650838703125001 0.74535 1 0.6081633828124999 1 0.5300999109375
4 0.7921875 0.5609375 0.165625 0.025
4 0.7265625 0.59453125 0.13125 0.03125
4 0.6 0.609375 0.115625 0.01875
4 0.46015625 0.590625 0.171875 0.0421875
4 0.08984375 0.68828125 0.0953125 0.01875
4 0.190625 0.6828125 0.065625 0.0375