0 0.2646463 1 0.41644605625000003 0.9938146343750001 0.932932471875 0.758611725 0.694523509375 0.5246902 0.1914193375 0.6800164 0.1779776328125 1 0.2646463 1
4 0.198841575 0.6811143046875 0.2011970421875 0.76914840625 0.7446399578125 0.57928246875 0.6884621359375 0.52810316875 0.198841575 0.6811143046875
0 0.5071458265625 0.3687702890625 0.3244266546875 0.41395097812500004 0.3754501453125 0.6233491546875001 0.6616205640625 0.532779821875 0.5071458265625 0.3687702890625
4 0.32526138125 0.410798365625 0.339941425 0.451858659375 0.35078730625 0.44595628125 0.441198909375 0.4174186875 0.5217605515625 0.3998768703125 0.5380528953125 0.3945598140625 0.507791846875 0.36928394999999997 0.32526138125 0.410798365625
0 0.5104452109375 0.3658479125 0.6656552359375 0.534330396875 0.89487416875 0.4562410640625 0.6686017703125 0.3263058109375 0.5104452109375 0.3658479125
4 0.6248872859375 0.372443828125 0.6350235234375 0.356073709375 0.6753277046874999 0.350838465625 0.7021810203125 0.3449913171875 0.6696933328125 0.3219715484375 0.5137332953125 0.3630124234375 0.54366271875 0.3865892421875 0.591640003125 0.3796832265625 0.6248872859375 0.372443828125
0 0.104850684375 0.462428975 0.0124092703125 0.72283551875 0.0149188671875 0.735693090625 0.36654759375 0.6232454984375 0.319715734375 0.41290823593750003 0.104850684375 0.462428975
4 0.29054224375 0.45346149531249996 0.3242014875 0.4403243609375 0.3193252359375 0.413459384375 0.10619262031250001 0.4624903234375 0.09920302187499999 0.4864124171875 0.14234843749999998 0.48987915937500004 0.29054224375 0.45346149531249996
0 0.14697535625 0.350711909375 0.1069565109375 0.46098367500000004 0.3194157984375 0.4124212375 0.29781829375 0.320718009375 0.14697535625 0.350711909375
0 0.3006647 0.321139515625 0.324442734375 0.4104137578125 0.5045527484375001 0.36681434999999996 0.4358629515625 0.29179061093750003 0.3006647 0.321139515625
0 0.4356451953125 0.29262955 0.5076582984375 0.3675681546875 0.6691896093749999 0.327000996875 0.5616809734375 0.264741 0.4356451953125 0.29262955
0 0.6733715953125 0.24302427031249998 0.5612009734375001 0.267448753125 0.672911225 0.32942709375 0.8159974078125 0.2915992578125 0.6733715953125 0.24302427031249998
0 0.782266240625 0.22119870000000003 0.6765225203125 0.24364858749999999 0.8198911203125 0.29105220468750004 0.94644624375 0.2611913640625 0.782266240625 0.22119870000000003
4 0.7787702453125 0.22222098437499999 0.1454272703125 0.3480856578125 0.138499853125 0.3796991078125 0.8082398640624999 0.2282317640625 0.7787702453125 0.22222098437499999