0 1 0.594045003125 0.5728546796875 0.09555997968749999 0 0.24679204062500001 0 0.6373816890625 0.3997083859375 0.7646513484375 0.6556947421875 0.80694271875 1 0.8330486171875 1 0.594045003125
4 0.30234375 0.21953125 0.6046875 0.2765625
4 0 0.5561971734375 0.390015328125 0.7033007328124999 0.6739490484374999 0.8092151671875 0.9038625187499999 0.8243452781249999 0 0.3535929625 0 0.5561971734375
4 0.646875 0.34921875 0.090625 0.0578125
4 0.821875 0.4671875 0.184375 0.14375
4 0.34375 0.4796875 0.190625 0.0375
4 0.50078125 0.4640625 0.09375 0.040625
4 0.50546875 0.49921875 0.43125 0.05
4 0.61875 0.5296875 0.2421875 0.03125
4 0.896875 0.55703125 0.175 0.03125
4 0.9125 0.61640625 0.175 0.1
4 0.1109375 0.43984375 0.1234375 0.0640625
4 0.040625 0.49140625 0.0796875 0.034375
4 0.12890625 0.5140625 0.053125 0.046875
4 0 0.6376294765625 0.3879886671875 0.76130131875 0.5651785281249999 0.7713404125000001 0 0.5543304953125 0 0.6376294765625
4 0.1375 0.5515625 0.1875 0.0375
4 0.2109375 0.58984375 0.15 0.040625
4 0.353125 0.60703125 0.134375 0.025
4 0.5125 0.584375 0.2 0.053125
4 0.93125 0.696875 0.109375 0.0234375
4 0.81640625 0.690625 0.075 0.046875