0 0.43575371250000006 0 0.521547465625 0.6933466562499999 0.8839502734375 0.6682139421875 0.9780851 0.26297719062499997 0.9427138671874999 0 0.43575371250000006 0
4 0.44283988125 0 0.5260388875 0.6845690734375001 0.8837250828125001 0.6570926984375001 0.9809923984375001 0.28459230468749996 0.9427138671874999 0 0.44283988125 0
0 0.35376549218750003 0 0 0.045564809375 0 0.3973054625 0.1546488390625 0.7218242328125 0.515597459375 0.6918307421875001 0.42741013906249997 0 0.35376549218750003 0
4 0.35376549687500003 0 0 0.045564809375 0 0.3878147078125 0.162406134375 0.7180625171874999 0.5070554015625001 0.6843579328125 0.421090721875 0 0.35376549687500003 0
0 0.7569960046875 0.796782084375 0.7692184953125001 0.6752096921875 0.5360132906249999 0.6896041375 0.5489811046875 0.8138311203124999 0.7569960046875 0.796782084375
4 0.7475471328125 0.7934990203125001 0.76383089375 0.6725350046874999 0.5395949843750001 0.6934478656249999 0.5524550953125 0.8166346203125 0.7475471328125 0.7934990203125001
0 1 0.6603638046875 0.773621946875 0.6741235375 0.76361566875 0.7966434890625 0.9619508874999999 0.78498828125 1 0.6791716906249999 1 0.6603638046875
4 1 0.6634201296875 0.7753136125 0.6690638875 0.7639047203125 0.79869673125 0.9600165875 0.78007813125 1 0.677116853125 1 0.6634201296875
0 0.5448806921875 0.8108842703124999 0.5331964 0.691865621875 0.3136003953125 0.71069641875 0.345578896875 0.827805528125 0.5448806921875 0.8108842703124999
4 0.4524417921875 0.7915574046875 0.39188112343750003 0.7853835124999999 0.334711709375 0.7399581015625001 0.3276866046875 0.702048203125 0.3129444484375 0.707052871875 0.3502006234375 0.8264623906249999 0.5474577468749999 0.8103718265625 0.5308643078124999 0.7084835875 0.5245857484374999 0.7620810640625 0.4524417921875 0.7915574046875
0 0.560103303125 0.8543997890625 0.5519406828125 0.8115528718749999 0.4085002953125 0.8204958906250001 0.4154405921875 0.867689240625 0.560103303125 0.8543997890625
4 0.4113081 0.82418946875 0.417637790625 0.864508275 0.5613891343749999 0.8493521156250001 0.5568235359375 0.8154079171875 0.4113081 0.82418946875
0 0.700531703125 0.8422327296875001 0.6995038421875 0.7982395999999999 0.554429975 0.809825175 0.5616905937500001 0.8568257640624999 0.700531703125 0.8422327296875001
4 0.701269853125 0.8429193671874999 0.69985875625 0.7943288546875 0.5536912140625 0.810498953125 0.559749340625 0.8555397749999999 0.701269853125 0.8429193671874999
0 0.3467417859375 0.8279861625 0.3118178109375 0.709261053125 0.0891772921875 0.7304809718749999 0.147541853125 0.8448266078125 0.3467417859375 0.8279861625
4 0.2344759609375 0.8041050750000001 0.243853934375 0.8308437359375 0.3483073171875 0.8267062468749999 0.31010448749999997 0.707418659375 0.20235316406249998 0.722849109375 0.231491609375 0.7532527953125 0.2344759609375 0.8041050750000001