0 0 0.564209146875 0.6903256140625 0.47878921406249997 0.6655856 0.12204895 0.266680671875 0.0293849796875 0 0.06525434218750001 0 0.564209146875
4 0 0.5572164828124999 0.68168518125 0.4743679703125 0.654638125 0.122270621875 0.28795804999999997 0.026523107812500002 0 0.06525434218750001 0 0.5572164828124999
0 0.38251612968750004 1 0.7183582296875 0.8399550484375 0.6888333875 0.4846462515625 0 0.5724514984375 0 0.5832932890625 0.0536716046875 1 0.38251612968750004 1
4 0.373681128125 1 0.714655290625 0.8323189609374999 0.681477340625 0.49305483906249997 0 0.5786576765625 0 0.583293284375 0.0536716046875 1 0.373681128125 1
0 0.7921448640625 0.24701955781249998 0.672472040625 0.23498804375 0.6866415734375 0.4645494171875 0.808927509375 0.45178422500000004 0.7921448640625 0.24701955781249998
4 0.7889130984375 0.256320790625 0.6698391453125 0.24029146406250002 0.6904252421875 0.4610236875 0.8116872046875001 0.44836451562499996 0.7889130984375 0.256320790625
0 0.7805353390625 0.0452670953125 0.665411309375 0.0038712499999999997 0.65761580625 0.0038258968749999996 0.6714028578125 0.2306533953125 0.792008434375 0.2405033265625 0.7805353390625 0.0452670953125
4 0.7757019109375001 0.047171171875 0.66418186875 0.0038640968749999996 0.6607670140625 0.0038442296875 0.6664222640624999 0.2289881625 0.7940295953125001 0.240218790625 0.7757019109375001 0.047171171875
0 0.8060267031249999 0.45582056875 0.688867721875 0.46732229375 0.7074042875 0.6834871109375 0.8226835671874999 0.6520082734375 0.8060267031249999 0.45582056875
4 0.73620875625 0.6627056609374999 0.6988912 0.6696209984375 0.7038176703125 0.6841328078125 0.821361415625 0.6474587609375 0.8055222671875001 0.45328377968750005 0.7052260312499999 0.46961794687499997 0.7579860468749999 0.47579840312500005 0.7870018203125 0.5468151109375 0.7809243953125 0.60642951875 0.73620875625 0.6627056609374999
0 0.8488622921875001 0.4408358109375 0.8066848578125001 0.448870890625 0.8154881421875 0.590070021875 0.8619440968750001 0.5832381671875 0.8488622921875001 0.4408358109375
4 0.8191240078125 0.5873060890625 0.8588128328125 0.5810753 0.8438934890625 0.43957007031249995 0.81047966875 0.44406433125 0.8191240078125 0.5873060890625
0 0.83688534375 0.3026016046875 0.79357960625 0.3036134046875 0.80498415625 0.44642049375 0.8512503609375001 0.439273321875 0.83688534375 0.3026016046875
4 0.8375612515625 0.3018749890625 0.7897299656250001 0.3032640375 0.80564740625 0.4471477109375 0.849984465625 0.44118424218749996 0.8375612515625 0.3018749890625
0 0.822861378125 0.6508635546875 0.7059913484375 0.6852418421875 0.72687970625 0.904403603125 0.8394386921875 0.8469509890625 0.822861378125 0.6508635546875
4 0.8216014625 0.6493224843750001 0.7041777421875001 0.6869283953124999 0.7193670921875001 0.7929961046875 0.7492957203125 0.764312946875 0.7993534328125 0.7613752265625 0.825674303125 0.7521437828125 0.8216014625 0.6493224843750001