0 1 0.09107753125 0 0.239343425 0 0.4215328609375 0.097353159375 0.53724874375 0.844442315625 0.40763736406250006 1 0.14503633124999998 1 0.09107753125
4 1 0.0926326328125 0 0.2416223265625 0 0.419402059375 0.118764265625 0.5370176343749999 0.85494705 0.40009849375 1 0.141181621875 1 0.0926326328125
0 0.1055344484375 0.537891415625 0.21443793281249998 0.66141011875 0.7547524671875 0.5555013 0.850916475 0.4041784921875 0.1055344484375 0.537891415625
4 0.111203259375 0.544703734375 0.20746946875 0.6685111859374999 0.757379609375 0.5488085375 0.8502482140625001 0.40518990468749994 0.111203259375 0.544703734375
0 0.219937409375 0.6625844125 0.278112346875 0.732565421875 0.69839751875 0.6453463390625 0.7510316875 0.5554984484375 0.219937409375 0.6625844125
4 0.7461888171875 0.5565519765625 0.22882830156249997 0.66562266875 0.2848261984375 0.732654159375 0.7105676 0.6433264000000001 0.7461888171875 0.5565519765625
0 0.277417528125 0.731962246875 0.315415621875 0.776981525 0.6635370703125 0.702939071875 0.696427834375 0.6448676609375 0.277417528125 0.731962246875
4 0.6676345390625 0.7053887078125001 0.699277853125 0.643674671875 0.27559739375 0.72958928125 0.3138183859375 0.7782142921874999 0.6676345390625 0.7053887078125001
0 0.31644545625 0.775850509375 0.3417494640625 0.8063341875000001 0.6347486796874999 0.74134670625 0.657870290625 0.7045805281249999 0.31644545625 0.775850509375
4 0.6348704625 0.7425493765625 0.65565975 0.709658503125 0.3170803859375 0.78020399375 0.3545019828125 0.8142093593749999 0.6348704625 0.7425493765625
0 0.6346225984375 0.7425721140625 0.6194997328125 0.7756700765625 0.8710787375000001 0.7225049078125 0.9155923109374999 0.6834989234375 0.6346225984375 0.7425721140625
4 0.620138278125 0.7740697203125 0.8717090390625 0.720623084375 0.9172797265625 0.6821297375 0.6273267 0.738671015625 0.620138278125 0.7740697203125
0 0.344242884375 0.8051510359374999 0.3647793125 0.8320312781249999 0.6180362703125 0.7750574640625 0.63310170625 0.74396850625 0.344242884375 0.8051510359374999
0 0.364283346875 0.8305961500000001 0.37963166406250004 0.8490939234375 0.6085323015624999 0.79786986875 0.61660221875 0.7780278703125 0.364283346875 0.8305961500000001
4 0.6052703 0.8040609671875 0.6165910671875 0.78058593125 0.3681483234375 0.83449299375 0.390111209375 0.8505724515624999 0.6052703 0.8040609671875
4 0.6432349046875 0.7440335046875 0.348058409375 0.8048822484375 0.3722961046875 0.8348523765625 0.6130448859375 0.778183659375 0.6432349046875 0.7440335046875
0 0.618312415625 0.7745456671875 0.6094368640625001 0.7980151765625 0.82222676875 0.751086453125 0.855548259375 0.7257210578125 0.618312415625 0.7745456671875
4 0.6207035484375 0.7726113906250001 0.6094456390625 0.799447584375 0.8224858140625001 0.75004638125 0.8595540390625 0.723960071875 0.6207035484375 0.7726113906250001