0 0.1920811953125 0 0.20507844375 0.309403165625 0.7016909484375 0.46272515781249995 0.9370236656250001 0.2318219734375 0.42796150468749994 0 0.1920811953125 0
4 0.214729984375 0.22142125 0.212404909375 0.3083194296875 0.6957077859374999 0.459356228125 0.7511607328125 0.40883730468749996 0.214729984375 0.22142125
0 0.3363695375 0.5720354859375 0.5167310421875 0.6166331984375 0.66921255625 0.4547399171875 0.38673465937499996 0.3653392203125 0.3363695375 0.5720354859375
4 0.351684115625 0.5346169359374999 0.3371934921875 0.5751474187500001 0.5173687265625 0.616126165625 0.547239309375 0.5911764421875 0.531157190625 0.5859279921875 0.45163505312499996 0.5686125203125 0.36239005 0.5404431546875 0.351684115625 0.5346169359374999
0 0.6731951671874999 0.45320935 0.5199878531250001 0.6195178671875 0.6761036828125 0.6585497484375 0.8994564374999999 0.5302910796875 0.6731951671874999 0.45320935
4 0.5232335109374999 0.62231676875 0.6771811609375 0.662828084375 0.7092496515625 0.6401053453125 0.68274283125 0.63433364375 0.6429587031249999 0.6291659515625 0.63295325625 0.613007059375 0.6001349703125001 0.6058610718749999 0.5527767484375 0.5990441671875 0.5232335109374999 0.62231676875
0 0.3779469796875 0.365441540625 0.030855398437499997 0.25444488593750003 0.028378182812500003 0.267136553125 0.1196268046875 0.5241830109375 0.3317194015625 0.5730647734375001 0.3779469796875 0.365441540625
4 0.12095142656249999 0.5241224546875001 0.3313339421875 0.5725207375 0.3361472734375 0.5460024046874999 0.30292234375 0.5330347828125 0.15664071562499998 0.497087021875 0.11405201406250001 0.500509034375 0.12095142656249999 0.5241224546875001
0 0.12170545937499999 0.5256096625 0.1612079328125 0.6344585656249999 0.310104509375 0.6640654484375 0.3314233375 0.5735454890625 0.12170545937499999 0.5256096625
0 0.33638540781250004 0.5755270640625 0.3129141875 0.6636493812500001 0.44636794531249996 0.692619590625 0.514171421875 0.6185639 0.33638540781250004 0.5755270640625
0 0.5172369015625 0.6178198203124999 0.44615299999999997 0.6917914765625001 0.570562509375 0.7193201734375 0.6766839375 0.6578635328125 0.5172369015625 0.6178198203124999
0 0.5700887031249999 0.716647359375 0.6808119609375 0.7407566890624999 0.8215974421875 0.6928084734375 0.6803575328125 0.655468740625 0.5700887031249999 0.716647359375
0 0.6839222296874999 0.7401404265625 0.7883015140625 0.7623006390625 0.950363065625 0.7228240078125 0.8254409125000001 0.69334846875 0.6839222296874999 0.7401404265625
4 0.1596798203125 0.63705093125 0.7848506296875 0.7612915453125 0.8139399953125 0.755358321875 0.152841790625 0.605845396875 0.1596798203125 0.63705093125