0 0 0.583626609375 0.0438665984375 0.757623834375 0.681438996875 0.8013253718750001 0.9513021421875001 0.29659263281250003 0.8870106640625 0.0415799484375 0.613181584375 0.1180034421875 0.386234140625 0.204136053125 0 0.42103367656249996 0 0.583626609375
4 0.3671875 0.74296875 0.6890625 0.403125
4 0 0.5836266078125 0.0340449015625 0.7186659875 0.8379898875 0.056669784375 0.6295161031250001 0.11255967656250002 0.38977554531249997 0.2635286859375 0 0.5110235656250001 0 0.5836266078125
4 0.6984375 0.54921875 0.090625 0.071875
4 0.8359375 0.40703125 0.1953125 0.171875
4 0.3921875 0.48203125 0.184375 0.075
4 0.540625 0.46875 0.096875 0.059375
4 0.5375 0.43359375 0.409375 0.140625
4 0.63515625 0.384375 0.23125 0.084375
4 0.87890625 0.31015625 0.153125 0.059375
4 0.875 0.2515625 0.146875 0.11875
4 0.1859375 0.5609375 0.125 0.0859375
4 0.1109375 0.52578125 0.078125 0.046875
4 0.1890625 0.4875 0.0578125 0.0515625
4 0 0.51354515 0.537127046875 0.167857584375 0.3761310390625 0.20940763593749998 0 0.42079143124999996 0 0.51354515
4 0.18828125 0.4515625 0.18125 0.075
4 0.24765625 0.40234375 0.146875 0.06875
4 0.37578125 0.3609375 0.128125 0.0546875
4 0.5265625 0.35234375 0.1921875 0.09375
4 0.87890625 0.1734375 0.084375 0.0390625
4 0.784375 0.1984375 0.078125 0.0578125