4 0 0.997396875 0.25912812500000004 0.9959250000000001 0.443890625 0.9723484375 0.464528125 0.935509375 0.455684375 0.8677265625 0.488115625 0.84415 0.5175984375 0.8839359375000001 0.5578921875 0.891303125 0.576565625 0.841203125 0.585409375 0.7807875 0.44585625 0.266515625 0.43013124999999997 0.2620953125 0.4055625 0.1633671875 0.3642859375 0.095584375 0.3220265625 0.0896890625 0.27681875 0.145684375 0.2375078125 0.1280015625 0.236525 0.061692187499999995 0.12841875 0.069059375 0.0439 0.05727187500000001 0.00508125 0.023139062499999998 0 0.9388687499999999 0 0.997396875
4 0.29296875 0.25703125 0.0640625 0.0515625
4 0.134375 0.45703125 0.053125 0.0546875
4 0.121875 0.67109375 0.078125 0.0515625
4 0.021875 0.51328125 0.04375 0.0890625
4 0.30625 0.965625 0.059375 0.05625
4 0.39921875 0.95234375 0.0984375 0.0578125
4 0.34921875 0.584375 0.0546875 0.05625
4 0.3875 0.27421875 0.040625 0.0390625
4 0.36171875 0.48125 0.0390625 0.0375
4 0.46640625 0.58125 0.0609375 0.046875
4 0.46875 0.68984375 0.028125 0.0359375
4 0.3984375 0.8328125 0.06875 0.09375
4 0.04921875 0.09140625 0.0390625 0.0359375
4 0.13046875 0.53671875 0.1203125 0.0828125
4 0.2359375 0.590625 0.053125 0.090625
4 0.21015625 0.34765625 0.0421875 0.0703125
4 0.15625 0.26640625 0.05625 0.1015625
4 0.41796875 0.659375 0.0484375 0.0625
4 0.41640625 0.52734375 0.0640625 0.0578125
4 0.41484375 0.3734375 0.0296875 0.05625
4 0.14296875 0.9234375 0.0390625 0.053125
4 0.13203125 0.8125 0.0390625 0.0625
4 0.2359375 0.96953125 0.059375 0.0578125
4 0.05078125 0.6640625 0.0390625 0.109375
4 0.18671875 0.69140625 0.0546875 0.0421875