4 0.9053085125000001 1 0.9767154093749999 0.9996037734375 0.9423679249999999 0.96054088125 0.9305062890625001 0.8754905656249999 0.9379198109375 0.766704403125 0.871193396875 0.765715409375 0.8533993703125 0.7261572328125 0.9097468546874999 0.68066509375 0.9038144656249999 0.6381399375 0.8356053453125 0.5966037734375 0.7362562890625 0.5718805031249999 0.7318081765625 0.5560566031249999 0.2143018875 0.4156257859375 0.1535062890625 0.4245251578125 0.1030911953125 0.4433160375 0.11050471718749999 0.48386320781250003 0.15054088125 0.513531446875 0.12681603749999998 0.5461666671875001 0.05860691875 0.5372672953125 0.021536164062499998 0.5580345906249999 0 0.726807090625 0 1 0.9053085125000001 1
4 0.74140625 0.71015625 0.0515625 0.065625
4 0.53984375 0.86953125 0.0546875 0.053125
4 0.325 0.88203125 0.0515625 0.0796875
4 0.48359375 0.98046875 0.090625 0.0390625
4 0.028125 0.696875 0.05625 0.059375
4 0.04140625 0.603125 0.0578125 0.1
4 0.41171875 0.653125 0.05625 0.0546875
4 0.72421875 0.61484375 0.0390625 0.040625
4 0.515625 0.640625 0.0375 0.0390625
4 0.41484375 0.53515625 0.046875 0.0609375
4 0.30546875 0.5328125 0.0359375 0.028125
4 0.16171875 0.60390625 0.09375 0.0703125
4 0.9078125 0.95546875 0.0359375 0.0390625
4 0.46015625 0.8734375 0.084375 0.121875
4 0.40546875 0.7671875 0.090625 0.053125
4 0.65 0.79296875 0.071875 0.0421875
4 0.73203125 0.84765625 0.103125 0.05625
4 0.33671875 0.584375 0.0625 0.0484375
4 0.46953125 0.5859375 0.0578125 0.065625
4 0.62421875 0.5875 0.05625 0.0296875
4 0.07109375 0.8609375 0.053125 0.0390625
4 0.18203125 0.871875 0.0625 0.0390625
4 0.0265625 0.7671875 0.053125 0.059375
4 0.33203125 0.95390625 0.109375 0.0390625
4 0.30390625 0.8171875 0.0421875 0.0546875