4 0.8159055546875 1 0.8368734124999999 0.9414504609375 0.761771940625 0.91741755 0.754200028125 0.8668576343750001 0.832304646875 0.8350992515625 0.8390793625 0.7852803328125 0.7751547125 0.7151795015625 0.67070601875 0.6532724390625 0.6706945484375 0.6339647875 0.130316575 0.2984050671875 0.0587837796875 0.2875200078125 0 0.2910645140625 0 0.350751734375 0.0272191375 0.386508334375 0 0.40739866718749995 0 0.9352518671875 0.21302877812499998 1 0.8159055546875 1
4 0.6328125 0.81015625 0.08125 0.090625
4 0.3546875 0.9203125 0.0796875 0.0796875
4 0.10703125 0.8609375 0.084375 0.109375
4 0.2609375 0.99296875 0.10625 0.0125
4 0.278125 0.63359375 0.0828125 0.084375
4 0.64375 0.696875 0.059375 0.0609375
4 0.39921875 0.6546875 0.05625 0.059375
4 0.31953125 0.5015625 0.071875 0.0859375
4 0.196875 0.46171875 0.05 0.0453125
4 0.0390625 0.490625 0.078125 0.1125
4 0.2625 0.89765625 0.134375 0.16875
4 0.23515625 0.759375 0.121875 0.09375
4 0.503125 0.87265625 0.09375 0.075
4 0.5796875 0.9546875 0.1375 0.090625
4 0.21484375 0.5296875 0.0875 0.0796875
4 0.36484375 0.57734375 0.0875 0.09375
4 0.5390625 0.63203125 0.075 0.053125
4 0.09296875 0.94140625 0.1375 0.0796875
4 0.10546875 0.78046875 0.065625 0.078125