0 0 0.9705462890625001 0.011394528125000001 0.972220825 0.44186949062499997 0.620277875 0.537510425 0.2694291640625 0.01063723125 0.5593225015625001 0 0.924900440625 0 0.9705462890625001
0 0.22427905468749998 1 0.37664409062500004 0.85206225 0.43704455624999994 0.625372803125 0.014334935937500001 0.9726529453125 0.200420421875 1 0.22427905468749998 1
4 0 0.9705462890625001 0.006608296875 0.9715174421875 0.346669715625 0.695558921875 0.38186273593750003 0.65523325 0.309707165625 0.6572677328125 0.20689210781249998 0.7508497703125 0.06217769375 0.8686073046875 0.000038178125 0.9235883578124999 0 0.9249004296875001 0 0.9705462890625001
0 0.5410955390625001 0.270376121875 0.446331290625 0.614302590625 0.7316023359375 0.38414439218749996 0.8522363671875001 0.092840390625 0.5410955390625001 0.270376121875
0 0.44175079375 0.6210101859375 0.38003565 0.8492941578125001 0.6436608968749999 0.5982471453125 0.7290521375 0.395969128125 0.44175079375 0.6210101859375
4 0.47101518281250004 0.541948790625 0.4469057875 0.6172447484375 0.6208482578125001 0.48308144375 0.5936122296875 0.4765507828125 0.53696401875 0.4985587890625 0.47101518281250004 0.541948790625
4 0.79420363125 0.5134348531249999 0.773361628125 0.5027971453125 0.7543330890625 0.5348397828125 0.7405769328125 0.569171825 0.7507229 0.5827794984375 0.726671025 0.6110547515625 0.6845422453125 0.6457609 0.6343846640625 0.7277574015625 0.6262025343750001 0.749275515625 0.8931284203125 0.4643548703125 0.9907292453125001 0.2696676328125 0.9264062 0.328376409375 0.8912084140625 0.382277953125 0.8311560578125 0.449187240625 0.79420363125 0.5134348531249999
0 1 0.16802296249999998 0.903124653125 0.24419629999999998 0.815996290625 0.43393474843749996 1 0.260768046875 1 0.16802296249999998
4 1 0.16726873125 0.906809915625 0.24370179374999998 0.8125230484375001 0.43887604687500004 1 0.2616030265625 1 0.16726873125
0 1 0.0211322046875 0.98505818125 0.018936359375 0.8577804499999999 0.09064294375000001 0.7315493296875 0.38247697187499996 0.906258740625 0.2406443828125 1 0.051555921875 1 0.0211322046875
0 1 0.055568978125 0.9081214843750001 0.2397256828125 1 0.1662458046875 1 0.055568978125
0 0.7304362109375 0.3869984046875 0.645306896875 0.5932633703125 0.8168177296874999 0.4357320484375 0.90642245625 0.244844834375 0.7304362109375 0.3869984046875