0 0.6015572421875001 1 0.775896665625 0.9560471296875 0.8213119890625 0.2934718921875 0.29678580781249997 0.0130258796875 0.0317726265625 0.0798385921875 0.11119311875 0.364406065625 0.20070347968750002 0.6002534093749999 0.42518929375000003 1 0.6015572421875001 1
4 0.7609375 0.6203125 0.41875 0.715625
4 0.6015572406249999 1 0.735411059375 0.9662539921875 0.0474542203125 0.1307817515625 0.10553587187499999 0.3474309765625 0.2624252359375 0.5965731265625001 0.5185882687500001 1 0.6015572406249999 1
4 0.559375 0.27578125 0.0734375 0.09375
4 0.41171875 0.1328125 0.178125 0.203125
4 0.4890625 0.59375 0.078125 0.190625
4 0.47578125 0.43984375 0.0625 0.1
4 0.43984375 0.44296875 0.1453125 0.425
4 0.38828125 0.34140625 0.0875 0.240625
4 0.3109375 0.08828125 0.0625 0.159375
4 0.25 0.0921875 0.125 0.153125
4 0.571875 0.8078125 0.0875 0.128125
4 0.53515625 0.88671875 0.05 0.08125
4 0.4953125 0.80546875 0.053125 0.059375
4 0.5211946546874999 1 0.1630023265625 0.443443134375 0.206181790625 0.6107527109374999 0.4249368546875 1 0.5211946546874999 1
4 0.4578125 0.80625 0.0765625 0.1875
4 0.40703125 0.74453125 0.071875 0.153125
4 0.36328125 0.6109375 0.05625 0.134375
4 0.3546875 0.45390625 0.096875 0.2
4 0.16875 0.08828125 0.040625 0.0875
4 0.19453125 0.1859375 0.059375 0.08125