0 0 0 0 0.40016088125 0.35291796875000003 0.8030348421875001 0.3815945390625 0.453732409375 0.1095911015625 0 0 0
0 0.11202692031249999 0 0.3788396609375 0.447461615625 0.3986554296875 0.22225768124999998 0.28975225625 0 0.11202692031249999 0
4 0.060377665625 0 0.11393397187500001 0.09768891874999999 0.20824590625 0.254201321875 0.27194528125 0.374330784375 0.3378630359375 0.4013270015625 0.3188234171875 0.35273925156249997 0.10563067968749999 0 0.060377665625 0
0 0.581172253125 1 0.5702928671875 0.7674201484375 0.383720815625 0.46066934374999996 0.3565424890625 0.8034323859375 0.523523815625 1 0.581172253125 1
0 0.4008629765625 0.2259332171875 0.38172908906249997 0.4530315515625 0.571880696875 0.75588230625 0.5604941984375 0.5439459796875 0.4008629765625 0.2259332171875
4 0.4287893515625 0.596507453125 0.473736834375 0.6360821546875 0.5010511609375 0.639699646875 0.38523175468750004 0.45822021562500004 0.3823851203125 0.53443416875 0.4287893515625 0.596507453125
4 0.731497753125 0.885578046875 0.771295265625 0.9608792718749999 0.7461097156250001 0.75152055625 0.59472325625 0.40185266875 0.5951023203125 0.42408375625000005 0.614063340625 0.515415971875 0.6413774609375 0.5613620359375 0.6541511343749999 0.5952126390625 0.6402510828125 0.6039282921875 0.6415034265624999 0.6396425703124999 0.6483850359375001 0.6751339140625 0.671167003125 0.67282300625 0.683856571875 0.7435666421875 0.716978978125 0.8247632296875 0.731497753125 0.885578046875
0 0.7877086765625 1 0.7861259390625001 0.9902704703125 0.6647807703125 0.75201494375 0.681950353125 0.9532649 0.7111744046874999 1 0.7877086765625 1
4 0.7867595390625 1 0.784559590625 0.9859811781250001 0.6632222296875 0.74635389375 0.685186828125 0.95499544375 0.7120716265625 1 0.7867595390625 1
0 0.6885709390625 1 0.683658996875 0.95755649375 0.5696881421875 0.768903215625 0.5841703203125 1 0.6885709390625 1
0 0.560352134375 0.5490080296875 0.5701679203125 0.764443353125 0.6852102328125 0.9538309796875 0.6661380140625 0.7506829015625 0.560352134375 0.5490080296875