0 0.1309913109375 0.035823198437499995 0.11174718125000001 0.3431639375 0.2995748546875 0.5283251046874999 0.3556031046875 0.0668715421875 0.17983606875 0.027892260937500003 0.1309913109375 0.035823198437499995
4 0.320200528125 0.10564467500000001 0.3155712234375 0.1041800375 0.344538146875 0.1078947125 0.3500028984375 0.06912297187500001 0.3224798734375 0.0630693421875 0.1492924625 0.032851634375 0.128335671875 0.0362543953125 0.11210152656250001 0.2887551734375 0.15572856875000002 0.3216619953125 0.1980567828125 0.2853227671875 0.23154111562500002 0.23568632968749997 0.30341736406250003 0.2366444453125 0.3300454140625 0.179703225 0.320200528125 0.10564467500000001
0 0.0191085671875 0.053989628125 0.0144453109375 0.24021723125 0.10857551406249999 0.33544481406250004 0.127709190625 0.036356115625000004 0.0191085671875 0.053989628125
4 0.07734375 0.18515625 0.1546875 0.296875
0 0.0025750234375 0.4641305796875 0.0877492859375 0.6110743671875001 0.107548490625 0.3463402109375 0.013008303125 0.25028138437499997 0.0025750234375 0.4641305796875
4 0.06484375 0.4140625 0.1296875 0.3359375
0 0 0.6690103953125 0.071393396875 0.8513406859374999 0.08669892343749999 0.6174498171875 0.00166485 0.471056359375 0 0.5105835890625 0 0.6690103953125
4 0.06015625 0.66875 0.1203125 0.378125
0 0.3713202125 0.0718295796875 0.309777634375 0.54300835625 0.7061433796875 0.9404174171875 0.8846132687500001 0.9114392140625001 0.9161150250000001 0.9057432828125 0.9504589640625 0.8098398703124999 0.972659475 0.4286718109375 0.957218265625 0.1906229828125 0.3713202125 0.0718295796875
4 0.8640625 0.26640625 0.05 0.065625
4 0.73203125 0.51953125 0.371875 0.38125
0 0.08843916406249999 0.6192158734375 0.24872302031250001 0.899220084375 0.2963092765625 0.5431248390625 0.10908390625 0.3514005953125 0.08843916406249999 0.6192158734375
4 0.18984375 0.50859375 0.1234375 0.1171875
4 0.20390625 0.665625 0.1375 0.1078125
0 0.07204018749999999 0.8559236171875 0.1267100890625 0.9924637234375 0.23577555 0.988019646875 0.247085421875 0.9167039578124999 0.0906495140625 0.6308523859374999 0.07204018749999999 0.8559236171875
4 0.1703125 0.8796875 0.08125 0.1203125
4 0.7109375 0.8796875 0.103125 0.1015625
4 0.3859375 0.45703125 0.1390625 0.2
0 0.472337946875 0.97838046875 0.645244078125 0.9503056531249999 0.682637471875 0.943879596875 0.304139584375 0.5526561937500001 0.251655878125 0.925961528125 0.28898641875000003 0.9858514703125 0.472337946875 0.97838046875
4 0.30390625 0.9265625 0.08125 0.115625