0 0.24378934062500002 0.178557684375 0.22790046249999998 0.6038417359375 0.38893668593749997 0.6859322406249999 0.40540238281249996 0.1961403171875 0.24378934062500002 0.178557684375
4 0.3125 0.43046875 0.2359375 0.515625
0 0.379106325 1 0.3879471609375 0.6903852015624999 0.233198459375 0.6146247046875 0.22399301718750003 1 0.379106325 1
4 0.31015625 0.8078125 0.209375 0.384375
0 0.6291246328125 1 0.6337342859375 0.809127725 0.39571166562500004 0.6940142140625001 0.381350825 1 0.6291246328125 1
4 0.48359375 0.84375 0.26875 0.3125
0 0.38976284687499996 0.6866152890625 0.63188159375 0.8047007265625 0.6512314078125 0.2235451671875 0.40789652031249996 0.19675250312499998 0.38976284687499996 0.6866152890625
4 0.5015625 0.49296875 0.296875 0.5984375
0 1 0.4523282 0.9930709578125001 0.28227731718750004 0.65424414375 0.23947253906250002 0.6299580312499999 1 0.9835244671875 1 1 0.648956553125 1 0.4523282
4 0.79765625 0.61875 0.4046875 0.7625
0 0.6673851796875 0 0.65043289375 0.22570170156249997 0.9925406390625 0.269262375 0.98307280625 0.036905125 0.7068124 0 0.6673851796875 0
4 0.82265625 0.1375 0.340625 0.275
1 0.4154744734375 0 0.4081085171875 0.1915413625 0.64627415625 0.21911574531250003 0.664272328125 0 0.4154744734375 0
1 0.24767610625 0 0.23965203124999998 0.17096865781249998 0.4036610328125 0.1894557234375 0.4120841390625 0 0.24767610625 0