0 0 0.9972390624999999 0.493275 0.9993109375 0.5006671875 0.3022125 0.14577656249999998 0.2813265625 0 0.66655 0 0.9972390624999999
4 0 0.9984375 0.48636875 0.9984375 0.49516406249999995 0.31016093749999996 0.14454375 0.2921359375 0 0.6449171875 0 0.9984375
0 0.5062421875 0.304425 0.5014390625 0.9979578124999999 1 1 0.9968390625 0.7435828124999999 0.86035625 0.32041718750000003 0.5062421875 0.304425
4 0.9984375 0.757575 0.8523390624999999 0.3230953125 0.5135546875 0.3127359375 0.5075578125 0.9976984375000001 0.9984375 0.9984375 0.9984375 0.757575
0 0.285728125 0.172540625 0.2580046875 0.2888703125 0.48614375 0.30403437499999997 0.48977343749999996 0.1819859375 0.285728125 0.172540625
4 0.2944671875 0.176903125 0.2628828125 0.2921359375 0.4831703125 0.2998609375 0.48676875 0.178834375 0.2944671875 0.176903125
0 0.0853375 0.1583828125 0.0253953125 0.27399062500000004 0.253590625 0.2893734375 0.2792875 0.1718484375 0.0853375 0.1583828125
4 0.08657343749999999 0.163384375 0.027328124999999998 0.27094375 0.2512890625 0.2940671875 0.279275 0.169821875 0.08657343749999999 0.163384375
0 0.49336718749999997 0.1853546875 0.489171875 0.30219375 0.7046859375000001 0.3113578125 0.6889421875 0.1938359375 0.49336718749999997 0.1853546875
4 0.704846875 0.314971875 0.6842828125 0.1945609375 0.4908 0.1855296875 0.49360312500000003 0.286375 0.5066890625 0.2352 0.58053125 0.2156328125 0.6384828125 0.2291796875 0.688021875 0.2803546875 0.689890625 0.3179828125 0.704846875 0.314971875
0 0.4842765625 0.14126875 0.4866046875 0.183825 0.626940625 0.193065625 0.626365625 0.1464484375 0.4842765625 0.14126875
4 0.6246984375 0.18913437500000002 0.6238187500000001 0.1492578125 0.48237031249999995 0.14600156250000002 0.48237031249999995 0.179478125 0.6246984375 0.18913437500000002
0 0.3464421875 0.1355296875 0.3416984375 0.17830625 0.4839640625 0.1851890625 0.48305312499999997 0.13871875 0.3464421875 0.1355296875
4 0.345815625 0.134771875 0.34084375 0.18205312499999998 0.48476875 0.184628125 0.48476875 0.1402078125 0.345815625 0.134771875
0 0.6878375 0.193515625 0.706228125 0.312971875 0.9250078125 0.3202 0.883303125 0.20206249999999998 0.6878375 0.193515625
4 0.81420625 0.3134671875 0.789903125 0.2803546875 0.79364375 0.230684375 0.788034375 0.20359218750000002 0.6861515625 0.1945609375 0.70765 0.314971875 0.81420625 0.3134671875