0 1 0.24661688750000002 0.048275859375 0.1055086578125 0.0453778015625 0.1385864375 0.20111309375 0.4014872953125 0.8968398703125 0.5221878921875 1 0.39956973125 1 0.24661688750000002
4 1 0.2487481640625 0.048151112499999996 0.10693248749999999 0.0457295578125 0.1345715890625 0.19133055937500001 0.394466721875 0.876900778125 0.521972671875 1 0.4000640671875 1 0.2487481640625
0 0.7878046750000001 0.6378131734375 0.8892210453124999 0.52278638125 0.1950840328125 0.3982662203125 0.284636765625 0.5391855859375 0.7878046750000001 0.6378131734375
4 0.7942940578125001 0.6444260421875 0.8839419640624999 0.529130353125 0.19570635 0.3992080984375 0.2821902390625 0.53295295 0.7942940578125001 0.6444260421875
0 0.7285078765625 0.7040765484375 0.7826832875 0.638906734375 0.288101740625 0.5391829296874999 0.33711731093749997 0.622853778125 0.7285078765625 0.7040765484375
4 0.77440364375 0.6417361109375 0.2926116640625 0.540164028125 0.325783921875 0.6209727093749999 0.722255603125 0.7041591859375 0.77440364375 0.6417361109375
0 0.6937692015625 0.7454390453124999 0.7291549265625 0.7035148421875 0.3389515796875 0.622408009375 0.369581103125 0.6764870109375 0.6937692015625 0.7454390453124999
4 0.3362975 0.6212970375 0.3657653359375 0.678768234375 0.695256628125 0.746587059375 0.7308499265624999 0.7013050187500001 0.3362975 0.6212970375
0 0.6692458109375 0.7727737125 0.69281016875 0.7443857875 0.3748582921875 0.6780156171875 0.3963902921875 0.7122541203125 0.6692458109375 0.7727737125
4 0.3769168578125 0.68274448125 0.39627688125 0.7133741062500001 0.657370028125 0.780107465625 0.692218890625 0.74843996875 0.3769168578125 0.68274448125
0 0.4105908734375 0.744217759375 0.39650770468749996 0.71339528125 0.1348546609375 0.6583833718750001 0.176307925 0.6947076953125 0.4105908734375 0.744217759375
4 0.1757209578125 0.692955246875 0.409996228125 0.7427274265625 0.4033020109375 0.7097623828125 0.1332832546875 0.65710831875 0.1757209578125 0.692955246875
0 0.647799265625 0.796704128125 0.6669238140625 0.7716719015625 0.3979240359375 0.714695671875 0.4119537234375 0.7436472640625 0.647799265625 0.796704128125
0 0.6339680125 0.812593715625 0.6482611328125001 0.7953676640625 0.41328918437500006 0.7464134546875 0.42080429375 0.764891315625 0.6339680125 0.812593715625
4 0.41329956875 0.7487956484375 0.4238420328125 0.770656775 0.6242089359375 0.8139705953125 0.6446618734375 0.7989966 0.41329956875 0.7487956484375
4 0.66337060625 0.77142159375 0.38848749531250004 0.7147562015625 0.41660195 0.7465585328125 0.640799253125 0.799331275 0.66337060625 0.77142159375
0 0.41996192031249996 0.7650266328125 0.4116965625 0.743170653125 0.1907706828125 0.697702734375 0.22180132187499998 0.721324259375 0.41996192031249996 0.7650266328125
4 0.4199537484375 0.7663605625 0.40946982031249995 0.7413693578125 0.1870403015625 0.6960628171875001 0.22156008593749998 0.7203556921875001 0.4199537484375 0.7663605625