0 1 0.07701654531249999 0.7835575343750001 0.041242223437499996 0.5950918671875 0.353493684375 0.781270484375 0.75739765625 1 0.4403397296875 1 0.07701654531249999
4 1 0.07701654531249999 0.7807520859375 0.040778529687499995 0.7384796546875 0.1162393984375 1 0.25668168750000003 1 0.07701654531249999
0 0.6134820328125 1 0.7663345484375 0.778945390625 0.591055815625 0.37110563750000003 0.40604404218749995 0.6880611921875001 0.41083602187499996 1 0.6134820328125 1
4 0.5992282796875 0.73358179375 0.697793590625 0.8647037718749999 0.760098353125 0.78615196875 0.5954951421875 0.36744396562500004 0.5502877875000001 0.44941344375 0.5992282796875 0.73358179375
0 0.5260665546875 0.22679897031250001 0.40510865625000003 0.44998039843750004 0.4143625046875 0.6734257718750001 0.5897627984375 0.369411609375 0.5260665546875 0.22679897031250001
4 0.49197971406249996 0.3055646828125 0.5449652390625 0.446254071875 0.588647434375 0.36322953125 0.5283592890625 0.2276203765625 0.49197971406249996 0.3055646828125
0 0.4085982171875 1 0.407258615625 0.6916504546875 0.24306121875 0.9651788015625 0.240765640625 0.99302729375 0.282952034375 1 0.4085982171875 1
4 0.40834084375 1 0.4115854953125 0.6925422328125 0.3629429359375 0.7775964656250001 0.36746452343749997 1 0.40834084375 1
0 0.640456909375 0.017590082812499998 0.529320340625 0.22018464999999998 0.5966104828125001 0.35826391874999997 0.7810149234375 0.040821971875 0.640456909375 0.017590082812499998
4 0.6368910046875 0.0170006984375 0.6060364484375 0.09485675625 0.7428871890625001 0.1123394078125 0.7819550265624999 0.0409773546875 0.6368910046875 0.0170006984375
0 0.2899485125 0.65865965625 0.247599684375 0.955411975 0.4060049546875 0.6896497562499999 0.40497003906250006 0.455268771875 0.2899485125 0.65865965625
0 0.24066797499999998 0.9704040578124999 0.2901591578125 0.6611762265625 0.187239215625 0.84505633125 0.1544746359375 0.978764834375 0.22715078281249998 0.9907769859375 0.24066797499999998 0.9704040578124999
4 0.2513236546875 0.9547674890625 0.2861198875 0.6676953125 0.2395911625 0.733982309375 0.20607014375000002 0.987292709375 0.214666096875 0.988713478125 0.2513236546875 0.9547674890625
0 0.23043715625 0.6466694125 0.18424060312499999 0.8484208125 0.288171784375 0.66242820625 0.31801941562499997 0.48408309843749997 0.23043715625 0.6466694125
4 0.295855934375 0.6569758593749999 0.3199890984375 0.46472212968750004 0.2860006203125 0.5176687203125 0.25293100156250004 0.7069505234375 0.295855934375 0.6569758593749999
0 0.4044503828125 0.32856785781250003 0.40667071874999994 0.44411886093749997 0.5276746906249999 0.2259540796875 0.4964944078125 0.15324869531250002 0.4044503828125 0.32856785781250003
0 0.317850084375 0.48531510625 0.29212508125 0.653496909375 0.40482531093749996 0.45638285156249997 0.4034425546875 0.331440203125 0.317850084375 0.48531510625
4 0.3590448359375 0.5393409828125 0.35233761406249997 0.7713716890625 0.4068474453125 0.6840170578125 0.40341496718750003 0.459117653125 0.3590448359375 0.5393409828125
4 0.36810468125 0.3931385 0.37443924375000004 0.5069533093749999 0.4031883984375 0.45527836875 0.403409240625 0.3333829546875 0.36810468125 0.3931385