0 1 0.2777963 0.44148059999999995 0.130348715625 0.0282618734375 0.61258119375 0.039085209375 0.81910274375 0.36414573125 0.7944560187499999 0.6031203359374999 0.7549751515625001 1 0.628606175 1 0.2777963
4 0.70546875 0.24609375 0.5875 0.2578125
4 1 0.358872634375 0.13247011718749999 0.8107020796875 0.3471045265625 0.7965774515625 0.612169234375 0.6977016328125 1 0.5514220328125 1 0.358872634375
4 0.37265625 0.3671875 0.084375 0.053125
4 0.20859375 0.47734375 0.171875 0.134375
4 0.6546875 0.4890625 0.178125 0.034375
4 0.50859375 0.475 0.0875 0.0375
4 0.5046875 0.50703125 0.403125 0.046875
4 0.3984375 0.5359375 0.2265625 0.0296875
4 0.1390625 0.5609375 0.1625 0.028125
4 0.115625 0.61640625 0.178125 0.09375
4 0.87265625 0.4515625 0.115625 0.059375
4 0.93828125 0.5 0.075 0.03125
4 0.85625 0.52109375 0.05 0.04375
4 1 0.5495181734375 0.44864662656250004 0.7612196890625 0.6140612125 0.75184775 1 0.6288293078125 1 0.5495181734375
4 0.8484375 0.55625 0.175 0.034375
4 0.77890625 0.59140625 0.140625 0.0375
4 0.64609375 0.6078125 0.125 0.0234375
4 0.49765625 0.58671875 0.1875 0.05
4 0.10703125 0.69140625 0.103125 0.021875
4 0.2140625 0.6859375 0.06875 0.04375