0 0.0508281484375 0 0.0131864640625 0.2798574828125 0.1133637296875 0.7111060546875 0.49902887968750004 0.7378520156249999 0.5903296640625 0 0.0508281484375 0
4 0.0508281484375 0 0.0100925484375 0.3028600546875 0.11360337499999999 0.6992709453125 0.4942491578125 0.72851100625 0.582788640625 0 0.0508281484375 0
0 0.5992088046874999 0 0.5053608125 0.736238796875 0.88947843125 0.7681575453125 1 0.536236478125 1 0.04152744375 0.6775806421875 0 0.5992088046874999 0
4 0.605933859375 0 0.5144511781250001 0.7282863140625 0.8812232015625 0.76415436875 1 0.5226254531250001 1 0.04152744375 0.6775806375 0 0.605933859375 0
0 0.23546004687500002 0.7185508546875 0.24846708906249998 0.8479268796874999 0.46983429687499995 0.8660702796875 0.4836345046875 0.73386926875 0.23546004687500002 0.7185508546875
4 0.241193475 0.71570448125 0.2585224765625 0.8444330796875 0.4661373140625 0.869053734375 0.4798229046875 0.737959721875 0.241193475 0.71570448125
0 0 0.7509535171875 0.03035631875 0.8353760421875001 0.241422515625 0.8477793890624999 0.230773940625 0.71739498125 0 0.7033680578125 0 0.7509535171875
4 0 0.74667941875 0.0324147796875 0.8301507140625001 0.24111490937500002 0.849964428125 0.22897368906249999 0.71201055625 0 0.7062591078125 0 0.74667941875
0 0.486632209375 0.736275915625 0.47419791250000004 0.8629342734375 0.686292728125 0.88094169375 0.7203239031249999 0.7563154453125 0.486632209375 0.736275915625
4 0.5725703906249999 0.8423668328125 0.4957955703125 0.8109984296875 0.489113996875 0.753960575 0.47145543749999996 0.8623889374999999 0.6813743359375 0.8795123406249999 0.7210219546875 0.752438021875 0.7053335125 0.7471121078125 0.697857471875 0.7874554125000001 0.6370183984375 0.83579664375 0.5725703906249999 0.8423668328125
0 0.46668474687500006 0.8636457921874999 0.4579981734375 0.90924301875 0.6119466671875 0.923385509375 0.61933245625 0.8731628562499999 0.46668474687500006 0.8636457921874999
4 0.6096084328125 0.9200003593750001 0.6163444203124999 0.8770935218749999 0.461488465625 0.867748290625 0.45662980624999994 0.9038713390625001 0.6096084328125 0.9200003593750001
0 0.3096496265625 0.849477953125 0.30855578906250003 0.896294965625 0.456308996875 0.9118247140625 0.46403566874999996 0.8618071953124999 0.3096496265625 0.849477953125
4 0.3092719328125 0.8453161796875 0.3077702578125 0.8970256781250001 0.45837485625 0.9104561796875 0.46482185 0.8625242234374999 0.3092719328125 0.8453161796875
0 0.7222209109375 0.75478794375 0.68505519375 0.881133921875 0.897041609375 0.8990553421874999 0.9591525437499999 0.777369953125 0.7222209109375 0.75478794375
4 0.7240442109375 0.7528272890625 0.683389171875 0.8797718515625 0.7945473328125 0.8841749218749999 0.8045272718750001 0.855719928125 0.8077031859374999 0.8016034812499999 0.8387120046875 0.7692482078125 0.7240442109375 0.7528272890625