0 0.281486321875 0 0.13340685624999998 0.5609129078125 0.609611428125 0.9689664 0.8135514593750001 0.9582783562499999 0.78921281875 0.6372810906249999 0.7502254625 0.40129366875 0.6224510390625 0 0.281486321875 0
4 0.24765625 0.2953125 0.2546875 0.590625
4 0.3541915109375 0 0.8052558031249999 0.866060759375 0.7913077328125 0.6541092796875 0.6936678625 0.39235788125000004 0.545680753125 0 0.3541915109375 0
4 0.3671875 0.62890625 0.053125 0.0828125
4 0.47578125 0.790625 0.1328125 0.1703125
4 0.4875 0.35 0.034375 0.1765625
4 0.4734375 0.49453125 0.0375 0.0875
4 0.50546875 0.4984375 0.046875 0.3984375
4 0.53359375 0.603125 0.0296875 0.2234375
4 0.55859375 0.859375 0.028125 0.1609375
4 0.61328125 0.8828125 0.0921875 0.1765625
4 0.45078125 0.13515625 0.059375 0.1140625
4 0.4984375 0.0703125 0.03125 0.0734375
4 0.51953125 0.1515625 0.0421875 0.0484375
4 0.54373700625 0 0.7563919421875 0.55383645625 0.747137153125 0.390489553125 0.62266815 0 0.54373700625 0
4 0.55390625 0.159375 0.034375 0.1734375
4 0.5890625 0.22734375 0.0375 0.1390625
4 0.6046875 0.35859375 0.0234375 0.1234375
4 0.584375 0.50546875 0.05 0.184375
4 0.6875 0.89140625 0.021875 0.1015625
4 0.68203125 0.78515625 0.0421875 0.06875