0 0.1454958921875 0 0.05291199375 0.0005386375 0 0.2880331234375 0 0.317833703125 0.3879729265625 0.7607246937500001 0.41502629375 0.431194096875 0.1565341203125 0 0.1454958921875 0
0 0.15884212343749998 0 0.412427353125 0.425278253125 0.43112147500000003 0.21282171249999998 0.3268417953125 0 0.15884212343749998 0
4 0.14549580625 0 0.11037950781250001 0.0002043 0.162516325 0.0953040109375 0.2514898484375 0.24295722187500002 0.3115835984375 0.3562869046875 0.37377016093750004 0.3817550328125 0.3558082546875 0.33591753281250003 0.152782428125 0 0.14549580625 0
0 0.6058078140625 1 0.5930435843749999 0.7271259265625 0.41703221562500004 0.4377383734375 0.391392284375 0.7610997359375 0.5943345812499999 1 0.6058078140625 1
0 0.433204065625 0.2162891984375 0.415153228125 0.4305329109375 0.5945415374999999 0.7162411703125 0.5837995578124999 0.5163012390625 0.433204065625 0.2162891984375
4 0.459549703125 0.5658875343750001 0.5019529890625 0.603222159375 0.527721221875 0.6066348875 0.41845763125 0.4354278765625 0.41577212656249996 0.50732783125 0.459549703125 0.5658875343750001
4 0.7451236671875 0.8385956421874999 0.7826684890625 0.9096345328125001 0.7589085359375 0.7121263109375 0.616091121875 0.3822509453125 0.6164487296875001 0.4032236703125 0.634336484375 0.48938613750000004 0.6601045234375 0.53273148125 0.672155159375 0.5646660109375 0.659041903125 0.572888325 0.6602233578125001 0.606581040625 0.66671544375 0.640063440625 0.6882078640625 0.6378833390625 0.70017915625 0.7046226171875001 0.731426709375 0.7812231734374999 0.7451236671875 0.8385956421874999
0 0.806849234375 1 0.7966596906250001 0.937362078125 0.682183115625 0.7125927140625 0.6983808359375 0.9024511640625 0.7593793625 1 0.806849234375 1
4 0.8056466734375001 1 0.795182003125 0.9333155765625 0.6807127953125 0.7072521 0.7014341140625 0.9040837515625 0.7587325140625001 1 0.8056466734375001 1
0 0.7108134390624999 1 0.6999927640625 0.9064998359375 0.5924730890625 0.7285250453125001 0.6094856546874999 1 0.7108134390624999 1
0 0.7578825921875 1 0.701325771875 0.907893178125 0.7122243703125 1 0.7578825921875 1
0 0.5836655359375 0.5210767578125 0.5929257109375 0.7243176296875 0.7014561953125 0.9029852015625 0.683463534375 0.7113360703125 0.5836655359375 0.5210767578125