0 0.1757727140625 1 0.34997725156250004 0.9613672281250001 0.2917660828125 0.48193495625000005 0.09662044843749999 0.6743101953124999 0.1166143484375 0.9936252484375 0.15587492812499998 1 0.1757727140625 1
4 0.3384811921875 0.9187457531250001 0.3083856859375 0.9226051562500001 0.313195353125 0.9210834546875001 0.32342380625 0.84413950625 0.29575830000000003 0.784979796875 0.22108167812500001 0.7859752421875 0.1862927609375 0.7344049171875 0.142315396875 0.6966498750000001 0.09698859843749999 0.73083878125 0.11385524375 0.9931772515624999 0.1356285328125 0.9967125875 0.3155635046875 0.9653175671875 0.34415885625 0.9590280812499999 0.3384811921875 0.9187457531250001
0 0 0.9598737203125 0.0003725375 0.9747510359374999 0.11320435312499999 0.9930715687499999 0.093325209375 0.6823300640625 0 0.7767432671875001 0 0.9598737203125
4 0.0703125 0.83984375 0.140625 0.3078125
0 0 0.764750325 0.09225817187499999 0.6710101703125 0.0716875703125 0.395961696875 0 0.519638059375 0 0.764750325
4 0.0578125 0.6015625 0.115625 0.35
0 0 0.5108754156249999 0.070596284375 0.3893378515625 0.0546944390625 0.14633435156250002 0 0.2860174765625 0 0.5108754156249999
4 0.053125 0.3359375 0.10625 0.39375
0 0.9680093140625001 0.18945208281249998 0.9323272984375001 0.0898121734375 0.8995982015624999 0.0838943234375 0.714174940625 0.0537870984375 0.3023663734375 0.4666796296875 0.3663067140625 0.956216021875 0.9750319640624999 0.8327943031249999 0.9910747796875 0.5854708453125 0.9680093140625001 0.18945208281249998
4 0.878125 0.75390625 0.0515625 0.06875
4 0.74140625 0.49140625 0.3875 0.396875
0 0.2389330078125 0.0965895234375 0.0724043265625 0.3875029890625 0.093853409375 0.665752628125 0.288373275 0.466558609375 0.2389330078125 0.0965895234375
4 0.178125 0.50234375 0.128125 0.121875
4 0.1921875 0.3390625 0.14375 0.1125
0 0.11205141874999999 0 0.055366428125 0.141572865625 0.07470079375000001 0.37541310625 0.2372316078125 0.078424459375 0.225481090625 0.0043302374999999995 0.119209453125 0 0.11205141874999999 0
4 0.1578125 0.1171875 0.084375 0.125
4 0.71953125 0.1171875 0.10625 0.10625
4 0.38125 0.55625 0.14375 0.2078125
0 0.6509029390625 0.0435136078125 0.4712602046875 0.014344967187499998 0.2807651109375 0.0065828875 0.24198013281250003 0.06880620468750001 0.29650865937500004 0.456655903125 0.6897532171874999 0.050190029687500005 0.6509029390625 0.0435136078125
4 0.29609375 0.06796875 0.084375 0.1203125