0 0.5839457265625 0 0.278049153125 0.1157576265625 0.300705084375 0.500723728125 1 0.49330824843750004 1 0 0.5839457265625 0
4 0.5690350078125 0 0.2897745765625 0.1144203390625 0.30932711875 0.4947542375 1 0.485928303125 1 0 0.5690350078125 0
0 1 0.5019447765625 0.303105084375 0.5067711859374999 0.3204525421875 0.8908949156249999 0.6587333890625 1 1 1 1 0.5019447765625
4 1 0.508680975 0.3121203390625 0.5147033890625 0.3233576265625 0.8821983046874999 0.67368610625 1 1 1 1 0.508680975
0 0.28623220312500003 0.2374966109375 0.1600440671875 0.2675694921875 0.17028983125 0.48890677968749996 0.30268135625000003 0.48496949218749996 0.28623220312500003 0.2374966109375
4 0.2897745765625 0.2427881359375 0.164776271875 0.277049153125 0.1668711859375 0.48564745781249996 0.29815423750000003 0.48174406718749996 0.2897745765625 0.2427881359375
0 0.2414983953125 0 0.144686440625 0.0501966109375 0.15929322031249998 0.2605830515625 0.286777965625 0.232708475 0.27109091875 0 0.2414983953125 0
4 0.24367738437500003 0 0.1501118640625 0.051537287499999994 0.157094915625 0.26056949218750003 0.29186949218749997 0.2302118640625 0.26810066093749996 0 0.24367738437500003 0
0 0.3006847453125 0.48825423749999997 0.1739440671875 0.49280508437500004 0.1831440671875 0.7049542375 0.3106254234375 0.722032203125 0.3006847453125 0.48825423749999997
4 0.276994915625 0.7039559328125 0.2214830515625 0.6502186437499999 0.20678813593749998 0.5873559328125 0.22801355937499998 0.5072559328125 0.2835254234375 0.4930610171875 0.1741338984375 0.49002033906250003 0.1839305078125 0.6999 0.3145457625 0.7222067796875 0.3178118640625 0.7059830515625001 0.276994915625 0.7039559328125
0 0.1722847453125 0.48546949218749996 0.126122034375 0.4829440671875 0.131740678125 0.6370745765625 0.182308475 0.6376983046875 0.1722847453125 0.48546949218749996
4 0.1347881359375 0.6343118640625 0.17804406718750002 0.6352661015625001 0.1675694921875 0.480876271875 0.1312559328125 0.480876271875 0.1347881359375 0.6343118640625
0 0.1662983046875 0.32828305156250004 0.1198966109375 0.3334288140625 0.12335593281249999 0.4816169484375 0.17376440625 0.482605084375 0.1662983046875 0.32828305156250004
4 0.17036271249999999 0.32735593281250003 0.1190745765625 0.33274915312500003 0.1249711859375 0.483477965625 0.1731559328125 0.483477965625 0.17036271249999999 0.32735593281250003
0 0.312376271875 0.7237050843749999 0.1827966109375 0.7037559328125 0.192067796875 0.915786440625 0.32021694843750004 0.9610254234375001 0.312376271875 0.7237050843749999
4 0.276994915625 0.8144711859375 0.312913559375 0.8408338984375 0.3145457625 0.7252474578125 0.1839305078125 0.70192711875 0.19372711874999998 0.8124440671875 0.22311525468750001 0.8185288140625 0.276994915625 0.8144711859375