0 0.0030671875 0.197684375 0.004321875 0.34702968749999996 0.434725 0.8299312499999999 0.9964609375 0.6801625 1 0.397365625 0.5623390625 0.2594609375 0.3429578125 0.223403125 0.0030671875 0.197684375
4 0.70546875 0.725 0.5890625 0.215625
4 0.996671875 0.4697984375 0.572425 0.31176875000000004 0.3273359375 0.221465625 0.1309796875 0.208565625 0.9984375 0.6525531250000001 0.996671875 0.4697984375
4 0.3640625 0.61328125 0.071875 0.0453125
4 0.2109375 0.51328125 0.15 0.1171875
4 0.61875 0.50234375 0.1625 0.0265625
4 0.48515625 0.51640625 0.0796875 0.0328125
4 0.48046875 0.4859375 0.3671875 0.03125
4 0.3828125 0.459375 0.20625 0.021875
4 0.1453125 0.43671875 0.146875 0.0203125
4 0.1171875 0.38515625 0.165625 0.0796875
4 0.81796875 0.53671875 0.1015625 0.0515625
4 0.8765625 0.4921875 0.065625 0.025
4 0.8 0.47265625 0.04375 0.0359375
4 0.572425 0.2623171875 0.42114531250000004 0.2537578125 0.996671875 0.47194843750000004 0.9984375 0.3966953125 0.572425 0.2623171875
4 0.7921875 0.440625 0.159375 0.025
4 0.72890625 0.40859375 0.1265625 0.0296875
4 0.60625 0.39375 0.1125 0.01875
4 0.47109375 0.4125 0.1671875 0.040625
4 0.11171875 0.31796875 0.0921875 0.0171875
4 0.209375 0.32265625 0.0625 0.0359375