0 0.992445265625 0.202861509375 0.6830781828125 0.21585724218750002 0.534547503125 0.6969506062499999 0.7582349625 0.9249291765625 0.98314774375 0.431039040625 0.992445265625 0.202861509375
4 0.7683106640624999 0.225207171875 0.684128053125 0.22295475625 0.5378111546875 0.6911544171874999 0.5867513609375 0.744874459375 0.7683106640624999 0.225207171875
0 0.42865312343750006 0.3430454890625 0.3854490890625 0.517770696875 0.5422832046875 0.6654871640625 0.6288901296875 0.3918367015625 0.42865312343750006 0.3430454890625
4 0.4319691203125 0.4547089578125 0.45925819375000004 0.3682528609375 0.46490234375000006 0.3578814875 0.42563843749999997 0.34384369531250003 0.3859402765625 0.518388453125 0.41011032187499996 0.54732558125 0.41519475781250004 0.5317460281249999 0.4319691203125 0.4547089578125
0 0.5437659421875 0.66934531875 0.382654565625 0.5209257328125 0.34484243124999997 0.6721629421875 0.4690930171875 0.8885359234375001 0.5437659421875 0.66934531875
4 0.3799431296875 0.5240699640625001 0.34069779375000003 0.6732067500000001 0.362710446875 0.7042731 0.36830178281250003 0.6785946171874999 0.373307984375 0.64005374375 0.3889619109375 0.6303609671875 0.39588458593750003 0.5985682531250001 0.40248846250000003 0.5526899750000001 0.3799431296875 0.5240699640625001
0 0.427656 0.3385406703125 0.6287910078125 0.38332363593749996 0.7363190171875 0.0470786671875 0.7240239640625 0.044678864062500004 0.4750102078125 0.1330759671875 0.427656 0.3385406703125
4 0.45387267031249995 0.342830171875 0.4664350546875 0.31064352031250003 0.501259446875 0.16893319375 0.4979443734375 0.1276753890625 0.475068871875 0.13435919375 0.4281830359375 0.33816725625 0.45387267031249995 0.342830171875
0 0.4736281390625 0.1350896640625 0.3681807640625 0.17335768437500002 0.339499096875 0.31760124375 0.4271903078125 0.3382538578125 0.4736281390625 0.1350896640625
0 0.42527065625000005 0.3430608640625 0.3399021625 0.32032311875 0.311837271875 0.449606446875 0.38357872187500003 0.515291065625 0.42527065625000005 0.3430608640625
0 0.38429954843749997 0.5182607484374999 0.3126395078125 0.44939821875 0.28597108125 0.5699199312500001 0.345507203125 0.6727250640625 0.38429954843749997 0.5182607484374999
0 0.28856037031250004 0.56946093125 0.2652044578125 0.6767240875 0.311654290625 0.8131100218749999 0.3478271578125 0.676283859375 0.28856037031250004 0.56946093125
0 0.2658014625 0.679737159375 0.24433375625 0.7808545921875 0.2825767421875 0.9378517203125 0.31113117031250004 0.816833384375 0.2658014625 0.679737159375
4 0.3656694109375 0.17187732656250002 0.24531131562500003 0.777511546875 0.251059125 0.8056918703125 0.39589977187500003 0.165252984375 0.3656694109375 0.17187732656250002