4 1 0.27092185 0.9768534750000001 0.022624890624999998 0.9360727953125 0.0209632046875 0.8515878718750001 0.0399158140625 0.7334092671875 0.041501240625000005 0.73906589375 0.1137204140625 0.6981571421874999 0.1364466234375 0.6433713859375 0.07954876562499999 0.5980645296875 0.08971424375 0.5601010750000001 0.1671142015625 0.5434247171875 0.2766931328125 0.5267915234375 0.2828979203125 0.427351146875 0.8547191703125 0.443084315625 0.9196545046875 0.46844900625 0.9724955671875 0.511471425 0.9609035109375 0.53946286875 0.91500604375 0.5770824703125 0.9377730281250001 0.57480033125 1 1 1 1 0.27092185
4 0.69140625 0.259375 0.078125 0.06875
4 0.88515625 0.4625 0.065625 0.0703125
4 0.91953125 0.69453125 0.09375 0.0703125
4 0.98984375 0.51328125 0.0203125 0.103125
4 0.64765625 0.99140625 0.115625 0.0171875
4 0.6640625 0.62109375 0.06875 0.071875
4 0.590625 0.28671875 0.05 0.05
4 0.63984375 0.509375 0.05 0.046875
4 0.5359375 0.6265625 0.0734375 0.0625
4 0.5453125 0.74609375 0.0375 0.0453125
4 0.6359375 0.8953125 0.090625 0.115625
4 0.93984375 0.05703125 0.05 0.046875
4 0.89765625 0.5484375 0.14375 0.109375
4 0.78828125 0.6171875 0.0734375 0.109375
4 0.790625 0.35078125 0.05625 0.084375
4 0.84140625 0.25703125 0.078125 0.1203125
4 0.596875 0.70859375 0.0625 0.078125
4 0.58515625 0.5640625 0.078125 0.075
4 0.57109375 0.396875 0.040625 0.065625
4 0.92265625 0.96875 0.0515625 0.0625
4 0.9234375 0.84921875 0.053125 0.075
4 0.98203125 0.67890625 0.0359375 0.1265625
4 0.85078125 0.72265625 0.065625 0.0578125