0 0.43552090000000004 0.7352167609375 0.827579634375 0.7205692015625 0.8113706453124999 0.571582178125 0.359843715625 0.5867614921875 0.43552090000000004 0.7352167609375
4 0.5953125 0.65703125 0.475 0.2171875
0 0.053345881250000005 0.73922421875 0.42558035 0.7303326703125 0.3557386421875 0.5876737109375 0.03432655625 0.5968514093749999 0.053345881250000005 0.73922421875
4 0.2296875 0.66015625 0.390625 0.19375
0 0.246272878125 0.3610887046875 0.017075782812500002 0.3666239203125 0.0243046453125 0.5218304734375 0.034139665624999996 0.595452409375 0.352393146875 0.5805158078125 0.246272878125 0.3610887046875
4 0.1875 0.49921875 0.340625 0.2484375
0 0.2503540171875 0.36279665625 0.3592140296875 0.585999875 0.8108062859375 0.5692828953125 0.7861067984375001 0.34495854531250003 0.2503540171875 0.36279665625
4 0.5375 0.4828125 0.5515625 0.2734375
0 0.771423753125 0.3421811796875 0.7319630984375001 0.029825210937500003 0.478169528125 0.019483915625 0.0019484687500000001 0.0418344125 0.017059321875 0.3662704875 0.771423753125 0.3421811796875
4 0.38671875 0.1984375 0.7734375 0.396875
0 0.9969947906250001 0.329705715625 0.9581655874999999 0.039042256250000004 0.7439612484375 0.0303140984375 0.78411874375 0.3456946765625 0.9969947906250001 0.329705715625
4 0.86796875 0.1875 0.2578125 0.3140625
1 1 0.352201790625 0.9973695156250001 0.3325107953125 0.790190171875 0.3495285125 0.81561030625 0.5690874609375001 1 0.5619965312499999 1 0.352201790625
1 1 0.5650750953125 0.8175330046875 0.5731874859375 0.8345757687500001 0.724383284375 1 0.716619425 1 0.5650750953125