0 0.0724864171875 0 0 0.012001671875 0 0.342962096875 0.4157516890625 0.42508589375000005 0.7446597390624999 0.08628514375 0.4158903484375 0 0.0724864171875 0
4 0.0724864265625 0 0 0.012001671875 0 0.34710572968750003 0.1272114203125 0.36791356406250003 0.1737563703125 0 0.0724864265625 0
0 1 0.153630725 0.7715870328125 0.0934168875 0.434678153125 0.42263215625 0.817679646875 0.49237700625 1 0.420522834375 1 0.153630725
4 0.429385165625 0.41949317812500003 0.52743949375 0.434854896875 0.789792525 0.27965157500000004 0.882187115625 0.131021378125 0.781060865625 0.097059859375 0.429385165625 0.41949317812500003
0 0.316589421875 0.5421294234375 0.5827622625 0.5817965187499999 0.800079221875 0.48938404062499996 0.433491859375 0.4245722515625 0.316589421875 0.5421294234375
4 0.4072830703125 0.5474100140625 0.526325115625 0.44142381718749996 0.4278034875 0.42800004999999997 0.3165362953125 0.539500290625 0.4072830703125 0.5474100140625
0 1 0.42150163125000006 0.8207683953125 0.48981214375000004 1 0.5247619234374999 1 0.42150163125000006
4 1 0.41962607343749997 0.82001751875 0.48509506875 0.9224159609375 0.5027923796875 1 0.4717588484375 1 0.41962607343749997
0 0 0.4414288203125 0.010816662500000001 0.49530326406249997 0.3088258359375 0.5412893109375 0.41989278125 0.421774009375 0 0.3462338796875 0 0.4414288203125
4 0 0.46659242812499996 0.0057431999999999995 0.5061280578125 0.1560396375 0.5101026921875 0.1216949171875 0.364895371875 0 0.3462242390625 0 0.46659242812499996
0 1 0.52647378125 0.8192642031249999 0.49182630781250003 0.58804049375 0.5799718515625 0.8324171874999999 0.62097610625 1 0.58447621875 1 0.52647378125
0 1 0.5868448984375 0.83482459375 0.6198274328125 1 0.6467823546875 1 0.5868448984375
4 1 0.583676878125 0.8427903593750001 0.62149909375 0.92584576875 0.644027790625 1 0.6270647109375 1 0.583676878125
0 1 0.647888025 0.8368114421874999 0.6213765828125 0.6493130046875 0.65739676875 0.8430165609375001 0.6857519015625 1 0.6653704828125 1 0.647888025
4 0.8285249531250001 0.6156140984375 0.62943761875 0.6625948984375001 0.694579840625 0.6773702390625 0.894101221875 0.640551725 0.8285249531250001 0.6156140984375
0 0.46303132187499996 0.6275809421874999 0.576380703125 0.5823913859375 0.315147903125 0.5408133953125 0.2550622234375 0.5994349578125 0.46303132187499996 0.6275809421874999
0 0.6505943421875 0.657110584375 0.8264943734375001 0.62068844375 0.5891960140625 0.5797045484375001 0.466249915625 0.6275351 0.6505943421875 0.657110584375
4 0.6884435046874999 0.595279790625 0.92026506875 0.5158549859375 0.81338020625 0.49306549375 0.5924305249999999 0.5801178046875 0.6884435046874999 0.595279790625
4 0.54054953125 0.6404260171875 0.6506313031250001 0.5917114906250001 0.5887220265625001 0.5817741359374999 0.46818229999999994 0.62684693125 0.54054953125 0.6404260171875