4 1 0.3599061515625 0.9466941515625 0.383900159375 0.9123222984374999 0.357520209375 0.94547904375 0.31396363125 0.94134083125 0.2694662671875 0.8831250031250001 0.2659560078125 0.8169571687499999 0.2760246875 0.3171075421875 0.5864174281250001 0.3170969328125 0.60427700625 0.22048189062499998 0.6615410390625 0.1613515890625 0.7263843078125001 0.1676182015625 0.7724668078125 0.23986497343750002 0.8018433125 0.2328609546875 0.848611234375 0.16339209375 0.8708416765625 0.2030392125 0.9815501921875001 0.2042998578125 0.990818009375 0.590489309375 0.9705786765625 1 0.846111678125 1 0.3599061515625
4 0.35234375 0.74921875 0.075 0.084375
4 0.609375 0.8515625 0.0734375 0.0734375
4 0.83828125 0.79609375 0.078125 0.1015625
4 0.69609375 0.9328125 0.0984375 0.0390625
4 0.68046875 0.5859375 0.0765625 0.078125
4 0.3421875 0.64453125 0.0546875 0.05625
4 0.56796875 0.60546875 0.0515625 0.0546875
4 0.6421875 0.4640625 0.0671875 0.0796875
4 0.75546875 0.42734375 0.046875 0.0421875
4 0.92734375 0.4546875 0.121875 0.1046875
4 0.69453125 0.83046875 0.125 0.15625
4 0.7203125 0.70234375 0.1125 0.0859375
4 0.471875 0.80703125 0.0875 0.06875
4 0.40234375 0.88984375 0.1265625 0.09375
4 0.7390625 0.48984375 0.08125 0.0734375
4 0.6 0.534375 0.08125 0.0875
4 0.4390625 0.584375 0.0703125 0.05
4 0.97265625 0.73984375 0.0546875 0.0640625
4 0.8515625 0.87109375 0.1265625 0.0734375
4 0.83984375 0.721875 0.0609375 0.071875