0 0.52409968125 0 0.2717483328125 0.095495 0.2940266671875 0.474045 1 0.4665587015625 1 0 0.52409968125 0
4 0.5131391062499999 0 0.28327833281250003 0.09418 0.30250499999999997 0.468175 1 0.45926188593750006 1 0 0.5131391062499999 0
0 1 0.475118728125 0.2963866671875 0.47999166718749997 0.31344500000000003 0.8577133328125001 0.754605503125 1 1 1 1 0.475118728125
4 1 0.4817091171875 0.30525166718749996 0.4877916671875 0.31630166718749997 0.8491616671875001 0.76487725 1 1 1 1 0.4817091171875
0 0.279795 0.215205 0.15571 0.24477666718750002 0.16578500000000002 0.462425 0.29597 0.4585533328125 0.279795 0.215205
4 0.28327833281250003 0.2204083328125 0.16036333281249998 0.2540983328125 0.16242333281250002 0.45922 0.2915183328125 0.45538166718750006 0.28327833281250003 0.2204083328125
0 0.200448075 0 0.14060833281250001 0.031026667187500002 0.1549716671875 0.2379066671875 0.2803316671875 0.21049666718750001 0.2661419328125 0 0.200448075 0
4 0.2046654140625 0 0.1459433328125 0.032345 0.15281 0.2378933328125 0.2853383328125 0.2080416671875 0.2638585234375 0 0.2046654140625 0
0 0.2940066671875 0.4617833328125 0.1693783328125 0.46625833281249995 0.178425 0.6748716671875 0.3037816671875 0.691665 0.2940066671875 0.4617833328125
4 0.2707116671875 0.67389 0.21612499999999998 0.6210483328125 0.201675 0.5592333328125 0.2225466671875 0.4804683328125 0.27713333281249997 0.46651 0.16956500000000002 0.46352000000000004 0.1791983328125 0.6699016671875 0.3076366671875 0.6918366671875 0.3108483328125 0.6758833328125 0.2707116671875 0.67389
0 0.1677466671875 0.459045 0.1223533328125 0.4565616671875 0.1278783328125 0.6081233328125 0.17760333281250001 0.6087366671875001 0.1677466671875 0.459045
4 0.13087500000000002 0.6054066671875 0.17341 0.6063449999999999 0.16311 0.45452833281249994 0.12740166718749998 0.45452833281249994 0.13087500000000002 0.6054066671875
0 0.16186 0.3044783328125 0.1162316671875 0.3095383328125 0.11963333281249999 0.45525666718749996 0.16920166718750002 0.45622833281249997 0.16186 0.3044783328125
4 0.1658566671875 0.30356666718750003 0.11542333281249999 0.30887 0.1212216671875 0.45708666718749996 0.1686033328125 0.45708666718749996 0.1658566671875 0.30356666718750003
0 0.3055033328125 0.69331 0.1780833328125 0.6736933328125 0.1872 0.8821899999999999 0.3132133328125 0.926675 0.3055033328125 0.69331
4 0.2707116671875 0.7825633328125 0.30603166718749997 0.8084866671875 0.3076366671875 0.6948266671875001 0.1791983328125 0.671895 0.1888316671875 0.78057 0.21772999999999998 0.7865533328125001 0.2707116671875 0.7825633328125