4 0 0.45447777812499995 0.004359084375 0.457458978125 0.0786315328125 0.45473507968750004 0.1013228796875 0.49222970000000005 0.0555778953125 0.5201281484375 0.0440243515625 0.563007634375 0.0966898625 0.5882880578125 0.161409465625 0.60396895625 0.7313309765625 0.504858946875 0.73751515 0.48828101406249996 0.8467300312500001 0.4716600578125 0.923872846875 0.433822728125 0.9340045531250001 0.3886663921875 0.877295725 0.33406265 0.8999464312500001 0.2932898078125 0.9719256749999999 0.298927640625 0.9735058343749999 0.18114165625 0.9923954765625 0.0969374140625 0.9907393125 0.05629221718750001 0.48919275156250003 0.0095374765625 0 0.02377153125 0 0.45447777812499995
4 0.7546875 0.340625 0.06875 0.078125
4 0.55234375 0.14765625 0.06875 0.065625
4 0.32109375 0.1140625 0.06875 0.09375
4 0.5015625 0.0296875 0.103125 0.04375
4 0.0109375 0.28359375 0.021875 0.071875
4 0.0171875 0.38515625 0.034375 0.1140625
4 0.39453125 0.36796875 0.071875 0.06875
4 0.72734375 0.44140625 0.05 0.05
4 0.50546875 0.3921875 0.046875 0.05
4 0.3890625 0.49609375 0.0625 0.0734375
4 0.2703125 0.48671875 0.04375 0.0375
4 0.12109375 0.39609375 0.115625 0.090625
4 0.95703125 0.09296875 0.046875 0.05
4 0.46640625 0.13515625 0.109375 0.14375
4 0.39765625 0.24453125 0.109375 0.0734375
4 0.66328125 0.24140625 0.0828125 0.05625
4 0.7578125 0.19140625 0.11875 0.078125
4 0.30703125 0.43515625 0.078125 0.0625
4 0.45078125 0.446875 0.075 0.078125
4 0.61796875 0.4609375 0.065625 0.040625
4 0.0453125 0.11015625 0.065625 0.0515625
4 0.1671875 0.109375 0.075 0.053125
4 0.0125 0.20703125 0.025 0.071875
4 0.3359375 0.03984375 0.1265625 0.0546875
4 0.29296875 0.18203125 0.05625 0.065625