0 0.6921000625 1 0.9947772296874999 0.9442937062500001 0.9953760953125 0.841357340625 0.5668133656250001 0.5844426203124999 0.23934233593749998 0.6113269046875 0.6830326062500001 1 0.6921000625 1
0 0.5726922359375 0.5870253171875001 0.9953893953125 0.8390714906250001 0.9963579656249999 0.6725882296875 0.7838209234375 0.568448034375 0.5726922359375 0.5870253171875001
4 0.7538737609374999 0.7469569625 0.9006041390625 0.8353744015625001 0.9951094765624999 0.8871853640625 0.9953544796875 0.845072834375 0.6614944515625 0.643290546875 0.6159434359375 0.625440903125 0.6412523890624999 0.6872387984375 0.7538737609374999 0.7469569625
0 0 0.40492768906250004 0.23896963750000003 0.6079289171875 0.560309990625 0.5824492359375 0.2727311109375 0.4075379375 0 0.39478039531250003 0 0.40492768906250004
0 0.5674704203125 0.5843164796875 0.780375109375 0.566378459375 0.48223814374999996 0.41672418906250003 0.2835478375 0.406049346875 0.5674704203125 0.5843164796875
4 0.49115546718749997 0.5837014500000001 0.5626060484375001 0.5810327296875 0.39246908125 0.4724520359375 0.3958604796875 0.4980592171875 0.4329617625 0.5401974828125 0.49115546718749997 0.5837014500000001
4 0.6154506234375 0.384634446875 0.287636978125 0.2427096421875 0.0913631828125 0.21909818906249998 0.16195808125 0.25640835625 0.218971971875 0.2700197078125 0.2950937734375 0.30107196406250003 0.36141593125 0.312968434375 0.35924945625000004 0.33432652812499997 0.392522590625 0.3407780375 0.42600472656250005 0.341952109375 0.4341756515625 0.32892081093750003 0.46591059062499995 0.3408961296875 0.5089850265625 0.36650311874999997 0.594608978125 0.38427907499999997 0.6154506234375 0.384634446875
0 0 0.24126470625000002 0.09850165625 0.30285904375 0.28717349062499997 0.318955528125 0.063808934375 0.2051944328125 0 0.1948143953125 0 0.24126470625000002
4 0 0.24195115937499997 0.09687927187499999 0.2998248484375 0.292480725 0.320416659375 0.0678301453125 0.20666288437500002 0 0.19601841874999998 0 0.24195115937499997
0 0 0.3911007140625 0.2713407359375 0.4081048671875 0.09447828750000001 0.301257190625 0 0.29032331875 0 0.3911007140625
0 0 0.288917146875 0.0930936546875 0.2999325140625 0 0.24276974375 0 0.288917146875
0 0.27552185625000003 0.407655075 0.47749247187500005 0.4168573734375 0.2884222796875 0.31768311250000003 0.09797095624999999 0.29980290625 0.27552185625000003 0.407655075