0 0.5857044828125 0.5971719281250001 0.663856659375 0.9928172859375 0.9514677656250001 0.9894706281250001 0.9967842375 0.7157730015625 0.888507653125 0.3032103578125 0.5857044828125 0.5971719281250001
4 0.6368022515625 0.8550547937499999 0.659344503125 0.9928697906249999 0.9514677640625001 0.9894706281250001 0.980931478125 0.8115188124999999 0.6368022515625 0.8550547937499999
0 0.616834575 0.0063595265625 0.5255630499999999 0.23794881562499998 0.5878975109375 0.5802564 0.8821336562500001 0.2791440890625 0.82092669375 0.0469638359375 0.616834575 0.0063595265625
4 0.87887775 0.2706768515625 0.84852464375 0.180295265625 0.7156864046875 0.26287293125 0.5769734359375 0.49735095312500005 0.590702971875 0.5849870078125 0.87887775 0.2706768515625
0 0.44564436093750004 0.447906228125 0.481096828125 0.6857982046875 0.58616355 0.58131665 0.5282380140625 0.2536791953125 0.44564436093750004 0.447906228125
4 0.5711024640625 0.498346928125 0.47637729999999995 0.60474075625 0.483446615625 0.6858456859375 0.5830999546875 0.5864006328125 0.5711024640625 0.498346928125
0 0.48199419062500004 0 0.5278553968749999 0.235188246875 0.6151932999999999 0.00603299375 0.58486926875 0 0.48199419062500004 0
4 0.5739904499999999 0 0.5162543109375 0.144340734375 0.5320712828125 0.23585934218750002 0.6156388421875 0.006121634375 0.5848692671875 0 0.5739904499999999 0
0 0.481847678125 0.692736909375 0.5229477078125 0.9590826078125 0.659366753125 0.9864721953125001 0.5886644796875 0.5934708265624999 0.481847678125 0.692736909375
4 0.5132730484375 0.9636170156249999 0.6586394234374999 0.98473386875 0.6394997609375 0.8599851671875 0.5097207187499999 0.8292895734375 0.5132730484375 0.9636170156249999
0 0.45958453749999995 0 0.41062760468750004 0.22477713906250002 0.4472751578125 0.44318880937499994 0.5260552374999999 0.23653261875 0.4807113828125 0 0.45958453749999995 0
0 0.3824003046875 0 0.37948955 0.025525540625 0.41165423125 0.22262551875 0.4561085125 0 0.3824003046875 0
4 0.42234246718749996 0 0.3900251625 0.14127534375 0.410160184375 0.215506115625 0.46200763437500003 0 0.42234246718749996 0
0 0.377890528125 0.0215431140625 0.3527342375 0.21530394843749998 0.3780766375 0.3884265015625 0.41026967968749994 0.22084977343749998 0.377890528125 0.0215431140625
4 0.373430809375 0.406190128125 0.4154199 0.2282558234375 0.3931318953125 0.1696470328125 0.3602253484375 0.3479692671875 0.373430809375 0.406190128125
0 0.44511269843749995 0.45360974687500005 0.40472453281250004 0.55491575625 0.42988000625 0.7407881374999999 0.482273028125 0.6870865609375 0.44511269843749995 0.45360974687500005
0 0.410884703125 0.230070653125 0.378332415625 0.38728130625 0.40476550468749994 0.5520391375 0.447514059375 0.44215606249999995 0.410884703125 0.230070653125
4 0.50457960625 0.14626309531249998 0.4335936875 0.3534536171875 0.4471447125 0.43926521875 0.524947715625 0.241791440625 0.50457960625 0.14626309531249998
4 0.4367828546875 0.3872482734375 0.39324424687500004 0.48563385625000005 0.4053805546875 0.55031206875 0.445664365625 0.44257968906249995 0.4367828546875 0.3872482734375