0 0.998098315625 0.07117446093749999 0.9863350609375001 0.06944573750000001 0.5881457218749999 0.394992965625 0.49967785625000005 0.7195280234375 0.9870355609375 0.4513766859375 0.998098315625 0.07117446093749999
0 0.5926087859375 0.39028015781250003 0.9836151843750001 0.069046025 0.7923180999999999 0.0409330765625 0.648479215625 0.18059241875 0.5926087859375 0.39028015781250003
4 0.7103958718750001 0.360777346875 0.8054998 0.2742139625 0.9393606328124999 0.16528824375 0.9968396859374999 0.11443076875 0.998098315625 0.07117446093749999 0.990762325 0.070096365625 0.6762055124999999 0.325357996875 0.64365196875 0.36265924374999997 0.7103958718750001 0.360777346875
0 0.32014283906249996 0.6134164375 0.2085563609375 0.8828726390625 0.49636162656250005 0.7186520875 0.58401855625 0.400520103125 0.32014283906249996 0.6134164375
0 0.40148867031249996 0.415371390625 0.32250177343750003 0.60247855625 0.588255515625 0.394315578125 0.6453420234375 0.1831529046875 0.40148867031249996 0.415371390625
4 0.4225903609375 0.5218996640625 0.4477836875 0.5279405265625 0.5001832828125 0.5075831203125001 0.56118595625 0.46744736875 0.583487146875 0.3977986078125 0.4225903609375 0.5218996640625
4 0.0804504484375 0.7193074390625 0.139949265625 0.665001821875 0.1725072171875 0.6151428937500001 0.228055646875 0.553251803125 0.26223664062499996 0.4938227609375 0.28151549375 0.503662640625 0.2991168921875 0.4740232015625 0.3118413375 0.4422660625 0.3024563171875 0.42967896406249995 0.3247043015625 0.4035243546875 0.3636734234375 0.37142116718749996 0.41006918593749997 0.295574403125 0.41763765625 0.27567014843750004 0.17073121093750002 0.5392217453125 0.0804504484375 0.7193074390625
0 0 0.8698442609375 0.1614846953125 0.742868421875 0.24207843125 0.5673603578125 0.05784518125 0.7407430796875001 0 0.8451704203125001 0 0.8698442609375
4 0 0.8729771828124999 0.158075828125 0.7433258406250001 0.2452911796875 0.56278965625 0.060618348437500004 0.737411178125 0 0.8482937015625 0 0.8729771828124999
0 0.3201918703125 0.6149588015624999 0.158585665625 0.7461539453125 0.058870956249999995 0.947291640625 0.0856961828125 0.9512338671875 0.20342808437499998 0.8849052765625001 0.3201918703125 0.6149588015624999
0 0 0.9386399859375001 0.057068198437499995 0.9470267078125 0.1568626265625 0.74700374375 0 0.8724546906249999 0 0.9386399859375001
0 0.2413186 0.5656978546875 0.15843422812500002 0.742268528125 0.3212215046875 0.610776475 0.3999661203125 0.4199813828125 0.2413186 0.5656978546875