0 0.8371286890625 0.553020990625 0.3554999640625 0.5692122578125 0.43622229375000005 0.7275645453124999 0.8544182765624999 0.71194048125 0.8371286890625 0.553020990625
4 0.60703125 0.64453125 0.50625 0.23125
0 0.35112121875 0.5701852921875 0.008281659375 0.5799748359375 0.028568940625 0.7318391671875 0.425619040625 0.7223548484375 0.35112121875 0.5701852921875
4 0.21640625 0.64765625 0.415625 0.20625
0 0 0.517980884375 0.008082309375 0.5784825703124999 0.347552690625 0.5625501953125001 0.23435773593749998 0.32849461875 0 0.334154465625 0 0.517980884375
4 0.1765625 0.47578125 0.353125 0.265625
0 0.8365267046874999 0.550568421875 0.8101805843750001 0.311289115625 0.23871095156250002 0.3303164328125 0.3548282984375 0.5683998671875 0.8365267046874999 0.550568421875
4 0.5453125 0.45859375 0.5875 0.290625
0 0 0 0 0.3336981546875 0.7945186703125 0.30832659218749997 0.75556705625 0 0 0
4 0.3984375 0.18359375 0.796875 0.365625
0 0.768323484375 0 0.80805999375 0.312074321875 1 0.2976578515625 1 0.032063709375 0.9957166671875 0 0.768323484375 0
4 0.87890625 0.1546875 0.2390625 0.309375
1 1 0.30092974375 0.8145361828125001 0.316163746875 0.8416509937500001 0.5503599578125 1 0.5442704546875 1 0.30092974375
1 1 0.54778438125 0.843701871875 0.55473331875 0.8618808203125001 0.7160088359375 1 0.7095264859375 1 0.54778438125