4 0.3946013328125 0 0.250641996875 0.0238141234375 0.164884353125 0.35221381093750004 0.9475299250000001 0.309383821875 0.884060071875 0 0.3946013328125 0
4 0.9476514734375 0.309976315625 0.1643194765625 0.3682069625 0.1051605484375 0.6263619281249999 0.7528173046875 0.52114644375 0.9522309531250001 0.33229898750000003 0.9476514734375 0.309976315625
4 0.755559015625 0.5155542859375 0.11928146875000001 0.6178728515625 0.07749005 0.7581178265624999 0.597077384375 0.6577407703125 0.755559015625 0.5155542859375
4 0.597077384375 0.6577407703125 0.9564875 0.5846341203125001 0.9828882953125 0.5650878578125 0.9791740156250001 0.48534076718749997 0.7439161359375001 0.5204163859375 0.597077384375 0.6577407703125
4 0.9778659921875 0.4572570015625 0.9551470765625 0.3465136421875 0.7533880890625 0.514446221875 0.9790875234374999 0.4834837765625 0.9778659921875 0.4572570015625
4 0.8154517875 0.67005983125 0.945718928125 0.5846534765625 0.599605646875 0.6558536187499999 0.500962121875 0.7425720828125 0.8154517875 0.67005983125
4 0.6010504578125 0.6534138359375 0.0858280515625 0.7628639453125 0.0670209015625 0.8457372109374999 0.49545743125 0.7406090109375 0.6010504578125 0.6534138359375
4 0.049855364062500004 0.9058972750000001 0.417480921875 0.8107595156249999 0.49402641718750007 0.75259015 0.0587360453125 0.8488176953125001 0.047605706250000004 0.8949313171875 0.049855364062500004 0.9058972750000001
4 0.058033745312499996 0.9457627984375 0.36451263906250003 0.8606253921875 0.423269246875 0.8105355890625001 0.058440967187500005 0.8995121390625 0.0519642640625 0.9161771062499999 0.058033745312499996 0.9457627984375
4 0.7078743843749999 0.733362575 0.810829921875 0.6759612749999999 0.4982788171875 0.7401422906249999 0.4445941953125 0.795998871875 0.7078743843749999 0.733362575
4 0.616429275 0.7947302656249999 0.7296494499999999 0.73049408125 0.439747440625 0.796067040625 0.3807798578125 0.8499915078125 0.616429275 0.7947302656249999