4 0 0 0 0.256128578125 0.02238071875 0.4315196078125 0.060905228125 0.4531013078125 0.13178921562499998 0.44385294062499997 0.15644444375 0.4777679734375 0.1148382359375 0.5085996734375 0.1071339875 0.550736928125 0.15952614375000002 0.5702647062499999 0.2227058828125 0.579513071875 0.7605065359375 0.4335751640625 0.765129084375 0.41713071875 0.8683741828124999 0.3914379078125 0.9392581703125 0.3482728765625 0.945423203125 0.304080065625 0.8868660125 0.256803921875 0.9053578437500001 0.21569444375 0.9747009796875 0.2146666671875 0.9669967312500001 0.1016143796875 0.9793235296875 0.0132287578125 0.9909554015625 0 0 0
4 0.7703125 0.2734375 0.053125 0.0671875
4 0.5609375 0.1078125 0.05625 0.05625
4 0.3375 0.09453125 0.053125 0.08125
4 0.503125 0.00625 0.09375 0.0125
4 0.0296875 0.2875 0.059375 0.0625
4 0.04296875 0.38515625 0.059375 0.103125
4 0.428125 0.3328125 0.059375 0.05625
4 0.75234375 0.37265625 0.040625 0.0421875
4 0.5359375 0.3453125 0.0390625 0.040625
4 0.43125 0.4546875 0.05 0.0640625
4 0.31796875 0.4578125 0.0375 0.0296875
4 0.16796875 0.384375 0.096875 0.071875
4 0.94375 0.01953125 0.0375 0.0390625
4 0.478125 0.10390625 0.0875 0.125
4 0.421875 0.2140625 0.09375 0.05625
4 0.67578125 0.18671875 0.0734375 0.04375
4 0.7609375 0.13046875 0.10625 0.059375
4 0.35 0.4046875 0.065625 0.05
4 0.4875 0.403125 0.059375 0.0671875
4 0.6484375 0.40078125 0.059375 0.03125
4 0.0734375 0.1171875 0.05625 0.040625
4 0.18984375 0.10546875 0.065625 0.040625
4 0.028125 0.2140625 0.05625 0.0625
4 0.34453125 0.0203125 0.1140625 0.040625
4 0.31640625 0.1625 0.04375 0.05625