0 0.5774029234375 1 0.795577296875 0.6114923234375 0.8811715796874999 0.3859633 0.9571174265625 0.11384565312499999 0.703698571875 0.049955996875000006 0.20212041093750002 0.318132496875 0.2455488140625 0.9517200671875001 0.4370515640625 1 0.5774029234375 1
4 0.26015625 0.63046875 0.4 0.684375
4 0.4876314203125 1 0.73655586875 0.6079730515625 0.886581321875 0.369730871875 0.9421219015625001 0.16256005 0.284263175 0.9614803796875 0.437051565625 1 0.4876314203125 1
4 0.45234375 0.3015625 0.0703125 0.090625
4 0.59375 0.16484375 0.1703125 0.19375
4 0.51953125 0.60546875 0.075 0.1828125
4 0.5328125 0.4578125 0.059375 0.0953125
4 0.5671875 0.4609375 0.1390625 0.40625
4 0.61640625 0.3640625 0.0828125 0.2296875
4 0.68984375 0.121875 0.059375 0.1515625
4 0.7484375 0.12578125 0.11875 0.146875
4 0.440625 0.81015625 0.084375 0.1234375
4 0.47578125 0.88515625 0.046875 0.078125
4 0.5140625 0.8078125 0.0515625 0.0578125
4 0.5776416640625001 1 0.7903386625000001 0.6215322796875 0.831629025 0.46154249687500004 0.48508519687499996 1 0.5776416640625001 1
4 0.55 0.80859375 0.0734375 0.1796875
4 0.5984375 0.74921875 0.06875 0.1453125
4 0.63984375 0.621875 0.0546875 0.128125
4 0.6484375 0.471875 0.0921875 0.190625
4 0.82578125 0.121875 0.0390625 0.084375
4 0.8015625 0.215625 0.0578125 0.078125