4 1 0.5881227765625 0.9662122359374999 0.5650151484375 0.8963497140625 0.567577315625 0.875005665625 0.5323089390625 0.9180345421875 0.5060669609375 0.92890209375 0.46573344375000003 0.8793635984374999 0.44195404531250004 0.818486721875 0.4272042 0.2824043 0.5204295531249999 0.2765873125 0.5360231718749999 0.1738570640625 0.5516572578125001 0.10129460312500001 0.587247996875 0.0917644671875 0.629723175 0.14510620937500002 0.6810848203125001 0.1238003875 0.7194367749999999 0.0560949125 0.7141336875000001 0.054608575000000006 0.8249261296875 0.0368405046875 0.9041307453125 0.038398334374999996 0.9423626328125 0.51016556875 0.9863413109374999 0.9831095109374999 0.9725800484375 1 0.76595751875 1 0.5881227765625
4 0.26015625 0.675 0.0640625 0.0734375
4 0.45078125 0.85625 0.065625 0.0625
4 0.66796875 0.88828125 0.065625 0.0875
4 0.4984375 0.9671875 0.096875 0.0421875
4 0.975 0.72890625 0.05 0.0671875
4 0.96953125 0.63359375 0.0609375 0.1078125
4 0.59921875 0.64921875 0.0671875 0.0640625
4 0.2859375 0.58046875 0.046875 0.046875
4 0.49453125 0.6265625 0.04375 0.046875
4 0.6046875 0.52890625 0.0578125 0.06875
4 0.71640625 0.5375 0.0421875 0.034375
4 0.85625 0.62265625 0.1078125 0.084375
4 0.0703125 0.9078125 0.04375 0.046875
4 0.53125 0.86796875 0.103125 0.134375
4 0.59609375 0.765625 0.103125 0.06875
4 0.34609375 0.76796875 0.078125 0.053125
4 0.2578125 0.815625 0.1125 0.0734375
4 0.68125 0.5859375 0.0734375 0.059375
4 0.54609375 0.575 0.0703125 0.0734375
4 0.3890625 0.56171875 0.0625 0.0390625
4 0.92734375 0.89140625 0.0609375 0.0484375
4 0.81328125 0.8921875 0.0703125 0.05
4 0.9734375 0.80078125 0.053125 0.0671875
4 0.6546875 0.9578125 0.11875 0.0515625
4 0.69453125 0.82421875 0.053125 0.0625