0 0.5292127546875001 1 0.787322803125 0.5308920625 0.4267282953125 0.629189690625 0.1235653109375 1 0.5292127546875001 1
0 0.120924021875 1 0.42149184218749997 0.6341486515625 0.18850546562499998 0.6962269062499999 0.03332841875 0.8560478890625 0.054483567187500005 1 0.120924021875 1
4 0.1873102390625 1 0.292529403125 0.8706942218749999 0.388710940625 0.765023190625 0.3908019375 0.6908632984375 0.3493561078125 0.7270339031249999 0.12784518125 1 0.1873102390625 1
0 0.9688168218750001 0.207423734375 0.6694210421875 0.331408709375 0.432869559375 0.6246039515625 0.7863495421875 0.5272073625 0.9688168218750001 0.207423734375
0 0.657267840625 0.3340297484375 0.44937098906250006 0.4217929671875 0.19135045 0.6927411375 0.4259756421875 0.629311684375 0.657267840625 0.3340297484375
4 0.429845675 0.624013496875 0.5072331875 0.5992343953125 0.5518284671875 0.531453646875 0.5744478078124999 0.473231875 0.5677357375 0.445239290625 0.429845675 0.624013496875
4 0.6025714484375 0.22908960781249998 0.6713393265625001 0.1673691296875 0.7267381359375 0.131193628125 0.787077709375 0.06508383125 0.5869824953125 0.165395790625 0.29414738749999997 0.439736284375 0.31626322500000004 0.4313268734375 0.40053740781249997 0.3797760265625 0.436207615625 0.3364770015625 0.46526829375 0.31175701875 0.4792539578125 0.32218481875 0.51453966875 0.308046546875 0.5474723781249999 0.2884894375 0.536539178125 0.2670684890625 0.6025714484375 0.22908960781249998
0 0.8830468859374999 0 0.8108950890625 0.03996686875 0.6182476203125 0.24467047968750003 0.8132565796875 0.15512188437500002 0.9352293234375001 0 0.8830468859374999 0
4 0.88593628125 0 0.8071929750000001 0.043048165625 0.6131690625 0.2482402 0.8137648234375 0.15133425312499998 0.9378868296875 0 0.88593628125 0
0 1 0.06113182968749999 0.8169071609375 0.15190073906249998 0.6711347796875 0.3314631890625 0.9710753078125001 0.20172564999999998 1 0.15038490625 1 0.06113182968749999
0 0.937802946875 0 0.81785138125 0.1499862515625 1 0.0591096 1 0 0.937802946875 0
0 0.8125900312500001 0.151732475 0.61640039375 0.24382622187499997 0.454493203125 0.42010124531250004 0.66648775 0.332607228125 0.8125900312500001 0.151732475