0 0.6494378546874999 0.061450165625 0.44441510937500006 0.2694254453125 0.95536715 0.3314636453125 0.9985276000000001 0.13684270625 0.9897459390625001 0.0827585453125 0.6494378546874999 0.061450165625
4 0.9528742187500001 0.32526272500000003 0.9595771984375 0.294787403125 0.9930362531249999 0.1030227953125 0.9892684890625001 0.0798180453125 0.709682853125 0.0618425203125 0.6732462328125 0.11014927968749999 0.713483440625 0.157017890625 0.768444203125 0.19409396875 0.7673833125 0.2736801265625 0.830432415625 0.303164471875 0.9124349625000001 0.2922635609375 0.91405670625 0.2871376875 0.9099435703125 0.31921178906250003 0.9528742187500001 0.32526272500000003
0 0.716598715625 0 0.65798498125 0.0579382859375 0.9891558578125 0.0791243640625 0.9763084140625 0 0.716598715625 0
4 0.825 0.0546875 0.328125 0.109375
0 0.41296180156249995 0 0.352789628125 0.0348781015625 0.6459208734375 0.056801096875 0.703634390625 0 0.41296180156249995 0
4 0.571875 0.040625 0.371875 0.08125
0 0.1295737109375 0 0.08675079687500001 0.016767775 0.34573030625 0.0337150703125 0.4037736953125 0 0.1295737109375 0
4 0.2890625 0.03515625 0.41875 0.0703125
0 0.78152559375 1 0.8183413343750001 0.9976119203125 0.94987728125 0.348866671875 0.4281568375 0.28072264062499996 0 0.7077554390625 0 0.792776634375 0.020205714062499998 0.91721884375 0.026512628125 0.95209968125 0.1327032578125 0.9901275734375 0.3022062921875 1 0.78152559375 1
4 0.734375 0.89453125 0.071875 0.05625
4 0.45390625 0.7484375 0.421875 0.4125
0 0.3437748109375 0.035641981249999996 0.033735546875 0.21311891562500002 0.42802785937500004 0.2658095796875 0.6403176796875 0.058501210937500006 0.3437748109375 0.035641981249999996
4 0.46640625 0.14765625 0.1296875 0.1375
4 0.2921875 0.16328125 0.11875 0.153125
0 0 0.2090257453125 0.014376240625 0.21130565781250002 0.3308900921875 0.0380894265625 0.081676271875 0.0174839453125 0 0.050186671875 0 0.2090257453125
4 0.06171875 0.1265625 0.121875 0.090625
4 0.05625 0.725 0.1125 0.1140625
4 0.5234375 0.36484375 0.221875 0.153125
0 0 0.6783745421875 0.4174741109375 0.2744798171875 0.00412564375 0.2163663703125 0 0.2189379625 0 0.6783745421875
4 0.03359375 0.2734375 0.0671875 0.090625