0 0.723310975 1 0.7685266796875 0.010636671875 0.2969255546875 0.22115694375 0.239623759375 1 0.723310975 1
4 0.66015625 0.16015625 0.228125 0.315625
4 0.49375 0.228125 0.1921875 0.28125
4 0.3484375 0.284375 0.159375 0.240625
4 0.3453125 0.46328125 0.15625 0.2359375
4 0.47890625 0.4265625 0.1796875 0.265625
4 0.64921875 0.38046875 0.2234375 0.290625
4 0.63671875 0.6125 0.23125 0.2921875
4 0.4640625 0.63515625 0.1875 0.25
4 0.325 0.653125 0.1453125 0.215625
4 0.62734375 0.84765625 0.2359375 0.275
4 0.45 0.85078125 0.2 0.2484375
4 0.309375 0.853125 0.16875 0.215625
4 0.44609375 0.975 0.1703125 0.05
4 0.30078125 0.97109375 0.140625 0.0578125
4 0.625 0.9796875 0.2078125 0.040625