0 0.7029659671874999 1 0.7459954343749999 0.058473626562500006 0.2964023609375 0.2591696203125 0.24189727187500001 1 0.7029659671874999 1
4 0.6421875 0.20078125 0.21875 0.3
4 0.484375 0.265625 0.184375 0.26875
4 0.34609375 0.31953125 0.1515625 0.228125
4 0.3421875 0.48984375 0.15 0.225
4 0.4703125 0.4546875 0.171875 0.253125
4 0.6328125 0.4109375 0.2125 0.2765625
4 0.6203125 0.6328125 0.2203125 0.278125
4 0.45546875 0.65390625 0.178125 0.2375
4 0.3234375 0.67109375 0.1375 0.20625
4 0.61171875 0.85703125 0.225 0.2625
4 0.4421875 0.859375 0.190625 0.2375
4 0.30859375 0.86171875 0.1625 0.20625
4 0.4375 0.97734375 0.1625 0.0453125
4 0.3 0.9734375 0.134375 0.053125
4 0.61015625 0.98125 0.1984375 0.0375