0 0.0878318078125 0 0.052840050000000006 0.2117077859375 0.358261009375 0.3960507671875 0.7533295828125001 0.2139448078125 0.4432072984375 0 0.0878318078125 0
4 0.0878318078125 0 0.0523865 0.214451865625 0.12619666093749998 0.2557995875 0.26356677500000003 0 0.0878318078125 0
0 1 0.38454541249999996 0.7744059609375 0.2285540203125 0.3754877015625 0.3999985296875 0.685509853125 0.580963171875 1 0.5761319968749999 1 0.38454541249999996
4 0.45208252499999996 0.43987475781249996 0.7300346921875 0.3920048390625 0.8582883765625 0.29559564374999997 0.78145489375 0.23465379843749998 0.371906128125 0.3956563140625 0.45208252499999996 0.43987475781249996
0 0.2343377421875 0.46356615156250003 0.45263707656249996 0.5818780953125 0.6711945828125 0.5728266750000001 0.3738307296875 0.4012632625 0.2343377421875 0.46356615156250003
4 0.3113804546875 0.4969073421875 0.44899226406250003 0.44508087500000004 0.3677838859375 0.402354228125 0.23514118125 0.46132357031250004 0.3113804546875 0.4969073421875
0 1 0.5784241390625 0.6890206015625 0.5797751671875 0.9565655156249999 0.7403807453125 0.983804821875 0.7426261078125 1 0.64464174375 1 0.5784241390625
4 1 0.5788155484375 0.6898928718749999 0.5755429375000001 0.7730865421875001 0.6231214406250001 1 0.6185081640625001 1 0.5788155484375
0 0.0297053 0.3516780859375 0.22786811093749998 0.4603835421875 0.3629268953125 0.394565371875 0.052428990625000005 0.21419477812499998 0.0297053 0.3516780859375
4 0.0291288078125 0.3551659859375 0.1052817640625 0.3853455984375 0.12238198281249998 0.25148846874999997 0.052580974999999995 0.21327523906249998 0.0291288078125 0.3551659859375
0 0.6567514765625 0.6945191109375 0.9470123375 0.7359415593749999 0.6870636671875 0.5810014031249999 0.4578097671875 0.5820136812500001 0.6567514765625 0.6945191109375
0 0.9816037390625001 0.755943140625 0.96167646875 0.7427216375000001 0.659212996875 0.6943130734375 0.8390707234375 0.7949816421875 0.9698543531249999 0.8270294968749999 0.9816037390625001 0.755943140625
4 0.9795853703124999 0.7681547234375 0.9463819499999999 0.7322990500000001 0.665589478125 0.698263984375 0.7304264468749999 0.74377489375 0.9781956812500001 0.776562640625 0.9795853703124999 0.7681547234375
0 0.64502351875 0.75272865625 0.8423616078125 0.7979146593750001 0.6604375890624999 0.6962569734375 0.48599378125000003 0.667062259375 0.64502351875 0.75272865625
4 0.6551045125 0.6887409140625 0.4670563328125 0.6651356625 0.5188447171874999 0.69838064375 0.70398598125 0.7307268640625 0.6551045125 0.6887409140625
0 0.3338804359375 0.58252196875 0.44690376093750006 0.580350203125 0.233511334375 0.46199319375 0.1623963796875 0.4924914078125 0.3338804359375 0.58252196875
0 0.4871988390625 0.6672278859375 0.6517016640625 0.6923901546875 0.4588994765625 0.5821552421875 0.3366899484375 0.5835077515625 0.4871988390625 0.6672278859375
4 0.5400428984375 0.6269342703125 0.7669979328125 0.6334947718749999 0.681554184375 0.5801773421875 0.46157445468749997 0.5835347359374999 0.5400428984375 0.6269342703125
4 0.3970385953125 0.618072609375 0.50836370625 0.6118766140624999 0.4578191546875 0.5837563484375 0.338590203125 0.5835403359375 0.3970385953125 0.618072609375