4 1 0.286856846875 0.9949424703125 0.25628345625 0.6591511515625 0.1685955765625 0.702945159375 0.9688569640625 1 0.9079163937500001 1 0.286856846875
4 0.7023393296875 0.9689812484375 0.642798025 0.1680179859375 0.3788324984375 0.10752750625 0.4864161765625 0.7697617453125 0.67951421875 0.9736638031249999 0.7023393296875 0.9689812484375
4 0.492134203125 0.7725651671875 0.387512646875 0.1219662609375 0.24411103281250002 0.0792342 0.34674737968749997 0.6105164249999999 0.492134203125 0.7725651671875
4 0.522846871875 1 0.4871626671875 0.760660228125 0.34674737968749997 0.6105164249999999 0.421499515625 0.9780161578125 0.43777561406250004 1 0.522846871875 1
4 0.549077828125 1 0.5517436453125 0.9998758375 0.6649796203125 0.9766455640625 0.4932672078125 0.770345378125 0.5247722421875001 1 0.549077828125 1
4 0.334151040625 0.8338060078125 0.421479725 0.96700520625 0.34867700625000003 0.61310159375 0.2600066796875 0.512237796875 0.334151040625 0.8338060078125
4 0.3511717046875 0.614578925 0.2392580890625 0.0877598734375 0.15451950781249998 0.068529409375 0.2620139375 0.50660920625 0.3511717046875 0.614578925
4 0.0930053578125 0.050977510937500005 0.19028448281250002 0.4268775984375 0.2497631265625 0.5051459828125 0.1513696875 0.060058078125000004 0.1042181375 0.048677217187499996 0.0930053578125 0.050977510937500005
4 0.052242540625 0.059339970312500004 0.1392962234375 0.372717103125 0.1905134484375 0.4327962078125 0.0995342125 0.05975635781250001 0.0824941484375 0.053133878125 0.052242540625 0.059339970312500004
4 0.2694234765625 0.7238072468750001 0.3281167671875 0.8290801125 0.26249116250000004 0.5094940968749999 0.2053773578125 0.4546011375 0.2694234765625 0.7238072468750001
4 0.20667451875 0.6303038890625 0.27235653437499996 0.746072428125 0.20530765624999997 0.4496452921875 0.1501694546875 0.38935046562500003 0.20667451875 0.6303038890625