4 0.377096190625 0 0.393987178125 0.037525556249999995 0.3665794390625 0.0732365734375 0.32132584999999997 0.03878800625 0.2750948234375 0.043087448437499995 0.2714478 0.10357142500000001 0.281908765625 0.17231722656249998 0.60439473125 0.6916415140625001 0.6229501359375 0.6916525375 0.6824452359375 0.7920318015625 0.749814865625 0.85346588125 0.7976927875000001 0.846955115625 0.82821383125 0.771893534375 0.8768038796875001 0.7791704359375 0.89990044375 0.8513458765624999 1 0.8154980546875 1 0.3960164484375 0.879634453125 0 0.377096190625 0
4 0.7734375 0.6546875 0.0875 0.078125
4 0.8796875 0.38828125 0.0765625 0.0765625
4 0.821875 0.15 0.10625 0.08125
4 0.9640625 0.29765625 0.040625 0.103125
4 0.60390625 0.3140625 0.08125 0.0796875
4 0.66484375 0.665625 0.059375 0.05625
4 0.62421875 0.43125 0.05625 0.053125
4 0.47734375 0.35390625 0.0828125 0.06875
4 0.4390625 0.2359375 0.04375 0.0484375
4 0.46640625 0.0609375 0.109375 0.121875
4 0.8578125 0.29921875 0.1625 0.1296875
4 0.725 0.27265625 0.0890625 0.1171875
4 0.83359375 0.53046875 0.071875 0.090625
4 0.91953125 0.603125 0.096875 0.13125
4 0.50390625 0.253125 0.0765625 0.084375
4 0.55 0.39765625 0.090625 0.084375
4 0.60234375 0.56484375 0.0515625 0.0734375
4 0.7640625 0.01953125 0.065625 0.0390625
4 0.9 0.13671875 0.0765625 0.13125
4 0.7453125 0.1484375 0.075 0.0625