0 0.11786715156250001 0 0.0046420312499999995 0.018746831250000002 0.0010117578125 0.330731759375 0.4301863828125 0.41550700156250003 0.7490599515625 0.0870425453125 0.417404653125 0 0.11786715156250001 0
4 0.117867159375 0 0.0046420312499999995 0.0187468328125 0.000954803125 0.3356263015625 0.1504490375 0.3600789140625 0.196002821875 0 0.117867159375 0
0 1 0.1532271375 0.775165734375 0.0939567125 0.44853543125 0.4131281234375 0.8198521328125 0.48074516562499997 1 0.4097471921875 1 0.1532271375
4 0.44340392343749996 0.4100849125 0.5384667624999999 0.4249779671875 0.792815803125 0.2745096625 0.8823915765624999 0.1304139453125 0.784350534375 0.0974885421875 0.44340392343749996 0.4100849125
0 0.3340494046875 0.5289797125 0.5921017187500001 0.567436625 0.8027886687500001 0.4778435109375 0.44738532812500004 0.41500903125 0.3340494046875 0.5289797125
4 0.421976128125 0.5340992 0.5373863828125 0.43134647968750006 0.4418705 0.418332253125 0.3339979 0.5264307890625 0.421976128125 0.5340992
0 1 0.41074012499999996 0.822846646875 0.478258553125 1 0.5128030781249999 1 0.41074012499999996
4 1 0.4089806953125 0.8221186796875 0.47368538750000005 0.9213931015625001 0.49084278125 1 0.45940010625000005 1 0.4089806953125
0 0.03760530625 0.483582146875 0.326522675 0.52816523125 0.4342011375 0.41229615781250006 0.0078945671875 0.335602165625 0.03760530625 0.483582146875
4 0.0097802109375 0.336391134375 0.0326866265625 0.49407669375 0.17839775156249998 0.49793006718750005 0.1451008359375 0.3571528015625 0.0097802109375 0.336391134375
0 1 0.5144515390625 0.8213883453124999 0.4802112671875 0.59721891875 0.565667625 0.8341400531250001 0.605420903125 1 0.569296259375 1 0.5144515390625
0 1 0.5716540984375 0.8364740140625001 0.604307275 1 0.6309930265625 1 0.5716540984375
4 1 0.5684440765625001 0.84419675625 0.6059279359375 0.924718271875 0.6277693156249999 1 0.6105483171875 1 0.5684440765625001
0 1 0.6320624875 0.8384002453124999 0.6058091609375 0.6566221 0.6407304265625 0.84441605625 0.6682204875 1 0.648020765625 1 0.6320624875
4 0.8303665640625001 0.60022248125 0.63735308125 0.64576996875 0.7005079140625 0.6600945375 0.8939422015625 0.6243993 0.8303665640625001 0.60022248125
0 0.47602358593750005 0.6118242359375 0.5859148515625 0.56801334375 0.33265186562500004 0.527703834375 0.2743993078125 0.5845369421875 0.47602358593750005 0.6118242359375
0 0.6578643453125 0.6404529734375 0.8283979359375 0.6051420171874999 0.5983391859375 0.565408478125 0.4791439859375 0.6117797921875 0.6578643453125 0.6404529734375
4 0.6945587875 0.5805085421875 0.9193078281249999 0.5035068671875 0.8156838609375001 0.48141264687499996 0.6014750171875 0.565809125 0.6945587875 0.5805085421875
4 0.551176834375 0.6242774265625 0.657900178125 0.5770491062499999 0.597879659375 0.567414925 0.4810174171875 0.61111261875 0.551176834375 0.6242774265625