0 0.48506524687499997 1 0.5136511625 0.68201495 0.3476063125 0.5873438531249999 0.3106299671875 1 0.48506524687499997 1
3 0.355481728125 0.601328903125 0.355481728125 0.8006644515625 0.44186046562500003 0.8006644515625 0.44186046562500003 0.601328903125 0.355481728125 0.601328903125
3 0.4335548171875 0.725913621875 0.4335548171875 0.9933554812500001 0.50664451875 0.9933554812500001 0.50664451875 0.725913621875 0.4335548171875 0.725913621875
0 0.308544396875 1 0.345307309375 0.5877906984375 0.2534833890625 0.53402325625 0.213817790625 1 0.308544396875 1
3 0.3139534890625 0.8322259140625 0.3139534890625 0.9352159468749999 0.35215946875 0.9352159468749999 0.35215946875 0.8322259140625 0.3139534890625 0.8322259140625
0 0.50459506875 0 0.4542026578125 0.6447425250000001 0.7510930234375001 0.8222375421875 0.8330415953125 0 0.50459506875 0
3 0.6993355484375 0.2059800671875 0.6993355484375 0.5182724249999999 0.790697675 0.5182724249999999 0.790697675 0.2059800671875 0.6993355484375 0.2059800671875
3 0.61129568125 0.533222590625 0.61129568125 0.7956810625 0.769102990625 0.7956810625 0.769102990625 0.533222590625 0.61129568125 0.533222590625
3 0.5132890359375 0 0.5132890359375 0.076411959375 0.6245847171875 0.076411959375 0.6245847171875 0 0.5132890359375 0
3 0.5166112953125 0.096345515625 0.5166112953125 0.22425249218749999 0.6245847171875 0.22425249218749999 0.6245847171875 0.096345515625 0.5166112953125 0.096345515625
3 0.49335548124999995 0.24418604687499998 0.49335548124999995 0.37375415312500004 0.6312292359375 0.37375415312500004 0.6312292359375 0.24418604687499998 0.49335548124999995 0.24418604687499998
3 0.5199335546875 0.4302325578125 0.5199335546875 0.546511628125 0.59302325625 0.546511628125 0.59302325625 0.4302325578125 0.5199335546875 0.4302325578125
3 0.4767441859375 0.5714285718750001 0.4767441859375 0.6710963453125001 0.5348837203125 0.6710963453125001 0.5348837203125 0.5714285718750001 0.4767441859375 0.5714285718750001
0 0.3549039296875 0 0.31256976718749996 0.5612541531249999 0.44973089687499995 0.64101495 0.5015372453125 0 0.3549039296875 0
3 0.4651162796875 0.4003322265625 0.4651162796875 0.5564784046875 0.49833887031249996 0.5564784046875 0.49833887031249996 0.4003322265625 0.4651162796875 0.4003322265625
3 0.3720930234375 0.44352159531249996 0.3720930234375 0.5514950171875 0.41196013281250005 0.5514950171875 0.41196013281250005 0.44352159531249996 0.3720930234375 0.44352159531249996
0 0.28957213125000003 0 0.2699518265625 0.0180099671875 0.24231893750000003 0.307230896875 0.23232558124999997 0.515328903125 0.31287043125 0.5588305640625 0.3534885890625 0 0.28957213125000003 0
3 0.323920265625 0.428571428125 0.323920265625 0.5348837203125 0.360465115625 0.5348837203125 0.360465115625 0.428571428125 0.323920265625 0.428571428125
3 0.3837209296875 0.3006644515625 0.3837209296875 0.3953488375 0.435215946875 0.3953488375 0.435215946875 0.3006644515625 0.3837209296875 0.3006644515625
3 0.355481728125 0.20099667812500002 0.355481728125 0.312292359375 0.38870431875 0.312292359375 0.38870431875 0.20099667812500002 0.355481728125 0.20099667812500002
3 0.42026578125 0.182724253125 0.42026578125 0.2674418609375 0.45348837187499996 0.2674418609375 0.45348837187499996 0.182724253125 0.42026578125 0.182724253125
3 0.3504983390625 0.003322259375 0.3504983390625 0.10132890312500001 0.41196013281250005 0.10132890312500001 0.41196013281250005 0.003322259375 0.3504983390625 0.003322259375
3 0.35382059843749997 0.1561461796875 0.35382059843749997 0.194352159375 0.3837209296875 0.194352159375 0.3837209296875 0.1561461796875 0.35382059843749997 0.1561461796875
3 0.25249169375 0.1843853828125 0.25249169375 0.2890365453125 0.2923588046875 0.2890365453125 0.2923588046875 0.1843853828125 0.25249169375 0.1843853828125
0 0.262707640625 0.0155514953125 0.2069534890625 0.07049169375 0.1799485046875 0.48207973437499996 0.23116445156249998 0.510481728125 0.262707640625 0.0155514953125
3 0.21096345468750002 0.38538205937500003 0.21096345468750002 0.48338870468749995 0.2392026578125 0.48338870468749995 0.2392026578125 0.38538205937500003 0.21096345468750002 0.38538205937500003
3 0.2225913625 0.157807309375 0.2225913625 0.2641196015625 0.255813953125 0.2641196015625 0.255813953125 0.157807309375 0.2225913625 0.157807309375
3 0.2176079734375 0.2674418609375 0.2176079734375 0.360465115625 0.24584717656250002 0.360465115625 0.24584717656250002 0.2674418609375 0.2176079734375 0.2674418609375
3 0.1893687703125 0.299003321875 0.1893687703125 0.3820598 0.2176079734375 0.3820598 0.2176079734375 0.299003321875 0.1893687703125 0.299003321875
0 0.2040431890625 0.07375083125000001 0.16458305625 0.1114634546875 0.14037209374999998 0.4601960140625 0.177154484375 0.47975249218749993 0.1976411953125 0.186890365625 0.2040431890625 0.07375083125000001
3 0.187707640625 0.445182725 0.187707640625 0.4950166109375 0.2043189375 0.4950166109375 0.2043189375 0.445182725 0.187707640625 0.445182725
0 0.20983186250000002 1 0.25106810625 0.52817441875 0.1897259140625 0.49351494999999995 0.1566677734375 0.9167425250000001 0.190576528125 1 0.20983186250000002 1
3 0.19767441875 0.5315614625 0.19767441875 0.589700996875 0.23588039843750003 0.589700996875 0.23588039843750003 0.5315614625 0.19767441875 0.5315614625
3 0.1594684390625 0.8853820593749999 0.1594684390625 0.9451827249999999 0.20099667812500002 0.9451827249999999 0.20099667812500002 0.8853820593749999 0.1594684390625 0.8853820593749999
3 0.2076411953125 0.61129568125 0.2076411953125 0.6677740859375 0.2425249171875 0.6677740859375 0.2425249171875 0.61129568125 0.2076411953125 0.61129568125
3 0.194352159375 0.7142857140625 0.194352159375 0.8222591359375 0.23089700937500002 0.8222591359375 0.23089700937500002 0.7142857140625 0.194352159375 0.7142857140625
3 0.194352159375 0.8388704312499999 0.194352159375 0.916943521875 0.2225913625 0.916943521875 0.2225913625 0.8388704312499999 0.194352159375 0.8388704312499999
0 0.1887940203125 0.4907674421875 0.15049833906250001 0.4686611296875 0.12250166093749999 0.8255730890624999 0.156913621875 0.9101345515625001 0.1887940203125 0.4907674421875
3 0.1627906984375 0.8023255812500001 0.1627906984375 0.8405315609375 0.176079734375 0.8405315609375 0.176079734375 0.8023255812500001 0.1627906984375 0.8023255812500001
3 0.182724253125 0.601328903125 0.182724253125 0.644518271875 0.19767441875 0.644518271875 0.19767441875 0.601328903125 0.182724253125 0.601328903125
3 0.14784053125000002 0.6594684390625 0.14784053125000002 0.7757475078125 0.169435215625 0.7757475078125 0.169435215625 0.6594684390625 0.14784053125000002 0.6594684390625
0 0.148647840625 0.46844020000000003 0.07848505 0.42910797343749996 0.060533221875 0.6733039859375001 0.12299169375 0.8243837203125001 0.148647840625 0.46844020000000003
3 0.1245847171875 0.7923588046875001 0.1245847171875 0.8255813953125 0.136212625 0.8255813953125 0.136212625 0.7923588046875001 0.1245847171875 0.7923588046875001
3 0.1461794015625 0.521594684375 0.1461794015625 0.564784053125 0.172757475 0.564784053125 0.172757475 0.521594684375 0.1461794015625 0.521594684375
3 0.157807309375 0.3571428578125 0.157807309375 0.4136212625 0.182724253125 0.4136212625 0.182724253125 0.3571428578125 0.157807309375 0.3571428578125
0 0.1625282390625 0.11888870468749999 0.0777375421875 0.1974269109375 0.064272425 0.41544684375 0.14655481718750002 0.4640614625 0.1625282390625 0.11888870468749999
3 0.14784053125000002 0.4318936875 0.14784053125000002 0.4734219265625 0.176079734375 0.4734219265625 0.176079734375 0.4318936875 0.14784053125000002 0.4318936875
3 0.169435215625 0.1245847171875 0.169435215625 0.1910299 0.1993355484375 0.1910299 0.1993355484375 0.1245847171875 0.169435215625 0.1245847171875
3 0.1710963453125 0.22591362187500003 0.1710963453125 0.2790697671875 0.19601328906249998 0.2790697671875 0.19601328906249998 0.22591362187500003 0.1710963453125 0.22591362187500003
3 0.16112956875 0.287375415625 0.16112956875 0.31893687656249997 0.1810631234375 0.31893687656249997 0.1810631234375 0.287375415625 0.16112956875 0.287375415625
3 0.1461794015625 0.1461794015625 0.1461794015625 0.2076411953125 0.16112956875 0.2076411953125 0.16112956875 0.1461794015625 0.1461794015625 0.1461794015625
3 0.13787375468750002 0.22923587968749998 0.13787375468750002 0.2607973421875 0.144518271875 0.2607973421875 0.144518271875 0.22923587968749998 0.13787375468750002 0.22923587968749998
3 0.1279069765625 0.2707641203125 0.1279069765625 0.342192690625 0.14119601406249999 0.342192690625 0.14119601406249999 0.2707641203125 0.1279069765625 0.2707641203125
3 0.132890365625 0.327242525 0.132890365625 0.37541528281250003 0.1495016609375 0.37541528281250003 0.1495016609375 0.327242525 0.132890365625 0.327242525
3 0.11794020000000001 0.37541528281250003 0.11794020000000001 0.45182724218750003 0.1345514953125 0.45182724218750003 0.1345514953125 0.37541528281250003 0.11794020000000001 0.37541528281250003
3 0.0813953484375 0.169435215625 0.0813953484375 0.3787375421875 0.10963455156249999 0.3787375421875 0.10963455156249999 0.169435215625 0.0813953484375 0.169435215625
3 0.0631229234375 0.1893687703125 0.0631229234375 0.4186046515625 0.08970099687500001 0.4186046515625 0.08970099687500001 0.1893687703125 0.0631229234375 0.1893687703125