0 0.607155246875 0 0.536845325 0.273734759375 0.6829219625 0.3895966859375 0.778097678125 0.018611840625 0.65142490625 0 0.607155246875 0
3 0.6254620140625 0.1684464546875 0.5936602671875 0.362536728125 0.6775084265625 0.3748564125 0.709310171875 0.1807661390625 0.6254620140625 0.1684464546875
3 0.5886619546875 0 0.5506502390625 0.2319905421875 0.62159868125 0.2424148921875 0.6610858484375 0.0014194687500000002 0.6514249000000001 0 0.5886619546875 0
0 0.7801330015625 0.0189108859375 0.6852249046875001 0.38948949375 0.7657807328125 0.45493840781249995 0.8721892515624999 0.0324365734375 0.7801330015625 0.0189108859375
3 0.7340012796875001 0.0502290375 0.7175703765625 0.1505090109375 0.7546570640625 0.1559581015625 0.771087965625 0.055678128125000004 0.7340012796875001 0.0502290375
0 0.4266611703125 0.9806663734375001 0.588605809375 0.318505190625 0.3287305734375 0.1033370390625 0.1069352828125 0.9336895296875 0.4266611703125 0.9806663734375001
3 0.241791975 0.3936551078125 0.1919692421875 0.6977298703125 0.28065479375 0.71076030625 0.3304775296875 0.40668554375 0.241791975 0.3936551078125
3 0.3070114453125 0.12662606406250002 0.265139146875 0.38217825781250003 0.4183232828125 0.40468537187500003 0.46019558125 0.149133178125 0.3070114453125 0.12662606406250002
3 0.42149864687500005 0.9799078515625 0.44057969375 0.8634536859375 0.332544565625 0.8475802484375 0.31346351875 0.9640344125 0.42149864687500005 0.9799078515625
3 0.356130859375 0.7036299609375 0.335724740625 0.828171221875 0.4405349390625 0.8435708249999999 0.46094105937499996 0.719029565625 0.356130859375 0.7036299609375
3 0.37353231249999996 0.5571145875 0.3528611765625 0.683273265625 0.4866957375 0.7029373750000001 0.507366871875 0.5767786984375001 0.37353231249999996 0.5571145875
3 0.43818050937499997 0.39435210781249996 0.4196294921875 0.507571434375 0.49057793437499997 0.51799578125 0.5091289515625 0.4047764546875 0.43818050937499997 0.39435210781249996
3 0.5144928609375 0.28133777968749996 0.49859198749999994 0.3783829171875 0.55502825 0.38667501249999997 0.5709291234375 0.28962987500000004 0.5144928609375 0.28133777968749996
0 0.4295178796875 0.9810861046875001 0.46789171874999996 0.986724315625 0.5765459234375 0.9835628015625 0.71276975 0.41999692031249997 0.5923518734375001 0.322772459375 0.4295178796875 0.9810861046875001
3 0.531681078125 0.3981518609375 0.5067697109375 0.5501892453125 0.5390190031250001 0.554927584375 0.5639303703125 0.402890203125 0.531681078125 0.3981518609375
3 0.61473419375 0.4153238015625 0.5975082484375001 0.520456034375 0.6362073984375 0.5261420421875 0.6534333453125 0.421009809375 0.61473419375 0.4153238015625
0 0.6272199625 0.9820883374999999 0.6674706390625 0.9550246343750001 0.740435934375 0.67735531875 0.7833362187499999 0.4761584515625 0.7120912359375 0.4223138546875 0.5780446171875 0.98351919375 0.6272199625 0.9820883374999999
3 0.6620704515625 0.43884241875 0.6451095203125 0.5423572328125 0.680583740625 0.54756940625 0.697544671875 0.4440545921875 0.6620704515625 0.43884241875
3 0.5672483234375 0.564044346875 0.55214249375 0.656237228125 0.6021288953124999 0.663581653125 0.6172347234375 0.5713887734374999 0.5672483234375 0.564044346875
3 0.599146603125 0.65154896875 0.5813906281250001 0.7599160406250001 0.613639921875 0.7646543796875 0.631395896875 0.656287309375 0.599146603125 0.65154896875
3 0.5291050921875 0.68597951875 0.5155893515625001 0.7684678859375 0.5478386421875 0.7732062265625 0.561354384375 0.6907178578125001 0.5291050921875 0.68597951875
3 0.5429152515625 0.8536443390624999 0.52727939375 0.94907205625 0.586940584375 0.9578379859374999 0.6025764421875001 0.86241026875 0.5429152515625 0.8536443390624999
3 0.585167965625 0.767096465625 0.5790726296875001 0.8042971031249999 0.60809699375 0.8085616078125 0.614192328125 0.771360971875 0.585167965625 0.767096465625
3 0.688959346875 0.6879340203125001 0.6722634296875001 0.7898314140625 0.71096258125 0.7955174234375 0.727658496875 0.6936200296874999 0.688959346875 0.6879340203125001
0 0.828874309375 0.5160029374999999 0.78369001875 0.48104368593749997 0.6741103749999999 0.9584516109375001 0.736996228125 0.9129089765625 0.828874309375 0.5160029374999999
3 0.771564915625 0.5062773468749999 0.7559290578125 0.6017050640625 0.7833409546875 0.6057326546875 0.7989768125000001 0.5103049359375 0.771564915625 0.5062773468749999
3 0.72045835 0.7174074796875 0.7034974187499999 0.8209222921875 0.7357467109375 0.8256606312500001 0.7527076421875 0.72214581875 0.72045835 0.7174074796875
3 0.74550398125 0.6250186828125 0.7306631671875 0.7155941421875001 0.758075065625 0.71962173125 0.7729158796875 0.6290462703124999 0.74550398125 0.6250186828125
3 0.77636106875 0.608019825 0.7631103421875001 0.6888907718749999 0.7905222375000001 0.692918359375 0.8037729656250001 0.6120474125 0.77636106875 0.608019825
0 0.8312151890624999 0.5186674375 0.764605803125 0.8009013546875 0.7403412234375 0.9101506796875001 0.7846619453125 0.8790583812499999 0.8637999765625001 0.5429553625 0.8312151890624999 0.5186674375
3 0.8072817750000001 0.49993067187499995 0.7993313375 0.548453240625 0.815455984375 0.550822409375 0.8234064203125 0.5022998421875 0.8072817750000001 0.49993067187499995
0 0.8759997484375001 0.03299644375 0.7671921375 0.46097781718749997 0.821207703125 0.5034741328125001 0.9208185625 0.096098165625 0.90745325625 0.037617859375 0.8759997484375001 0.03299644375
3 0.7917507765625 0.4032363671875 0.7824752671875 0.4598460328125 0.8195619515624999 0.465295121875 0.8288374609375 0.4086854578125 0.7917507765625 0.4032363671875
3 0.8823256453124999 0.0620839703125 0.872785121875 0.1203110515625 0.9130967375000001 0.1262339765625 0.922637259375 0.06800689374999999 0.8823256453124999 0.0620839703125
3 0.7977566 0.326270009375 0.78874610625 0.381262253125 0.8226078625 0.386237509375 0.8316183578125 0.331245265625 0.7977566 0.326270009375
3 0.8336902078125 0.1775084671875 0.8164642625 0.2826406984375 0.85193848125 0.287852871875 0.8691644265624999 0.18272064062499999 0.8336902078125 0.1775084671875
3 0.8568583578125001 0.0865001703125 0.8444026750000001 0.1625188609375 0.8718145734375 0.16654644999999998 0.8842702546875 0.09052776093750001 0.8568583578125001 0.0865001703125
0 0.9394386765625 0.189741496875 0.9195256890625 0.10249719531249998 0.8216739609375001 0.5062822546875 0.8553209078125 0.5332687515625001 0.9394386765625 0.189741496875
3 0.8898166968749999 0.16753511875 0.8837213625 0.20473575312499998 0.8966210796875 0.2066310890625 0.9027164140625 0.1694304546875 0.8898166968749999 0.16753511875
3 0.8375829421875001 0.355310634375 0.8306925625 0.3973635265625 0.8452047453124999 0.3994957796875 0.8520951234374999 0.35744288750000003 0.8375829421875001 0.355310634375
3 0.8859309890624999 0.231562125 0.8673799703125 0.344781453125 0.8883420093750001 0.3478613734375 0.906893028125 0.2346420453125 0.8859309890624999 0.231562125
0 0.9752988437500001 0.346842009375 0.9387732484375 0.1908296765625 0.8570819437500001 0.5337477921875 0.918914209375 0.5820519390625 0.9752988437500001 0.346842009375
3 0.92613071875 0.187777896875 0.9208304265624999 0.220126275 0.9321176781249999 0.22178469375 0.9374179687499999 0.18943631562500002 0.92613071875 0.187777896875
3 0.8490492140624999 0.4365004984375 0.842158834375 0.478553390625 0.86795826875 0.4823440609375 0.8748486453125001 0.4402911703125 0.8490492140624999 0.4365004984375
3 0.8152581015625 0.582264121875 0.80624760625 0.637256365625 0.830434575 0.6408101203125 0.8394450703125 0.5858178765625001 0.8152581015625 0.582264121875
0 0.9305309765625 0.5973806546875 0.8584150718749999 0.5383098234375 0.7878411796875 0.8721215843750001 0.8826777109374999 0.8077432078125 0.9305309765625 0.5973806546875
3 0.8312484828125 0.5249847062499999 0.8246231187499999 0.56542018125 0.85203501875 0.56944776875 0.85866038125 0.5290122953124999 0.8312484828125 0.5249847062499999
3 0.76362150625 0.7966290921875 0.7530209250000001 0.8613258484375 0.7820452875 0.8655903531250001 0.79264586875 0.8008935968750001 0.76362150625 0.7966290921875
3 0.78089220625 0.7113797203125001 0.7724117406250001 0.7631371265625 0.796598709375 0.76669088125 0.8050791734375 0.714933475 0.78089220625 0.7113797203125001
3 0.8017647374999999 0.67469391875 0.7967294609375 0.7054248796875 0.8160790359375 0.7082678828125 0.8211143109375 0.677536921875 0.8017647374999999 0.67469391875
3 0.8033583359375 0.7859039921875 0.7935527984374999 0.84574849375 0.8080649796875001 0.847880746875 0.81787051875 0.7880362437499999 0.8033583359375 0.7859039921875
3 0.8279634484375 0.7365157546875001 0.8229281703125 0.7672467140625 0.8293780312499999 0.7681943828125 0.8344133078124999 0.7374634234374999 0.8279634484375 0.7365157546875001
3 0.8441740921875001 0.6577360609375 0.8327784656249999 0.727285075 0.8456781828125 0.7291804109375 0.8570738078125 0.6596313968749999 0.8441740921875001 0.6577360609375
3 0.8414120578125001 0.624203096875 0.8337266375000001 0.671108246875 0.8498512828125 0.6734774156250001 0.8575367046875 0.626572265625 0.8414120578125001 0.624203096875
3 0.8681149078124999 0.5519340765625 0.855924240625 0.6263353484375 0.8720488859375 0.62870451875 0.8842395546875 0.5543032484375 0.8681149078124999 0.5519340765625
3 0.8806412390625 0.626654265625 0.8472494046874999 0.8304490546875 0.874661303125 0.8344766437500001 0.9080531359374999 0.6306818562500001 0.8806412390625 0.626654265625
3 0.9063511609375 0.590679215625 0.8697791546874999 0.8138830296874999 0.8955785890625 0.8176737015625 0.9321505953125 0.5944698875000001 0.9063511609375 0.590679215625