0 1 0.617163428125 0.739032384375 0.5501328 0.6174723296875 0.703393534375 1 0.801530546875 1 0.617163428125
3 0.632937534375 0.697713759375 0.83657323125 0.731079525 0.8494988015624999 0.6431076874999999 0.6458631046875001 0.6097419203125 0.632937534375 0.697713759375
3 1 0.6002000749999999 0.7828295953125 0.56461664375 0.771892571875 0.6390543546874999 1 0.6764298203125 1 0.6002000749999999
0 1 0.803749278125 0.6175847937500001 0.7058097359375 0.5489170796875 0.7903273265624999 0.99219769375 0.9019690515625 1 0.8488663093750001 1 0.803749278125
3 0.8626013359375 0.7786565921874999 0.9678131109375 0.7958955703124999 0.9735301906249999 0.7569849484375 0.8683184140625 0.73974596875 0.8626013359375 0.7786565921874999
0 0 0.4351818640625 0.692060128125 0.60443888125 0.9178103203125 0.331782896875 0.046620821875 0.09907964062499999 0 0.41638242812500004 0 0.4351818640625
3 0.2805137765625 0.281342734375 0.5995430359375 0.33361576875 0.6132143125 0.24056862968749998 0.2941850546875 0.1882955984375 0.2805137765625 0.281342734375
3 0.6016415765625001 0.42578180468750004 0.8697619109374999 0.469713396875 0.8933759328124999 0.3089956140625 0.6252555984375 0.2650640234375 0.6016415765625001 0.42578180468750004
3 0 0.429419821875 0.1203108875 0.44913279375000004 0.1369649859375 0.3357844625 0.014783567187499999 0.315765003125 0 0.4163824296875 0 0.429419821875
3 0.14117159375 0.44908583750000003 0.2718378328125 0.4704955375 0.2879947953125 0.36053073750000003 0.1573285546875 0.3391210390625 0.14117159375 0.44908583750000003
3 0.2887214421875 0.4975168390625 0.42108464375 0.5192045875 0.44171584218750004 0.378788 0.3093526390625 0.3571002515625 0.2887214421875 0.4975168390625
3 0.48275852500000005 0.5015899640625 0.6015460140625 0.5210533265625 0.6124830343750001 0.446615615625 0.49369554375 0.42715225468750007 0.48275852500000005 0.5015899640625
3 0.6205376921875 0.5692099671874999 0.722355540625 0.5858928515625 0.73105544375 0.5266810343749999 0.6292375953125 0.5099981515625001 0.6205376921875 0.5692099671874999
0 0 0.5931649421875 0.5855770015624999 0.7347092453124999 0.68758299375 0.608369178125 0 0.43829540624999996 0 0.5931649421875
3 0.44401040312499995 0.5524133796874999 0.6035250328124999 0.578549896875 0.6084964078125 0.5447145734375 0.448981775 0.5185780578125 0.44401040312499995 0.5524133796874999
3 0.47421162812500006 0.6543815328125 0.5845142984375 0.6724546578124999 0.5904799453125 0.63185226875 0.48017727499999996 0.6137791453125 0.47421162812500006 0.6543815328125
0 0 0.6511364859375 0.0242364484375 0.687182309375 0.3155616328125 0.7637360625 0.526653428125 0.808746196875 0.5831461203125 0.7339973625 0 0.59471008125 0 0.6511364859375
3 0.45173045937499995 0.7009403187500001 0.560336165625 0.7187353937500001 0.565804675 0.6815165390625 0.45719896875000005 0.6637214640625 0.45173045937499995 0.7009403187500001
3 0.3300126921875 0.6186270375 0.42673964687500004 0.6344757750000001 0.434445275 0.5820310281250001 0.33771831875 0.5661822890625 0.3300126921875 0.6186270375
3 0.223969175 0.6307041796874999 0.33766577343750004 0.6493334 0.342637146875 0.615498075 0.228940546875 0.59686885625 0.223969175 0.6307041796874999
3 0.2149967453125 0.5616667718749999 0.3015419203125 0.5758472234374999 0.3065132921875 0.5420119 0.2199681203125 0.5278314515625 0.2149967453125 0.5616667718749999
3 0.0212847359375 0.6026917609375 0.12140562031249999 0.6190965953124999 0.1306026609375 0.556501246875 0.0304817765625 0.5400964125 0.0212847359375 0.6026917609375
3 0.177902575 0.6248886484375 0.2169327515625 0.6312837546875001 0.22140698749999999 0.6008319640625001 0.182376809375 0.5944368578125 0.177902575 0.6248886484375
3 0.1915882765625 0.7328132 0.29849701875 0.7503302265625 0.30446266718750004 0.7097278390625 0.19755392656249998 0.6922108109375 0.1915882765625 0.7328132
0 0.020640932812500002 0.694148590625 0.06842336875 0.760127190625 0.48484937656250005 0.8565238656249999 0.5215279359375 0.8091173968750001 0.020640932812500002 0.694148590625
3 0.3907067234375 0.8087511656249999 0.49082760781249996 0.825156 0.49505327499999996 0.7963959765624999 0.3949323921875 0.7799911421875 0.3907067234375 0.8087511656249999
3 0.159962615625 0.758816221875 0.268568321875 0.776611296875 0.27353969375 0.7427759734375 0.1649339890625 0.7249808984375 0.159962615625 0.758816221875
3 0.27121654375 0.7822426921875001 0.3662465359375 0.79781338125 0.3704722015625 0.7690533578125 0.2754422109375 0.7534826671875 0.27121654375 0.7822426921875001
3 0.299233196875 0.8162856265625 0.384081403125 0.8301880296874999 0.38830706875 0.8014280062499999 0.3034588625 0.7875256046875 0.299233196875 0.8162856265625
0 0.4565714234375 0.8931671890624999 0.4820538359375 0.8589798703125 0.18593956250000002 0.7890946125 0.0713173203125 0.76363669375 0.103938746875 0.8101371234375 0.4565714234375 0.8931671890624999
3 0.448317471875 0.8424456234375001 0.49922639531249996 0.8507870640625 0.50171208125 0.833869403125 0.4508031578125 0.8255279609375 0.448317471875 0.8424456234375001
0 0.986761590625 0.9389673515625001 0.9916102890625 0.9059669484375 0.5425806515625 0.79180814375 0.497994353125 0.8484802124999999 0.925405203125 0.9529899671875001 0.986761590625 0.9389673515625001
3 0.5380510203125 0.8467535234374999 0.5974447656249999 0.8564852046875 0.6031618437499999 0.8175745859375001 0.5437680968749999 0.807842903125 0.5380510203125 0.8467535234374999
3 0.893787303125 0.9448883796875001 0.9548780125 0.9548981078125 0.961092228125 0.9126039562500001 0.9000015203125 0.9025942265625 0.893787303125 0.9448883796875001
3 0.6209967109375001 0.8499492328124999 0.6786934921875 0.8594028671875 0.6839134328124999 0.8238757765625 0.626216653125 0.8144221437500001 0.6209967109375001 0.8499492328124999
3 0.7242199375 0.880722340625 0.83452260625 0.8987954640625 0.8399911156250001 0.8615766109375 0.729688446875 0.8435034890625 0.7242199375 0.880722340625
3 0.8514922484375 0.9015759453125 0.9312495625 0.9146442015625 0.9354752312500001 0.885884178125 0.8557179156249999 0.8728159218749999 0.8514922484375 0.9015759453125
0 0.4950481265625 0.8489694015625 0.466734425 0.8842711156249999 0.8271564625 0.972525825 0.9186914671874999 0.9516335093749999 0.4950481265625 0.8489694015625
3 0.8094362343749999 0.92760244375 0.8484664078125 0.9339975484374999 0.8504549578124999 0.9204634203125 0.811424784375 0.9140683140625001 0.8094362343749999 0.92760244375
3 0.6070863953125001 0.8736574375 0.6512074625000001 0.8808866875 0.6534445796874999 0.8656607921875 0.6093235124999999 0.8584315406249999 0.6070863953125001 0.8736574375
3 0.6612601984375 0.9189162062499999 0.780047690625 0.9383795703125 0.78327908125 0.9163866109375001 0.664491590625 0.896923246875 0.6612601984375 0.9189162062499999
0 0.7056818640625 1 0.826014765625 0.9718276703125 0.46623182500000004 0.8861187609375 0.4155520640625 0.9509919578125 0.6199903546875001 1 0.7056818640625 1
3 0.7935373703125 0.9648447765625001 0.827476653125 0.9704057374999999 0.8292166328125001 0.9585633765624999 0.7952773515625 0.9530024140625001 0.7935373703125 0.9648447765625001
3 0.5201636078125 0.8975299874999999 0.5642846734375 0.904759234375 0.568261771875 0.877690978125 0.5241407046875 0.870461728125 0.5201636078125 0.8975299874999999
3 0.35390413593750003 0.8581608656249999 0.41160091562499995 0.8676145 0.41532944531249993 0.8422380078125 0.357632665625 0.8327843734375 0.35390413593750003 0.8581608656249999
0 0.1112166984375 0.8134727125 0.178761225 0.9129733359375001 0.3994694765625 0.963180040625 0.46144543125000004 0.887517453125 0.1112166984375 0.8134727125
3 0.4287761109375 0.8808236265625 0.47120021406249996 0.8877748265625 0.47542588124999996 0.8590148015624999 0.43300177656249994 0.8520635999999999 0.4287761109375 0.8808236265625
3 0.1180691375 0.8073917765624999 0.1859477015625 0.8185136984374999 0.1904219359375 0.7880619078125 0.122543371875 0.7769399875 0.1180691375 0.8073917765624999
3 0.22183251875 0.8226609406250001 0.2761353703125 0.8315584765624999 0.2798639 0.8061819874999999 0.225561046875 0.7972844484375 0.22183251875 0.8226609406250001
3 0.283128778125 0.8430993156250001 0.3153710984375 0.848382228125 0.318353921875 0.8280810359374999 0.2861116015625 0.8227981234374999 0.283128778125 0.8430993156250001
3 0.13664970781250002 0.8346911265625 0.199437384375 0.8449789046875 0.20167449999999998 0.8297530078124999 0.1388868265625 0.81946523125 0.13664970781250002 0.8346911265625
3 0.2202550734375 0.8570523609375 0.2524973921875 0.8623352734375 0.2534916671875 0.8555682078125001 0.2212493484375 0.8502852937500001 0.2202550734375 0.8570523609375
3 0.261187765625 0.874154159375 0.3341572234375 0.886110225 0.336145771875 0.872576096875 0.26317631406249997 0.8606200296875001 0.261187765625 0.874154159375
3 0.31963025312500004 0.8785324937500001 0.36884221250000004 0.8865958875000001 0.3713278984375 0.869678225 0.3221159375 0.8616148328125 0.31963025312500004 0.8785324937500001
3 0.3666050953125 0.90182178125 0.44466544375000006 0.9146119921875 0.44715113281249996 0.8976943296875 0.36909078125 0.8849041218749999 0.3666050953125 0.90182178125
3 0.1507130296875 0.904562678125 0.3645305109375 0.9395967328125 0.36875617968749996 0.9108367093749999 0.154938696875 0.8758026546875 0.1507130296875 0.904562678125
3 0.1683423453125 0.926508684375 0.40252339687500005 0.9648793124999999 0.40650049531250004 0.9378110546875 0.17231944375 0.8994404250000001 0.1683423453125 0.926508684375