0 0.476397465625 1 0.5038373703125 0.694762975 0.3308979234375 0.5961609 0.2947116359375 1 0.476397465625 1
3 0.3391003453125 0.61072664375 0.3391003453125 0.8183391 0.42906574375 0.8183391 0.42906574375 0.61072664375 0.3391003453125 0.61072664375
3 0.4965397921875 1 0.4965397921875 0.7404844296875 0.420415225 0.7404844296875 0.420415225 1 0.4965397921875 1
0 0.29252855 1 0.3285034609375 0.596626296875 0.23286678125 0.540626296875 0.193763259375 1 0.29252855 1
3 0.2958477515625 0.8512110734375 0.2958477515625 0.958477509375 0.3356401390625 0.958477509375 0.3356401390625 0.8512110734375 0.2958477515625 0.8512110734375
0 0.4931882359375 0 0.441920415625 0.65594290625 0.7511384078125001 0.8408079578125 0.8349378062499999 0 0.4931882359375 0
3 0.6972318343749999 0.1989619375 0.6972318343749999 0.524221453125 0.79238754375 0.524221453125 0.79238754375 0.1989619375 0.6972318343749999 0.1989619375
3 0.6055363328125 0.5397923875 0.6055363328125 0.8131487890625 0.76989619375 0.8131487890625 0.76989619375 0.5397923875 0.6055363328125 0.5397923875
3 0.5034602078125 0 0.5034602078125 0.064013840625 0.6193771625 0.064013840625 0.6193771625 0 0.5034602078125 0
3 0.506920415625 0.08477508593750001 0.506920415625 0.21799307968749998 0.6193771625 0.21799307968749998 0.6193771625 0.08477508593750001 0.506920415625 0.08477508593750001
3 0.48269896250000005 0.238754325 0.48269896250000005 0.37370242187499997 0.626297578125 0.37370242187499997 0.626297578125 0.238754325 0.48269896250000005 0.238754325
3 0.5103806234375 0.43252595156250007 0.5103806234375 0.55363321875 0.586505190625 0.55363321875 0.586505190625 0.43252595156250007 0.5103806234375 0.43252595156250007
3 0.46539792343749997 0.579584775 0.46539792343749997 0.683391003125 0.5259515578125 0.683391003125 0.5259515578125 0.579584775 0.46539792343749997 0.579584775
0 0.33732407656249996 0 0.294406575 0.5689878890625 0.437262975 0.652060553125 0.489962021875 0 0.33732407656249996 0
3 0.453287196875 0.4013840828125 0.453287196875 0.564013840625 0.48788927343750005 0.564013840625 0.48788927343750005 0.4013840828125 0.453287196875 0.4013840828125
3 0.356401384375 0.44636678124999996 0.356401384375 0.5588235296875 0.397923875 0.5588235296875 0.397923875 0.44636678124999996 0.356401384375 0.44636678124999996
0 0.2534908296875 0 0.25001903125 0.0031868515625000002 0.2212387546875 0.3044169546875 0.21083045 0.521155709375 0.29471972343749997 0.5664636671875 0.3358926875 0 0.2534908296875 0
3 0.3062283734375 0.43079584843749996 0.3062283734375 0.541522490625 0.3442906578125 0.541522490625 0.3442906578125 0.43079584843749996 0.3062283734375 0.43079584843749996
3 0.36851211093749997 0.2975778546875 0.36851211093749997 0.396193771875 0.42214532812499994 0.396193771875 0.42214532812499994 0.2975778546875 0.36851211093749997 0.2975778546875
3 0.3391003453125 0.1937716265625 0.3391003453125 0.30968858125 0.37370242187499997 0.30968858125 0.37370242187499997 0.1937716265625 0.3391003453125 0.1937716265625
3 0.40657439375 0.174740484375 0.40657439375 0.262975778125 0.44117647031249996 0.262975778125 0.44117647031249996 0.174740484375 0.40657439375 0.174740484375
3 0.333910034375 0 0.333910034375 0.0899653984375 0.397923875 0.0899653984375 0.397923875 0 0.333910034375 0
3 0.3373702421875 0.1470588234375 0.3373702421875 0.18685121093749998 0.36851211093749997 0.18685121093749998 0.36851211093749997 0.1470588234375 0.3373702421875 0.1470588234375
3 0.231833909375 0.1764705875 0.231833909375 0.28546712812499997 0.27335640156249996 0.28546712812499997 0.27335640156249996 0.1764705875 0.231833909375 0.1764705875
0 0.2424740484375 0.000626296875 0.18440484375 0.05784775156250001 0.156278546875 0.48652595156249995 0.2096211078125 0.5161072671875 0.2424740484375 0.000626296875
3 0.188581315625 0.3858131484375 0.188581315625 0.48788927343750005 0.21799307968749998 0.48788927343750005 0.21799307968749998 0.3858131484375 0.188581315625 0.3858131484375
3 0.20069204218749997 0.1487889265625 0.20069204218749997 0.2595155703125 0.23529411718749998 0.2595155703125 0.23529411718749998 0.1487889265625 0.20069204218749997 0.1487889265625
3 0.1955017296875 0.262975778125 0.1955017296875 0.3598615921875 0.2249134953125 0.3598615921875 0.2249134953125 0.262975778125 0.1955017296875 0.262975778125
3 0.166089965625 0.2958477515625 0.166089965625 0.382352940625 0.1955017296875 0.382352940625 0.1955017296875 0.2958477515625 0.166089965625 0.2958477515625
0 0.181373703125 0.0612422140625 0.1402750859375 0.1005207609375 0.1150588234375 0.46373356406250005 0.1533685125 0.48410207656250004 0.1747058828125 0.179079584375 0.181373703125 0.0612422140625
3 0.1643598609375 0.4480968859375 0.1643598609375 0.5 0.1816609 0.5 0.1816609 0.4480968859375 0.1643598609375 0.4480968859375
0 0.189670828125 1 0.23035121093750002 0.5345346015625 0.1664619375 0.4984359859375 0.1320311421875 0.9392370250000001 0.15677843125 1 0.189670828125 1
3 0.174740484375 0.538062284375 0.174740484375 0.5986159171875001 0.214532871875 0.5986159171875001 0.214532871875 0.538062284375 0.174740484375 0.538062284375
3 0.134948096875 0.90657439375 0.134948096875 0.96885813125 0.1782006921875 0.96885813125 0.1782006921875 0.90657439375 0.134948096875 0.90657439375
3 0.1851211078125 0.6211072671875 0.1851211078125 0.6799307953125 0.2214532875 0.6799307953125 0.2214532875 0.6211072671875 0.1851211078125 0.6211072671875
3 0.1712802765625 0.728373703125 0.1712802765625 0.84083045 0.2093425609375 0.84083045 0.2093425609375 0.728373703125 0.1712802765625 0.728373703125
3 0.1712802765625 0.8581314875 0.1712802765625 0.9394463671875 0.20069204218749997 0.9394463671875 0.20069204218749997 0.8581314875 0.1712802765625 0.8581314875
0 0.16549134999999998 0.49557439375 0.12560553593749998 0.47255017343750005 0.0964463671875 0.8442820062499999 0.13228719687499998 0.932354671875 0.16549134999999998 0.49557439375
3 0.1384083046875 0.8200692046875 0.1384083046875 0.8598615921875 0.152249134375 0.8598615921875 0.152249134375 0.8200692046875 0.1384083046875 0.8200692046875
3 0.15916955 0.61072664375 0.15916955 0.6557093421875 0.174740484375 0.6557093421875 0.174740484375 0.61072664375 0.15916955 0.61072664375
3 0.1228373703125 0.6712802765625 0.1228373703125 0.79238754375 0.1453287203125 0.79238754375 0.1453287203125 0.6712802765625 0.1228373703125 0.6712802765625
0 0.1236782 0.47232006875000004 0.0506020765625 0.431354671875 0.03190484375 0.6856903109375 0.096956746875 0.8430432531250001 0.1236782 0.47232006875000004
3 0.0986159171875 0.80968858125 0.0986159171875 0.8442906578124999 0.11072664375 0.8442906578124999 0.11072664375 0.80968858125 0.0986159171875 0.80968858125
3 0.1211072671875 0.5276816609375 0.1211072671875 0.572664359375 0.1487889265625 0.572664359375 0.1487889265625 0.5276816609375 0.1211072671875 0.5276816609375
3 0.13321799375 0.356401384375 0.13321799375 0.4152249140625 0.15916955 0.4152249140625 0.15916955 0.356401384375 0.13321799375 0.356401384375
0 0.13813494843750002 0.10825432500000001 0.0498235296875 0.1900536328125 0.0357993078125 0.41712629687499997 0.1214982703125 0.46775951562499996 0.13813494843750002 0.10825432500000001
3 0.1228373703125 0.4342560546875 0.1228373703125 0.47750865 0.152249134375 0.47750865 0.152249134375 0.4342560546875 0.1228373703125 0.4342560546875
3 0.1453287203125 0.1141868515625 0.1453287203125 0.183391003125 0.1764705875 0.183391003125 0.1764705875 0.1141868515625 0.1453287203125 0.1141868515625
3 0.1470588234375 0.2197231828125 0.1470588234375 0.2750865046875 0.17301038124999998 0.2750865046875 0.17301038124999998 0.2197231828125 0.1470588234375 0.2197231828125
3 0.1366782 0.28373702500000003 0.1366782 0.316608996875 0.157439446875 0.316608996875 0.157439446875 0.28373702500000003 0.1366782 0.28373702500000003
3 0.1211072671875 0.1366782 0.1211072671875 0.20069204218749997 0.1366782 0.20069204218749997 0.1366782 0.1366782 0.1211072671875 0.1366782
3 0.112456746875 0.22318339062499998 0.112456746875 0.25605536406249996 0.1193771625 0.25605536406249996 0.1193771625 0.22318339062499998 0.112456746875 0.22318339062499998
3 0.102076125 0.2664359859375 0.102076125 0.34083045 0.1159169546875 0.34083045 0.1159169546875 0.2664359859375 0.102076125 0.2664359859375
3 0.1072664359375 0.325259515625 0.1072664359375 0.3754325265625 0.1245674734375 0.3754325265625 0.1245674734375 0.325259515625 0.1072664359375 0.325259515625
3 0.0916955015625 0.3754325265625 0.0916955015625 0.4550173015625 0.1089965390625 0.4550173015625 0.1089965390625 0.3754325265625 0.0916955015625 0.3754325265625
3 0.05363321875 0.1608996546875 0.05363321875 0.3788927328125 0.0830449828125 0.3788927328125 0.0830449828125 0.1608996546875 0.05363321875 0.1608996546875
3 0.0346020765625 0.1816609 0.0346020765625 0.420415225 0.062283737500000005 0.420415225 0.062283737500000005 0.1816609 0.0346020765625 0.1816609