0 0 0.4097381484375 0.2650167421875 0.4778088109375 0.38617954062500004 0.325048928125 0 0.22597503125 0 0.4097381484375
3 0.154911325 0.3851377625 0.3578815453125 0.41839449218749997 0.3707648765625 0.3307101421875 0.1677946546875 0.297453415625 0.154911325 0.3851377625
3 0 0.427101965625 0.2213626578125 0.4633722984375 0.2322639390625 0.38917785 0 0.3511213375 0 0.427101965625
0 0 0.22376571250000002 0.38606744375 0.32264062187500003 0.454510753125 0.23839923437500002 0.0126787703125 0.1271223515625 0 0.2134144515625 0 0.22376571250000002
3 0.03128526875 0.2716326484375 0.1361532140625 0.2888152921875 0.14185160937500002 0.250031828125 0.0369836640625 0.2328491859375 0.03128526875 0.2716326484375
0 1 0.5919844671875001 0.31183549374999997 0.4236802 0.086823046875 0.6954451515625 0.9551655218749999 0.9273879390624999 1 0.62224305625 1 0.5919844671875001
3 0.3904236421875 0.7863613328125 0.708410321875 0.8384635375 0.722036921875 0.7457204765625 0.40405024218749996 0.6936182703125 0.3904236421875 0.7863613328125
3 0.11117758281250001 0.718157965625 0.3784217078125 0.761945990625 0.40195855937499997 0.6017534296875 0.134714434375 0.5579654046875 0.11117758281250001 0.718157965625
3 1 0.597859571875 0.8817162734374999 0.5784787515625001 0.8651166 0.6914566640625 0.9868987312499999 0.7114107 1 0.62224305625 1 0.597859571875
3 0.7145803515625 0.6667912578124999 0.844819578125 0.688130990625 0.8609237390625 0.5785255546875 0.7306845125 0.5571858203125 0.7145803515625 0.6667912578124999
3 0.5613616593749999 0.648593659375 0.6932923046874999 0.670210534375 0.713856078125 0.5302528234375 0.5819254359375 0.5086359515625001 0.5613616593749999 0.648593659375
3 0.39115253125 0.580987703125 0.5095518265625001 0.600387459375 0.5204531046875001 0.526193009375 0.402053809375 0.506793253125 0.39115253125 0.580987703125
3 0.2729676125 0.5011839359375 0.3744527234375 0.5178123 0.3831241953125 0.4587939875 0.28163908437499996 0.44216562187499997 0.2729676125 0.5011839359375
0 1 0.43452233125 0.41797063593750006 0.29383555625 0.31629799687500004 0.41976274687500004 1 0.58887655625 1 0.43452233125
3 0.3951261296875 0.48320932968749997 0.554119471875 0.5092604328125 0.5590745984375001 0.47553568281249997 0.40008125781250004 0.44948457968750005 0.3951261296875 0.48320932968749997
3 0.4130837140625 0.3963563984375 0.5230259187499999 0.414370459375 0.5289720703125 0.373900759375 0.41902986562500005 0.3558866984375 0.4130837140625 0.3963563984375
0 1 0.37470504375 0.9774767421874999 0.341207175 0.6871036015625 0.2649035984375 0.47670164843749996 0.22004055625 0.42039357343750006 0.2945451125 1 0.43298692031249997 1 0.37470504375
3 0.437678346875 0.3468544296875 0.5459291328125 0.3645913515625 0.551379771875 0.327494128125 0.4431289859375 0.30975720625 0.437678346875 0.3468544296875
3 0.5686084671875 0.44601482499999995 0.6650193234375 0.461811771875 0.67269976875 0.40953840937499997 0.5762889140625 0.393741465625 0.5686084671875 0.44601482499999995
3 0.66011656875 0.412657146875 0.7734416109375 0.4312254875 0.7783967374999999 0.3975007359375 0.6650716953125 0.3789323953125 0.66011656875 0.412657146875
3 0.696122371875 0.485903171875 0.7823847171875 0.5000372796875 0.7873398453125 0.46631253125 0.7010774984375 0.45217842187499996 0.696122371875 0.485903171875
3 0.8714581328125 0.47146117500000007 0.9712518234375 0.48781239843749996 0.9804188093749999 0.4254216109375 0.8806251171874999 0.4090703875 0.8714581328125 0.47146117500000007
3 0.7809505515625 0.4272753296875 0.8198531796875 0.4336495375 0.8243127921875001 0.4032972609375 0.7854101671875 0.39692305625 0.7809505515625 0.4272753296875
3 0.6981662953125001 0.3187353234375 0.8047256624999999 0.33619510625000004 0.810671815625 0.2957254046875 0.70411245 0.2782656234375 0.6981662953125001 0.3187353234375
0 0.518369084375 0.17241902343749999 0.48181039062500003 0.21967056875000002 0.9810605078125001 0.334263659375 0.9334342234375 0.2685006765625 0.518369084375 0.17241902343749999
3 0.5081985328124999 0.23235041562499997 0.6079922234375 0.2487016390625 0.6122040828124999 0.220035603125 0.512410390625 0.2036843796875 0.5081985328124999 0.23235041562499997
3 0.7289882140625 0.2857951890625 0.8372389984374999 0.3035321109375 0.8421941234375 0.2698073609375 0.733943340625 0.25207043906250004 0.7289882140625 0.2857951890625
3 0.632372478125 0.2596036796875 0.7270919140625 0.27512348593749997 0.7313037718750001 0.2464574484375 0.636584334375 0.23093764218750001 0.632372478125 0.2596036796875
3 0.6145958953124999 0.22733482968750002 0.6991668203125 0.2411917984375 0.7033786765625 0.2125257640625 0.6188077515625 0.19866879375 0.6145958953124999 0.22733482968750002
0 0.8163020703124999 0.23962791874999997 0.9305497296875 0.26500264218749997 0.8980349078125001 0.218654175 0.546554628125 0.13589545 0.521155490625 0.16997104375 0.8163020703124999 0.23962791874999997
3 0.5015614875 0.1949994515625 0.5523040421875 0.203313634375 0.5547816046875 0.1864512578125 0.50403905 0.1781370765625 0.5015614875 0.1949994515625
0 0.460826475 0.23692325468750003 0.5052670671875 0.18043638906249998 0.079252984375 0.07626817031250001 0.0180971078125 0.0902449609375 0.0132642546875 0.12313751875000001 0.460826475 0.23692325468750003
3 0.40044325937499997 0.21124101875 0.459642909375 0.22094089687500001 0.4653413046875 0.1821574359375 0.40614165468749996 0.1724575578125 0.40044325937499997 0.21124101875
3 0.043682582812499995 0.1165222015625 0.10457364843750001 0.12649921875 0.1107675578125 0.08434328125 0.049876490625 0.07436626406249999 0.043682582812499995 0.1165222015625
3 0.319955565625 0.20496041874999998 0.37746379375 0.21438315624999998 0.38266667656250003 0.17897217031249998 0.32515844843749997 0.1695494296875 0.319955565625 0.20496041874999998
3 0.1643879390625 0.16738278906249998 0.2743301421875 0.18539685 0.27978078125 0.148299628125 0.169838578125 0.1302855671875 0.1643879390625 0.16738278906249998
3 0.0692158640625 0.1431546578125 0.148712534375 0.156180209375 0.1529243921875 0.127514171875 0.07342772343750001 0.114488621875 0.0692158640625 0.1431546578125
0 0.17718065 0.0567961546875 0.0859447796875 0.07762019375 0.508203665625 0.1799487984375 0.5364248375 0.14476245000000001 0.17718065 0.0567961546875
3 0.15395829375 0.10868842187500001 0.19286091875 0.11506262812500001 0.19484296875 0.10157272656250001 0.1559403453125 0.095198521875 0.15395829375 0.10868842187500001
3 0.350324846875 0.16331195625 0.3943017265625 0.17051758125 0.396531534375 0.15534144218749998 0.352554653125 0.14813581874999998 0.350324846875 0.16331195625
3 0.220914640625 0.11275190625 0.3393139375 0.132151665625 0.3425347703125 0.11023057812499999 0.224135471875 0.0908308203125 0.220914640625 0.11275190625
0 0.34146876875 0.0192953265625 0.178318615625 0.057492028125000004 0.5369257953125001 0.14292084375 0.5874399359375 0.07825965 0.34146876875 0.0192953265625
3 0.17512721250000002 0.0707129734375 0.20895558125 0.0762557625 0.2106898765625 0.0644521015625 0.17686150625 0.058909314062499996 0.17512721250000002 0.0707129734375
3 0.4352292796875 0.1513210828125 0.479206159375 0.158526709375 0.483170259375 0.1315469078125 0.43919338124999996 0.1243412859375 0.4352292796875 0.1513210828125
3 0.5876618265625 0.18665819374999998 0.64517005625 0.19608093437500002 0.6488864000000001 0.17078737187499998 0.591378171875 0.1613646328125 0.5876618265625 0.18665819374999998
0 0.603469965625 0.06611139687499999 0.541696546875 0.14152672187499998 0.8907807421875 0.21532948593749998 0.82345695 0.116154028125 0.603469965625 0.06611139687499999
3 0.527761784375 0.16993622656250001 0.5700472484375 0.1768647125 0.5742591046875 0.14819867343749998 0.5319736421875 0.1412701890625 0.527761784375 0.16993622656250001
3 0.8118343453125 0.24065724843749997 0.8794910828125 0.2517428234375 0.8839506953124999 0.2213905484375 0.8162939578125 0.2103049734375 0.8118343453125 0.24065724843749997
3 0.722684675 0.22259638593750003 0.7768100671875 0.23146484687500002 0.7805264125 0.206171284375 0.7264010203125 0.19730282500000001 0.722684675 0.22259638593750003
3 0.6843204375 0.2007689015625 0.716457390625 0.20603454999999998 0.719430465625 0.1857997015625 0.6872935124999999 0.1805340546875 0.6843204375 0.2007689015625
3 0.8006185546875001 0.19910239375 0.8632010390625 0.20935655 0.8654308468749999 0.1941804140625 0.802848359375 0.18392625468749998 0.8006185546875001 0.19910239375
3 0.7489707234375 0.1733715578125 0.781107675 0.1786372078125 0.7820987015624999 0.1718922546875 0.74996175 0.16662660625 0.7489707234375 0.1733715578125
3 0.6665867296875 0.15641925 0.739317725 0.1683362453125 0.7412997765625 0.1548463453125 0.6685687812500001 0.1429293515625 0.6665867296875 0.15641925
3 0.631519578125 0.15930765156249999 0.6805707156249999 0.1673446921875 0.683048278125 0.15048231875 0.633997140625 0.1424452765625 0.631519578125 0.15930765156249999
3 0.5559441328125 0.13138310312499998 0.633749384375 0.1441315125 0.6362269484375 0.12726913906249998 0.5584216984375 0.11452072656250001 0.5559441328125 0.13138310312499998
3 0.6340828921874999 0.118283671875 0.8472016265625 0.1532032375 0.851413484375 0.12453719999999999 0.6382947515625 0.0896176359375 0.6340828921874999 0.118283671875
3 0.5964619250000001 0.091397478125 0.829877678125 0.1296427140625 0.8338417796875 0.10266291406250001 0.6004260265625 0.064417678125 0.5964619250000001 0.091397478125