0 0.9984375 0.33026875 0.5993453125 0.3660296875 0.6883953125 0.5222156250000001 0.9984375 0.49434374999999997 0.9984375 0.33026875
3 0.8 0.3734375 0.6125 0.3734375 0.6125 0.4546875 0.8 0.4546875 0.8 0.3734375
3 0.98125 0.446875 0.7296875 0.446875 0.7296875 0.515625 0.98125 0.515625 0.98125 0.446875
0 0.549190625 0.27749531250000004 0.5997656250000001 0.3638671875 0.9989531250000001 0.328265625 0.9983171875 0.23926406249999999 0.549190625 0.27749531250000004
3 0.9265625 0.334375 0.8296875 0.334375 0.8296875 0.3703125 0.9265625 0.3703125 0.9265625 0.334375
0 0 0.8273140625 0.8202921875 0.745559375 0.6533359375 0.466296875 0 0.5173609375 0 0.8273140625
3 0.534375 0.696875 0.240625 0.696875 0.240625 0.7828125 0.534375 0.7828125 0.534375 0.696875
3 0.7953125 0.6140625 0.5484375 0.6140625 0.5484375 0.7625 0.7953125 0.7625 0.7953125 0.6140625
3 0.11875 0.521875 0.003125 0.521875 0.003125 0.6265625 0.11875 0.6265625 0.11875 0.521875
3 0.2578125 0.525 0.1375 0.525 0.1375 0.6265625 0.2578125 0.6265625 0.2578125 0.525
3 0.3984375 0.503125 0.2765625 0.503125 0.2765625 0.6328125 0.3984375 0.6328125 0.3984375 0.503125
3 0.5609375 0.528125 0.4515625 0.528125 0.4515625 0.596875 0.5609375 0.596875 0.5609375 0.528125
3 0.678125 0.4875 0.584375 0.4875 0.584375 0.5421875 0.678125 0.5421875 0.678125 0.4875
0 0 0.514609375 0.6498296875 0.462090625 0.5748046875 0.3330734375 0 0.3764296875 0 0.514609375
3 0.5703125 0.4765625 0.4234375 0.4765625 0.4234375 0.5078125 0.5703125 0.5078125 0.5703125 0.4765625
3 0.565625 0.3890625 0.4640625 0.3890625 0.4640625 0.4265625 0.565625 0.4265625 0.565625 0.3890625
0 0.001884375 0.3748328125 0.572525 0.33335625 0.5316062500000001 0.25759375 0.3358640625 0.26699375000000003 0.063815625 0.2929859375 0.001884375 0.3604546875 0.001884375 0.3748328125
3 0.55 0.34375 0.45 0.34375 0.45 0.378125 0.55 0.378125 0.55 0.34375
3 0.41875 0.4 0.3296875 0.4 0.3296875 0.4484375 0.41875 0.4484375 0.41875 0.4
3 0.340625 0.3734375 0.2359375 0.3734375 0.2359375 0.4046875 0.340625 0.4046875 0.340625 0.3734375
3 0.2984375 0.434375 0.21875 0.434375 0.21875 0.465625 0.2984375 0.465625 0.2984375 0.434375
3 0.1421875 0.36875 0.05 0.36875 0.05 0.4265625 0.1421875 0.4265625 0.1421875 0.36875
3 0.2296875 0.371875 0.19375 0.371875 0.19375 0.4 0.2296875 0.4 0.2296875 0.371875
3 0.31875 0.2765625 0.2203125 0.2765625 0.2203125 0.3140625 0.31875 0.3140625 0.31875 0.2765625
0 0.11318125000000001 0.233728125 0.061503125000000006 0.286171875 0.527046875 0.2565015625 0.50033125 0.2083265625 0.11318125000000001 0.233728125
3 0.5015625 0.2375 0.409375 0.2375 0.409375 0.2640625 0.5015625 0.2640625 0.5015625 0.2375
3 0.2953125 0.2484375 0.1953125 0.2484375 0.1953125 0.2796875 0.2953125 0.2796875 0.2953125 0.2484375
3 0.3859375 0.24375 0.2984375 0.24375 0.2984375 0.2703125 0.3859375 0.2703125 0.3859375 0.24375
3 0.40625 0.2171875 0.328125 0.2171875 0.328125 0.24375 0.40625 0.24375 0.40625 0.2171875
0 0.22266875000000003 0.22496875 0.49814218749999994 0.2056984375 0.479746875 0.1711 0.1517203125 0.1938734375 0.116246875 0.230990625 0.22266875000000003 0.22496875
3 0.5125 0.215625 0.465625 0.215625 0.465625 0.23125 0.5125 0.23125 0.5125 0.215625
0 0.5436890625 0.2752234375 0.9984375 0.23547968749999998 0.9984375 0.222778125 0.9091859375 0.186428125 0.5110875 0.2175234375 0.5436890625 0.2752234375
3 0.6015625 0.225 0.546875 0.225 0.546875 0.2609375 0.6015625 0.2609375 0.6015625 0.225
3 0.9359375 0.1890625 0.8796875 0.1890625 0.8796875 0.228125 0.9359375 0.228125 0.9359375 0.1890625
3 0.675 0.234375 0.621875 0.234375 0.621875 0.2671875 0.675 0.2671875 0.675 0.234375
3 0.8203125 0.221875 0.71875 0.221875 0.71875 0.25625 0.8203125 0.25625 0.8203125 0.221875
3 0.909375 0.221875 0.8359375 0.221875 0.8359375 0.2484375 0.909375 0.2484375 0.909375 0.221875
0 0.487709375 0.18062499999999998 0.5085031250000001 0.216646875 0.9029703124999999 0.18665937500000002 0.8234296875 0.154290625 0.487709375 0.18062499999999998
3 0.8375 0.1921875 0.8015625 0.1921875 0.8015625 0.2046875 0.8375 0.2046875 0.8375 0.1921875
3 0.653125 0.2109375 0.6125 0.2109375 0.6125 0.225 0.653125 0.225 0.653125 0.2109375
3 0.7765625 0.178125 0.6671875 0.178125 0.6671875 0.1984375 0.7765625 0.1984375 0.7765625 0.178125
0 0.45050468749999995 0.1128875 0.4875015625 0.178884375 0.8223109375 0.1547515625 0.6802015625 0.0960015625 0.45050468749999995 0.1128875
3 0.8234375 0.15625 0.7921875 0.15625 0.7921875 0.1671875 0.8234375 0.1671875 0.8234375 0.15625
3 0.578125 0.1765625 0.5375 0.1765625 0.5375 0.2015625 0.578125 0.2015625 0.578125 0.1765625
3 0.4359375 0.1875 0.3828125 0.1875 0.3828125 0.2109375 0.4359375 0.2109375 0.4359375 0.1875
0 0.2325796875 0.112184375 0.1587046875 0.191940625 0.48338281250000004 0.176915625 0.4376546875 0.09951875 0.2325796875 0.112184375
3 0.4921875 0.178125 0.453125 0.178125 0.453125 0.2046875 0.4921875 0.2046875 0.4921875 0.178125
3 0.2265625 0.1984375 0.1640625 0.1984375 0.1640625 0.2265625 0.2265625 0.2265625 0.2265625 0.1984375
3 0.309375 0.2 0.259375 0.2 0.259375 0.2234375 0.309375 0.2234375 0.309375 0.2
3 0.346875 0.190625 0.3171875 0.190625 0.3171875 0.209375 0.346875 0.209375 0.346875 0.190625
3 0.2421875 0.1765625 0.184375 0.1765625 0.184375 0.190625 0.2421875 0.190625 0.2421875 0.1765625
3 0.2921875 0.16875 0.2625 0.16875 0.2625 0.175 0.2921875 0.175 0.2921875 0.16875
3 0.36875 0.159375 0.3015625 0.159375 0.3015625 0.171875 0.36875 0.171875 0.36875 0.159375
3 0.4 0.1640625 0.3546875 0.1640625 0.3546875 0.1796875 0.4 0.1796875 0.4 0.1640625
3 0.471875 0.15 0.4 0.15 0.4 0.165625 0.471875 0.165625 0.471875 0.15
3 0.403125 0.115625 0.20625 0.115625 0.20625 0.1421875 0.403125 0.1421875 0.403125 0.115625
3 0.440625 0.0984375 0.225 0.0984375 0.225 0.1234375 0.440625 0.1234375 0.440625 0.0984375