2 0.5103558234375 1 0.3800247578125 0.02054879375 0.3217382015625 0.0176192046875 0.42028231875 1 0.5103558234375 1
0 0.20083139375 0.8637910171875 0.6414789187500001 0.96011910625 0.618336678125 0.8540533390625 0.20816853750000003 0.7370857234375 0.20083139375 0.8637910171875
0 0.6529674187500001 1 0.644709040625 0.962683815625 0.2010723734375 0.8656909453124999 0.19298602812500001 1 0.6529674187500001 1
0 0.21244778437499998 0.6261273843749999 0.2053587046875 0.7340593656250001 0.616442565625 0.8479750546875 0.5986872625 0.755068984375 0.21244778437499998 0.6261273843749999
0 0.22032066874999998 0.5328093609375 0.2136296578125 0.6212932125 0.596976415625 0.75220869375 0.5797330406250001 0.6674933734375 0.22032066874999998 0.5328093609375
0 0.2258971984375 0.44990264687500003 0.22107418750000002 0.5282407296875 0.576022059375 0.66543471875 0.56238885625 0.59082603125 0.2258971984375 0.44990264687500003
0 0.22963930000000002 0.38066076249999997 0.2266083578125 0.4471768640625 0.558267415625 0.5868888546875 0.543141575 0.520321834375 0.22963930000000002 0.38066076249999997
0 0.234737553125 0.31877765 0.2317324 0.37882233906249996 0.5415111515625 0.5191270484375 0.5298970765625 0.460869053125 0.234737553125 0.31877765
0 0.24659257656250003 0.1823080828125 0.2466037640625 0.2212004875 0.506068121875 0.355963475 0.4978694625 0.31548033124999997 0.24659257656250003 0.1823080828125
0 0.2424056578125 0.2239155953125 0.24266602656249997 0.2665686828125 0.5153599578125 0.405437784375 0.5062490375 0.3565165796875 0.2424056578125 0.2239155953125
0 0.238862671875 0.26899838125 0.23573539999999998 0.31721606874999997 0.52878644375 0.45980406562500004 0.5161188828125 0.4056569828125 0.238862671875 0.26899838125
0 0.32938568749999997 0 0.244074140625 0.00992085 0.24323887968750002 0.028164526562499997 0.4350120859375 0.1397159296875 0.41611720312499995 0.0373467765625 0.3559778796875 0 0.32938568749999997 0
0 0.24175679374999998 0.0290078421875 0.240617771875 0.051985275 0.44060555625 0.1699942609375 0.43672475312500003 0.1421989125 0.24175679374999998 0.0290078421875
0 0.2386142171875 0.05404090625 0.2366677546875 0.07877010625 0.44633949062499995 0.1986765234375 0.44124408437499996 0.1700525 0.2386142171875 0.05404090625
0 0.23473817812500003 0.08036869375 0.232079234375 0.1099301390625 0.454170515625 0.2301673703125 0.448309096875 0.198228353125 0.23473817812500003 0.08036869375
0 0.2309168421875 0.11247228437500001 0.22773524374999998 0.1397843609375 0.46198045781249997 0.266197725 0.45572208437499995 0.2323191671875 0.2309168421875 0.11247228437500001
0 0.2228095203125 0.17416685468749998 0.469774865625 0.301146159375 0.46505986093749996 0.2661878453125 0.226738884375 0.14291700624999998 0.2228095203125 0.17416685468749998