0 0.531589940625 0 0 0.24906454843749998 0 0.5233430609374999 0.00200928125 0.561682421875 0.030746034375 0.686154975 0.1758114828125 1 0.3080264625 1 1 0.6667575171875 1 0.2595074828125 0.9917752468750001 0.22388216249999998 0.8875708843749999 0 0.531589940625 0
2 0.5728833265625 0 0 0.265069190625 0 0.46088338125000006 0.172092759375 0.383386303125 0.1779559859375 0.3444735875 0.308958971875 0.28016438906249996 0.34486937812499996 0.29196308125 0.7826178328125 0.08098601718750001 0.77827761875 0.058404465625 0.893718609375 0.009915535937500001 0.8877900125 0 0.5728833265625 0
2 0.57578125 0.24140625 0.34375 0.2125
2 0.784375 0.1390625 0.209375 0.10625
2 0.80859375 0.2609375 0.1171875 0.103125
2 0.890625 0.0953125 0.096875 0.075
2 0.5796875 0.36796875 0.18125 0.134375
2 1 0.362706625 0.3302508890625 0.6914142234375 0.2156954484375 0.76367838125 0.0635740828125 0.768470725 0.1735675859375 1 0.30105533125 1 1 0.6617558921875 1 0.362706625
2 0.94921875 0.34765625 0.1015625 0.0984375
2 0.03359375 0.5125 0.065625 0.0859375
2 0.36953125 0.4953125 0.278125 0.2109375
2 0.3890625 0.33203125 0.121875 0.1
2 0.15205967812500001 0.7026093140625 0.080232309375 0.76178499375 0.14987359218750002 0.7655431359375 0.7591390812500001 0.4690031890625 0.749404340625 0.44992484218750006 0.6536324171875 0.45070974531249997 0.5581083734375001 0.49009008749999994 0.5558247828125 0.5206073859375 0.498535478125 0.5639735859375 0.41288730625000003 0.5797481140625 0.314539246875 0.6097831640625 0.2592159234375 0.6732049531250001 0.23089196250000002 0.6717462390625 0.15205967812500001 0.7026093140625