0 0.597483821875 0.46372332812500006 0.621180896875 0.372134740625 0.3385776046875 0.19730705937499998 0.2863631453125 0.29959275625 0.597483821875 0.46372332812500006
0 0.5760386484375 0.553206871875 0.596631765625 0.4659374203125 0.2839456984375 0.3030394890625 0.23731513906249999 0.3984651828125 0.5760386484375 0.553206871875
2 0.2526040921875 0.35246714687499997 0.579252903125 0.48519240625000004 0.6042495156250001 0.424848315625 0.32282320000000003 0.2792164390625 0.2526040921875 0.35246714687499997
0 0.7592752859375 0.46876595625000006 0.7748829640625 0.3829285796875 0.6513165421875 0.27295592968750004 0.628450878125 0.37151866875 0.7592752859375 0.46876595625000006
2 0.6192965328125 0.2748549640625 0.770894128125 0.392914040625 0.7797400640625 0.3459988390625 0.6710883921875 0.2455430109375 0.6192965328125 0.2748549640625
0 0.7416126843749999 0.566668325 0.760104978125 0.47289784218750003 0.6262726 0.3750161140625 0.599108184375 0.4666488140625 0.7416126843749999 0.566668325
2 0.748100228125 0.47948309218749996 0.7649491359375 0.42086527812499996 0.649248975 0.33524688281250004 0.621060425 0.394597253125 0.6307516296875 0.4359214484375 0.6768906078125 0.4545164 0.6742104 0.4267231953125 0.748100228125 0.47948309218749996
0 0.7228038078125001 0.6355212781249999 0.7376459484375 0.56487860625 0.59718055625 0.46745502187500004 0.5785074796874999 0.5591109078125001 0.7228038078125001 0.6355212781249999
2 0.7403561578125 0.5395124421874999 0.6117375 0.4399458765625 0.5940836265625 0.5054095249999999 0.696419890625 0.5471424500000001 0.6534011234375 0.5862773703124999 0.7314743578125 0.6147957171875 0.7403561578125 0.5395124421874999
2 0.14391936875 0.40383304375 0.7176737765625 0.6644289 0.7325762250000001 0.62790986875 0.1693554765625 0.37342395 0.14391936875 0.40383304375
1 0.6483003828125 0.2651517671875 0.6723622421875 0.18884752968750002 0.46400810937500003 0.0216731859375 0.4269633234375 0.020163728125 0.39297275 0.0840586296875 0.6483003828125 0.2651517671875
0 0.47211342187499994 0.022003453125 0.673669565625 0.18912548906249999 0.6950759109375 0.117667684375 0.5963901421875 0.0270673421875 0.47211342187499994 0.022003453125
2 0.5741030859375 0.026159214062500002 0.6875782921875 0.1313433078125 0.6950300703125001 0.114367215625 0.5992305109375 0.027183078125 0.5741030859375 0.026159214062500002
0 0.78744400625 0.3059048109375 0.8014962000000001 0.2369226484375 0.6999191234375 0.12206829687500001 0.67726153125 0.193033609375 0.78744400625 0.3059048109375
2 0.7880275812499999 0.2211904984375 0.6998952234375 0.1217106953125 0.6964492015625 0.1390211578125 0.787326915625 0.23691724062500003 0.7880275812499999 0.2211904984375
0 0.6226524203125 0.3669255765625 0.6500120484374999 0.27077340156249996 0.394459740625 0.0872905171875 0.34358461406249996 0.191440259375 0.6226524203125 0.3669255765625
2 0.37001426406250004 0.22595950937499998 0.6171480390624999 0.3816566328125 0.6279059578124999 0.3450423828125 0.3753869671875 0.195302771875 0.37001426406250004 0.22595950937499998
0 0 0.83491350625 0.013384770312499999 0.8838735421875 0.0403345140625 0.9723848187499999 0.0831805234375 0.9814006796875001 0.3343791515625 0.4558453546875 0.16088819062499998 0.36437179999999997 0 0.6285253109375 0 0.83491350625
2 0.239481196875 0.39861294375 0.40071442968750004 0.46400575312500003 0.41699097187499995 0.4132654203125 0.277996484375 0.34513720000000003 0.239481196875 0.39861294375
0 0.7757911140625 0.381867046875 0.788326621875 0.3084219640625 0.674895475 0.196005471875 0.6531537953125001 0.2692213390625 0.7757911140625 0.381867046875
0 0.319381746875 0.9805784328125 0.4905759484375 0.5299076 0.334984090625 0.452204478125 0.1016993078125 0.97083940625 0.319381746875 0.9805784328125
0 0.4942744453125 0.9909760078125001 0.6122365203125 0.5849368640625 0.49858822343750003 0.5211860828125 0.328085734375 0.9802063953125 0.4942744453125 0.9909760078125001
2 0.41015625 0.91015625 0.06875 0.059375
0 0.624326025 1 0.7150275749999999 0.629912146875 0.6155574515625 0.5789664906249999 0.49665708437499995 0.9958849671875001 0.560509634375 1 0.624326025 1
2 0.59921875 0.84921875 0.13125 0.1375
2 0.32578125 0.63046875 0.0515625 0.0625
2 0.21171875 0.68515625 0.059375 0.0703125
2 0.065625 0.5484375 0.059375 0.0515625
2 0.0765625 0.6609375 0.078125 0.08125
2 0.14140625 0.6828125 0.059375 0.059375
2 0.10078125 0.7796875 0.090625 0.0875
2 0.19140625 0.86953125 0.06875 0.071875