0 0.154231665625 0 0 0.3336758796875 0 0.8094216734374999 0.406760103125 1 0.9055485765625001 1 0.9898213953124999 0.8189405843750001 1 0.7748522078125 1 0.3620116640625 0.24828764374999998 0 0.154231665625 0
2 0.7930356296875 1 0.7691594171875 0.9899712234375 0.7736452765624999 0.9666319015625 0.3212072765625 0.7485750703125 0.2840918234375 0.760769690625 0.1486927640625 0.6943024671875 0.1426327859375 0.6540839546874999 0 0.5898533375 0 0.7926743875 0.4480844640625 1 0.7930356296875 1
2 0.559375 0.8015625 0.35625 0.21875
2 0.775 0.90703125 0.215625 0.109375
2 0.8 0.78125 0.121875 0.1078125
2 0.88515625 0.95234375 0.1 0.078125
2 0.5640625 0.6703125 0.1859375 0.1390625
2 0.152128140625 0 0.0304725421875 0.2560772359375 0.1876986515625 0.26103039687499996 0.306098234375 0.33571952656250004 1 0.676281059375 1 0.36718507499999997 0.2412519640625 0 0.152128140625 0
2 0.946875 0.690625 0.10625 0.103125
2 0.01640625 0.52109375 0.0328125 0.0890625
2 0.34609375 0.53828125 0.2875 0.21875
2 0.36640625 0.70703125 0.125 0.103125
2 0.28985935625 0.420089884375 0.3915076859375 0.45113282187500003 0.4800299578125 0.467436696875 0.5392417218750001 0.5122581375 0.5416019421875 0.54379950625 0.6403314921875001 0.5845013375 0.7393172375 0.585312578125 0.749378646875 0.5655940203125 0.1196680078125 0.2591030671875 0.047689770312500004 0.26298732187499996 0.121927453125 0.3241487640625 0.203405115625 0.3560475125 0.23267954531249999 0.354539846875 0.28985935625 0.420089884375