0 0.9386475593749999 1 0.93034475625 0.898935759375 0.690335915625 0.38958649218749997 0.663000965625 0.5107530546875 0.9022494640625001 1 0.9386475593749999 1
0 0.9000595484374999 1 0.6637436140624999 0.5141194140625001 0.631362046875 0.6950738140625 0.7894978078125 0.994785028125 0.8890053984374999 1 0.9000595484374999 1
0 0.7884750140625 0.994731425 0.6301837140625001 0.7048829078125001 0.580476978125 0.9750922828125 0.5855478781250001 0.984096465625 0.7884750140625 0.994731425
2 0.7312329265625 0.8814651328125 0.6305309968749999 0.705338340625 0.5868639375 0.967094140625 0.5995062171875001 0.9848279921875 0.7077950875 0.9905031718749999 0.7312329265625 0.8814651328125
0 0.7099370765625 0.2994022328125 0.6916746921875 0.3888135046875 0.9286779656249999 0.8856003578125 0.9178448796875 0.7498397484375 0.7099370765625 0.2994022328125
2 0.6695025046875 0.538690359375 0.6239921140625 0.6918078765625 0.7548481796875001 0.9034541078125 0.77484313125 0.8104331453125001 0.746887521875 0.618185978125 0.6695025046875 0.538690359375
0 0.0743852421875 0 0.07110404375 0.015264865624999999 0.5766327 0.9570193781249999 0.630563975 0.6929347484374999 0.2795669609375 0 0.0743852421875 0
1 0 0.6157175875 0.1792198390625 0.8980883515625001 0.48367227812499997 0.9787573921874999 0.5707770437499999 0.983322359375 0.576179 0.9668856 0.066809771875 0.035242775 0 0.3460566859375 0 0.6157175875
0 0.7117327953125 0.2971467953125 0.9161532234375 0.7439084406250001 0.9085841171875 0.6305684609375 0.7243676453125001 0.226151734375 0.7117327953125 0.2971467953125
0 0.7349896078125 0.16382486093749998 0.724750825 0.2236288015625 0.9078605625 0.6300039625 0.9020818875 0.5392243125 0.7349896078125 0.16382486093749998
2 0.6917562015625001 0.39121041875 0.65424379375 0.5071195484375 0.716951759375 0.5669944953125 0.727429028125 0.4596537921875 0.6917562015625001 0.39121041875
0 0.285612253125 0 0.628960240625 0.6789622828125 0.6585864796875 0.5093192390625 0.4226795 0 0.285612253125 0
2 0.426014525 0 0.5778183609374999 0.3059634859375 0.596313521875 0.293165328125 0.6038119875 0.185035346875 0.5150312328125 0 0.426014525 0
2 0.0743852421875 0 0.0690474421875 0.024832628125 0.07565643125 0.0490268390625 0.11744680156250001 0.0011084484375 0.1170046875 0 0.0743852421875 0
2 0.788375425 0.35192077187500004 0.7674189328125001 0.273611865625 0.7871151640625 0.2552348765625 0.731823903125 0.14619963281249998 0.68899576875 0.3747491 0.728849228125 0.438399371875 0.7366266671874999 0.41686432656249994 0.7230087015625 0.3483657578125 0.76744025625 0.40536504375 0.788375425 0.35192077187500004
0 0.424742546875 0 0.6578214671875 0.49691776406250004 0.6864256859375 0.3851017171875 0.51169714375 0 0.424742546875 0
0 0.5158863625000001 0 0.6891647562500001 0.3748706796875 0.7320779921875 0.15274661875 0.664477459375 0 0.5158863625000001 0