0 0.0429327078125 0.9471793015625 0.24145830781250002 0.9668941999999999 0.255781803125 0.9681990171875 0.3984685921875 0.6235623203125 0.142068840625 0.5638609765625 0.0429327078125 0.9471793015625
2 0.3140625 0.7046875 0.2 0.321875
0 0.007620453125 0 0 0.0725628453125 0 0.49843739375 0.13227291562500001 0.533052428125 0.2796539328125 0 0.007620453125 0
0 0.28800846562500004 0 0.14263924687500001 0.5417862140625 0.40270437968749995 0.5982713328125 0.6495949015625 0 0.28800846562500004 0
2 0.2015625 0.35078125 0.0890625 0.175
2 0.24609375 0.103125 0.15 0.20625
0 0.6501722062499999 0 0.407322315625 0.6003436375 0.584087284375 0.651782296875 0.9497307859375 0 0.6501722062499999 0
2 0.45546875 0.46328125 0.1453125 0.16875
2 0.55078125 0.27734375 0.14375 0.340625
0 0.9519478781249999 0 0.586787584375 0.6571806921875 0.7298189796875 0.7046454609375 0.988360203125 0.30937053125 0.977599003125 0.0012100671875 0.96541383125 0 0.9519478781249999 0
2 0.67734375 0.0890625 0.109375 0.178125
2 0.49453125 0.02734375 0.059375 0.0546875
2 0.325 0.396875 0.0484375 0.16875
2 0.384375 0.29375 0.08125 0.1046875
2 0.42109375 0.15390625 0.059375 0.078125
2 0.66328125 0.490625 0.078125 0.0953125
0 0.8451568671875 0.7473429375 0.9887787390625 0.54070139375 0.994527034375 0.485965446875 0.9885613359375001 0.3151301796875 0.732389640625 0.7089317625 0.8451568671875 0.7473429375
2 0.77734375 0.625 0.125 0.18125
2 0.8 0.44140625 0.13125 0.215625
2 0.740625 0.359375 0.096875 0.2421875
2 0.92109375 0.053125 0.06875 0.10625
2 0.853125 0.16953125 0.109375 0.1953125
2 0.96328125 0.4453125 0.065625 0.125
2 0.9703125 0.3015625 0.0390625 0.115625
0 0.3246905234375 0.9751597046875 0.41646639687500003 0.9842736546875 0.5723030921875 0.67358134375 0.40245107031250005 0.623216284375 0.25589791562499997 0.9670933609375 0.3246905234375 0.9751597046875
2 0.4796875 0.6828125 0.0875 0.109375
0 0.5819503984375001 0.6782682421875 0.41643079375000003 0.9842701187499999 0.45907003125 0.9885044765625001 0.5512922125 0.984746709375 0.7167428703125001 0.72646974375 0.5819503984375001 0.6782682421875
0 0.6733724078125001 0.9797723218750001 0.832759259375 0.7604065375 0.720554596875 0.7246727 0.5522365203125 0.9847082328125 0.6733724078125001 0.9797723218750001
2 0.61328125 0.875 0.078125 0.1390625
2 0.49375 0.31015625 0.06875 0.15625
2 0.6578125 0.27421875 0.03125 0.09375
0 0 0.9429158015624999 0.037847315625 0.9466742890625 0.13183174375 0.5639354171875001 0 0.5295899984375 0 0.9429158015624999