0 0.46065481249999995 0.1546538375 0.38097469687499996 0.2396113953125 0.6118164578124999 0.433694003125 0.662220759375 0.35424917499999997 0.46065481249999995 0.1546538375
0 0.377692065625 0.2423779875 0.30524699843750003 0.32194220156250003 0.564121359375 0.5115625890625 0.6103443703125 0.4355736921875 0.377692065625 0.2423779875
2 0.630219984375 0.399491878125 0.420517028125 0.226498209375 0.33363837812499997 0.28253853125 0.5884873640625 0.450462528125 0.630219984375 0.399491878125
0 0.7208666781249999 0.2688749703125 0.6690184578125 0.35475475156249997 0.7571840937500001 0.461921803125 0.7984271859375001 0.38650014375 0.7208666781249999 0.2688749703125
2 0.8144837218750001 0.35377983749999997 0.7474696468750001 0.2469511453125 0.6911836046875 0.26591095781249996 0.791655434375 0.3949561015625 0.8144837218750001 0.35377983749999997
0 0.665937075 0.35760223125 0.6123694234375 0.43657987187499997 0.710270125 0.5479647625 0.7566348406250001 0.4657835453125 0.665937075 0.35760223125
2 0.6931753453125 0.41142130625 0.7436542703125 0.46998908124999994 0.77744186875 0.4193895 0.6993469765625 0.3249615265625 0.6550284109375 0.37456576875 0.6508006625 0.4133919328125 0.6868460140625 0.4369731328125 0.6931753453125 0.41142130625
0 0.6103643140624999 0.437027765625 0.5645021640625 0.517268303125 0.671474890625 0.6075430609375 0.7072314125 0.5457644593750001 0.6103643140624999 0.437027765625
2 0.623963040625 0.552814409375 0.685885709375 0.5900493453125 0.71769164375 0.5231980984375 0.6322608437499999 0.4142541234375 0.5955834421875 0.470933175 0.6753777453125 0.52367923125 0.623963040625 0.552814409375
2 0.6827513703125 0.602082096875 0.2514142359375 0.289334096875 0.218721575 0.31314178125000003 0.6577 0.6329614171875 0.6827513703125 0.602082096875
1 0.6037632515625 0 0.5457724671874999 0.060091189062499994 0.720587878125 0.2613691125 0.7665040265624999 0.19581381250000002 0.619447946875 0 0.6037632515625 0
0 0.6260518687500001 0 0.76760384375 0.1962566359375 0.8095797671874999 0.1347001921875 0.724290734375 0 0.6260518687500001 0
2 0.707190996875 0 0.7984573390625 0.1459834921875 0.8105788374999999 0.13170573125 0.7262207140625 0 0.707190996875 0
0 0.812591321875 0.1393921984375 0.76963416875 0.2003198140625 0.8341238531249999 0.318611425 0.8686392625 0.258220465625 0.812591321875 0.1393921984375
2 0.8040939312500001 0.15423129687499998 0.8557707890625 0.25614322968750003 0.8613661984375 0.2420090546875 0.8126823703125 0.13906498125 0.8040939312500001 0.15423129687499998
0 0.5461040421875001 0.0632343375 0.46705268593750005 0.1500752140625 0.66519993125 0.34974879375 0.720369984375 0.26670844374999997 0.5461040421875001 0.0632343375
2 0.67687205 0.33070736875 0.4947213203125 0.1582230359375 0.4801744734375 0.185189290625 0.655555190625 0.36227905 0.67687205 0.33070736875
0 0 0.8064062812499999 0.3753185203125 0.3880818453125 0.246577609375 0.279901240625 0 0.511608559375 0 0.8064062812499999
2 0.46378249374999997 0.36161878125 0.3590139734375 0.279616875 0.307167871875 0.3223927578125 0.43299872500000003 0.40517098125000006 0.46378249374999997 0.36161878125
0 0.7665479484375 0.202664046875 0.72371308125 0.265762934375 0.7995867999999999 0.3856720109375 0.8341318359375001 0.321019165625 0.7665479484375 0.202664046875
0 0.377016040625 0.3848744140625 0.0015829484375 0.8202499453125001 0.1962363390625 0.86090355 0.493841040625 0.4779714734375 0.377016040625 0.3848744140625
0 0.5038687953125 0.47124815625 0.2042596203125 0.8618397703125 0.35181549687499997 0.8958950531250001 0.5869952875 0.545580346875 0.5038687953125 0.47124815625
2 0.30078125 0.809375 0.05625 0.04375
0 0.5918943296875 0.54066136875 0.352431784375 0.9006873703125 0.464919934375 0.926604859375 0.6661803 0.6013280703125 0.5918943296875 0.54066136875
2 0.4921875 0.7828125 0.1 0.1078125
2 0.3125 0.5453125 0.0390625 0.0515625
2 0.190625 0.578125 0.0453125 0.0578125
2 0.10390625 0.43203125 0.0453125 0.0390625
2 0.07734375 0.53671875 0.0578125 0.065625
2 0.128125 0.56484375 0.046875 0.0453125
2 0.0609375 0.646875 0.0703125 0.065625
2 0.1140625 0.74140625 0.0546875 0.05625