0 0.4253984375 0.3728875 0.5325046875 0.3739515625 0.9526609374999999 0.0379328125 0.797203125 0.084621875 0.4253984375 0.3728875
0 0.5351484375 0.3727421875 0.6932390625 0.36736875 0.9971406249999999 0.10794375 0.99944375 0.022746875 0.9564671875 0.037331249999999996 0.5351484375 0.3727421875
0 1 0.10410625 0.70168125 0.3666015625 0.9380484375 0.35969375000000003 1 0.3036640625 1 0.10410625
2 0.9988515625 0.277921875 0.9939312499999999 0.2519484375 0.8266359375000001 0.2519484375 0.701984375 0.366234375 0.929965625 0.35584375 0.9988515625 0.277921875
0 0.34584375 0.372709375 0.42445781250000003 0.3719203125 0.7864484375 0.0883609375 0.6756046875 0.121365625 0.34584375 0.372709375
2 0.603575 0.2857140625 0.5543703125 0.3636359375 0.69214375 0.3740265625 0.8397578125 0.228571875 0.7577499999999999 0.228571875 0.603575 0.2857140625
0 0.06758125000000001 0.8826546875 0.13530625000000002 0.9988859375000001 0.194521875 0.99810625 0.9238234375 0.36606875 0.69163125 0.36840625 0.06758125000000001 0.8826546875
1 1 0.3717109375 0.9321531249999999 0.36469375 0.2116796875 0.99929375 0.669746875 1 1 0.6664296875 1 0.3717109375
0 0.343565625 0.37162812500000003 0.67103125 0.12381249999999999 0.5781671875 0.15015 0.28155625 0.37379375000000004 0.343565625 0.37162812500000003
0 0.227221875 0.37608281250000003 0.2793671875 0.373925 0.57785625 0.150846875 0.5034140625 0.1717078125 0.227221875 0.37608281250000003
2 0.42643906249999997 0.371428125 0.531409375 0.38181875 0.5674921875 0.31948125 0.47564375 0.3298703125 0.42643906249999997 0.371428125
0 0.00425 0.7814703125 0.060354687500000004 0.880296875 0.065584375 0.8780671874999999 0.6803312499999999 0.37220624999999996 0.5322843749999999 0.377846875 0.00425 0.7814703125
2 0 0.766234375 0.0590453125 0.8857140625 0.1148109375 0.81818125 0.08856875 0.7168828125 0.380515625 0.48051875 0.365753125 0.4675328125 0.2739046875 0.48051875 0 0.6961031249999999 0 0.766234375
2 0.22798124999999997 0.9142859375000001 0.12465156250000001 0.9844156249999999 0.162375 1 0.2771859375 0.9402593749999999 0.22798124999999997 0.9142859375000001
2 0.3723140625 0.2987015625 0.31162812500000003 0.3298703125 0.291946875 0.3168828125 0.2132203125 0.38181875 0.41331875 0.3766234375 0.4576015625 0.3324671875 0.4379203125 0.3298703125 0.3837953125 0.353246875 0.42151875 0.30649375 0.3723140625 0.2987015625
2 0.0622234375 0.90059375 0.0916359375 0.9442734375 0.162940625 0.8711765625 0.1237234375 0.83819375 0.0622234375 0.90059375
0 0.0006734375 0.76905625 0.0069453125 0.778575 0.522109375 0.38067656250000004 0.422521875 0.3769078125 0 0.6944656250000001 0.0006734375 0.76905625
0 0.000953125 0.540778125 0.000621875 0.6914421875000001 0.4133828125 0.37646250000000003 0.21862499999999999 0.3804484375 0.000953125 0.540778125
2 0.00693125 0.583621875 0.047775 0.5517390625 0.021374999999999998 0.5377890625 0.00195 0.5626984375 0.0014515625000000002 0.5881046875 0.00693125 0.583621875