0 0.6396118000000001 1 0.9882825609375001 0.27598985 0.9918508328125 0.20790315625 0.6635491640625 0.0561555578125 0.54374433125 0.0284964328125 0.24917649062499997 0.013058785937500001 0 0.5448876484375 0 0.8793949671875 0.21861158125000002 0.9811461749999999 0.3002764671875 1 0.6396118000000001 1
2 0 0.8791919203124999 0.012668703125 0.8867666609375 0.0593392984375 0.7756547078125 0.0810740421875 0.7798321640625 0.284139465625 0.3584992765625 0.272783225 0.3239355109375 0.334680828125 0.1978451359375 0.3721343171875 0.19220178125 0.44811133593749997 0.0234845203125 0.264139340625 0.01384295625 0 0.5847166374999999 0 0.8791919203124999
2 0.23515625 0.58046875 0.2046875 0.33125
2 0.13671875 0.78125 0.1015625 0.2015625
2 0.25390625 0.8046875 0.1 0.1125
2 0.09453125 0.88359375 0.071875 0.0921875
2 0.35703125 0.584375 0.1296875 0.1734375
2 0.6347720031249999 1 0.9886634640624999 0.268721775 0.9919440328125001 0.2061247859375 0.7427780734375 0.0877525546875 0.7381654421875 0.23416936875 0.668611190625 0.34442898125 0.3468620875 1 0.6347720031249999 1
2 0.33828125 0.94609375 0.0953125 0.1078125
2 0.49609375 0.05703125 0.0828125 0.0671875
2 0.4796875 0.38203125 0.203125 0.26875
2 0.32265625 0.40078125 0.0953125 0.1171875
2 0.73996026875 0.17081583281249998 0.73634305625 0.1037860984375 0.6793864640625 0.172919940625 0.6496807546875 0.2487960140625 0.6510847671875 0.2760578265625 0.5900412953124999 0.329306525 0.5611325593750001 0.42396653281249996 0.5459495765625 0.5064028984375 0.5042096093749999 0.561543853125 0.474836709375 0.563741809375 0.4369331296875 0.6556837015625 0.4361776609375 0.7478641781250001 0.45454056875 0.7572338656250001 0.73996026875 0.17081583281249998