2 0.5609622796875 1 0.658540278125 0.0272503890625 0.6008251578125 0.03015125625 0.47177184843750003 1 0.5609622796875 1
0 0.7709965125 0.7396633140625 0.3648496296875 0.8554841874999999 0.3419342734375 0.9605100953125 0.7782617234375 0.8651263984374999 0.7709965125 0.7396633140625
0 0.7860301749999999 1 0.7780231078125001 0.8670077015625001 0.33873581875 0.963049659375 0.3305584046875 1 0.7860301749999999 1
0 0.384306403125 0.7574702703125 0.366725171875 0.8494654953125 0.7737787984375 0.736666628125 0.7667592203125 0.6297928015625 0.384306403125 0.7574702703125
0 0.4030747984375 0.6707532421875 0.3860004765625 0.7546380203124999 0.7655889328125001 0.625006025 0.7589635218749999 0.5373896625000001 0.4030747984375 0.6707532421875
0 0.4202489421875 0.594837540625 0.4067493984375 0.6687147718750001 0.7582173890624999 0.5328658203125001 0.7534416640625 0.4552957578125 0.4202489421875 0.594837540625
0 0.4393075265625 0.5250245625 0.42432997656250004 0.5909389640625 0.752737475 0.45259669999999996 0.7497362484375001 0.386732715625 0.4393075265625 0.5250245625
0 0.45242217656249994 0.46615465 0.44092196406250006 0.5238414890625 0.7476636703125 0.384912315625 0.744687978125 0.32545630000000003 0.45242217656249994 0.46615465
0 0.48413579375 0.322191309375 0.4760175125 0.362277559375 0.732938103125 0.22883577656249998 0.73294918125 0.1903246703125 0.48413579375 0.322191309375
0 0.47583837031250004 0.362825240625 0.466816775 0.41126682499999995 0.7368372359375 0.27375918593750004 0.73709505 0.231524265625 0.47583837031250004 0.362825240625
0 0.4660652890625 0.41148387656249996 0.4535219203125 0.46510010468749996 0.7436999156249999 0.3239100296875 0.7406033015625 0.2761650640625 0.4660652890625 0.41148387656249996
0 0.628789415625 0.007224809375 0.5650865609375 0.0467845546875 0.5463769218750001 0.1481500859375 0.7362699984375001 0.037692325 0.7354429265625 0.0196275078125 0.628789415625 0.007224809375
0 0.5446810453125 0.1506087265625 0.5408382890625 0.178131571875 0.7388654078125 0.0612795375 0.7377375546875 0.038527371875 0.5446810453125 0.1506087265625
0 0.540206021875 0.178189240625 0.5351605703125 0.20653263593750001 0.7427767015625 0.087801771875 0.7408493203125001 0.0633150140625 0.540206021875 0.178189240625
0 0.5332102734374999 0.20608885937500002 0.5274063203125 0.2377147484375 0.7473202359375 0.11865631406249999 0.7446873593750001 0.0893846859375 0.5332102734374999 0.20608885937500002
0 0.5258699625000001 0.23984545000000002 0.5196729453125 0.2733918640625 0.7516216375 0.14821784843750002 0.74847123125 0.1211735359375 0.5258699625000001 0.23984545000000002
0 0.752608228125 0.15131978125 0.5166237312499999 0.27338208124999996 0.511954953125 0.30799766875 0.7564990703125 0.1822632578125 0.752608228125 0.15131978125