0 0.387233484375 0.46039952812499996 0.166355140625 0.008718303125 0.13292389375 0.006966245312499999 0.140775928125 0.102543596875 0.362034078125 0.5720999531250001 0.387233484375 0.46039952812499996
0 0.41640061250000004 0.29047882812500003 0.2706192078125 0.014182551562500001 0.1684285578125 0.0088269671875 0.38654885625 0.45729616562500003 0.41640061250000004 0.29047882812500003
0 0.46331028593749995 0.0323368015625 0.45863555 0.024036070312499998 0.271562096875 0.0142319671875 0.41748688906250003 0.28143606875 0.46331028593749995 0.0323368015625
2 0.4574223078125 0.039710089062499995 0.44576770625 0.0233616953125 0.34593890312500003 0.018129889062499998 0.3243321453125 0.11864933124999999 0.4171667375 0.28101621718750003 0.4574223078125 0.039710089062499995
0 0.1423125 0.1148371703125 0.1522992515625 0.23999148125 0.3439642578125 0.6552385671875001 0.36079989375 0.57281255 0.1423125 0.1148371703125
2 0.302561834375 0.09837824375000001 0.2841289890625 0.18413194375 0.309900565625 0.3613598015625 0.38123987812500004 0.434644825 0.42319477031249997 0.29348961406249996 0.302561834375 0.09837824375000001
0 0.9150857218749999 1 0.9328884593750001 0.9171777015625 0.46685422968749996 0.0489977609375 0.41713633593750005 0.292450778125 0.7755361187500001 1 0.9150857218749999 1
1 1 0.366097153125 0.8332192109375001 0.10332480156249998 0.55255211875 0.028958029687499998 0.47225241249999994 0.0247497 0.467272484375 0.0399023375 0.9368472421874999 0.8987605671875001 1 0.6049598953124999 1 0.366097153125
0 0.1608365171875 0.3499447 0.3306610765625 0.7227663703125 0.3423088296875 0.6573177984374999 0.153858746875 0.24545940625 0.1608365171875 0.3499447
0 0.16150354375 0.350465096875 0.166830759375 0.4341525875 0.3208689546875 0.78022395625 0.3303078328125 0.7250921984375001 0.16150354375 0.350465096875
2 0.33749759687499997 0.40855195 0.32783886406249996 0.5075066609375 0.3607247515625 0.5706028953125 0.395306503125 0.463749165625 0.33749759687499997 0.40855195
0 0.7699052515625 1 0.418614778125 0.3053316453125 0.3913030890625 0.4617213265625 0.640623528125 1 0.7699052515625 1
2 0.6398156828125 1 0.4657611984375 0.6491899109375 0.44871097187500003 0.6609882125000001 0.4417983234375 0.7606705390624999 0.5566296281249999 1 0.6398156828125 1
2 0.9347843890625 0.9083574203125 0.928691728125 0.8860533828125 0.8901662296874999 0.9302281484374999 0.916104628125 0.9952598187499999 0.9347843890625 0.9083574203125
2 0.2716539046875 0.6068230390625 0.290973171875 0.6790140609375 0.27281570781250003 0.6959553484375001 0.3237873390625 0.7964722140625 0.363269525 0.5857781734375 0.3265296171875 0.5271005796875 0.319359790625 0.5469531984375 0.331913853125 0.6101003171875 0.29095351406250003 0.5575541 0.2716539046875 0.6068230390625
0 0.6391251015625 1 0.392008334375 0.4731539359375 0.3656388203125 0.5762343546875 0.5579099796875 1 0.6391251015625 1
0 0.5546334234375 1 0.363113740625 0.5856660921875 0.3235531015625 0.7904367109375 0.4162987875 1 0.5546334234375 1