0 0.8537889625 0 0.6276944671875 0.4623479 0.6537067578125 0.5776515640625 0.8821022671875 0.0929482296875 0.889738309375 0 0.8537889625 0
0 0.781211140625 0 0.7480704953124999 0.0017368281249999999 0.5975864640624999 0.2869458875 0.62840118125 0.4591444296875 0.8517135515625001 0 0.781211140625 0
0 0.553989109375 0.0119082015625 0.5491635765625 0.0204766984375 0.596465146875 0.2776114265625 0.747097190625 0.0017878374999999998 0.553989109375 0.0119082015625
2 0.5967956265625001 0.27717803124999996 0.6926248828125 0.109573503125 0.6703211328124999 0.0058114984375 0.5672720453125 0.011212071875 0.5552414890625 0.028087834375 0.5967956265625001 0.27717803124999996
0 0.8702072234375 0.234829915625 0.8805161296874999 0.10563836874999999 0.6549807546874999 0.5783871484375 0.6723594765625001 0.66347206875 0.8702072234375 0.234829915625
2 0.590573140625 0.29005379531250003 0.633881415625 0.43576240000000005 0.707521996875 0.36011334375000004 0.7341249140625 0.17716845781249999 0.7150974609375 0.08864850937499999 0.590573140625 0.29005379531250003
0 0.2366698828125 1 0.5968270078125 0.2889814484375 0.5455053109375 0.037675107812500004 0.06443771875 0.9338608531249999 0.078654396875 1 0.2366698828125 1
1 0 0.6340822578124999 0.06035123437499999 0.9148496171874999 0.5450735640625 0.028286284374999998 0.53993299375 0.0126448515625 0.4570429734375 0.016988934375 0.1673221046875 0.093754634375 0 0.3573798578125 0 0.6340822578124999
0 0.6860917921875 0.7331781890625 0.8613945624999999 0.3483300125 0.8685974218749999 0.2404742265625 0.6740683046875 0.6656183718750001 0.6860917921875 0.7331781890625
0 0.8552069578125 0.435254284375 0.86070601875 0.348867196875 0.68645643125 0.7355790437499999 0.6961997890625 0.7924892453125 0.8552069578125 0.435254284375
2 0.68900504375 0.5109746171875 0.6790347390625 0.40882781875 0.6193610296875 0.46580559062500004 0.6550583203125 0.5761062140625001 0.68900504375 0.5109746171875
0 0.3750953453125 1 0.6234935859374999 0.46371233749999996 0.5953008734375 0.302277828125 0.2424661 1 0.3750953453125 1
2 0.4621204671875 1 0.571369471875 0.772305071875 0.5642338359375 0.6694071875 0.5466336015625 0.6572282953124999 0.3765673625 1 0.4621204671875 1
2 0.0875311484375 1 0.1085380859375 0.9473322828124999 0.06876982968749999 0.9017325234375001 0.062480631249999995 0.924756046875 0.078654396875 1 0.0875311484375 1
2 0.684798603125 0.616877746875 0.6977576359375 0.5516936234375 0.6903565234375 0.5312005984375 0.6524314578125 0.5917710171875 0.6931872625 0.8092616406250001 0.745803140625 0.7055022953125001 0.7270599515625 0.6880145140625 0.7470024203125 0.61349475 0.72708024375 0.562636490625 0.684798603125 0.616877746875
0 0.460293965625 1 0.649985734375 0.581919334375 0.622765590625 0.475513740625 0.3767556875 1 0.460293965625 1
0 0.606257378125 1 0.6934290562500001 0.8030314437499999 0.6525922671875 0.5916553203125 0.463841015625 1 0.606257378125 1