0 0.03988374375 0.2542252359375 0.0386197015625 0.268101121875 0.37248650156249996 0.4063289484375 0.43032217968750003 0.1579416890625 0.0589825515625 0.061903560937500005 0.03988374375 0.2542252359375
2 0.29375 0.32421875 0.3109375 0.19375
0 0.49901693593749996 0 0.4601679609375 0.1484518875 1 0.2977073640625 1 0.030156189062499998 0.7128492484375 0 0.49901693593749996 0
0 1 0.30560932812499997 0.4517071046875 0.15849427031250002 0.39698714687500003 0.4104323671875 1 0.6592795875 1 0.30560932812499997
2 0.63671875 0.215625 0.16875 0.0859375
2 0.88828125 0.25859375 0.2234375 0.1453125
0 1 0.65964771875 0.3949796015625 0.41490599375 0.3451484 0.58614705625 0.9779916421875001 0.9411659328124999 1 0.7195455984375 1 0.65964771875
2 0.528125 0.46171875 0.1640625 0.140625
2 0.7078125 0.55390625 0.3296875 0.1390625
0 0.293937209375 0.7273246359375001 0.6768597984375 0.9777864468749999 0.9753902468750001 0.967361534375 0.9777902234375 0.9431941875 0.33991870468749996 0.588762971875 0.293937209375 0.7273246359375001
2 0.90234375 0.67734375 0.1953125 0.10625
2 0.96171875 0.5 0.0765625 0.0578125
2 0.5921875 0.33515625 0.1625 0.046875
2 0.6921875 0.39296875 0.1015625 0.078125
2 0.82734375 0.428125 0.0765625 0.0578125
2 0.5015625 0.6625 0.0921875 0.0765625
0 0.45275802499999995 0.978191903125 0.5057834734375 0.9837605640625 0.6712801390625 0.9779812937499999 0.28978485468750004 0.7298149640625 0.2525740296875 0.8390582156249999 0.45275802499999995 0.978191903125
2 0.37109375 0.7734375 0.175 0.1203125
2 0.54921875 0.7953125 0.209375 0.128125
2 0.628125 0.7375 0.234375 0.09375
2 0.9296875 0.9125 0.1109375 0.065625
2 0.8125 0.846875 0.1890625 0.10625
2 0.5453125 0.953125 0.1203125 0.0625
2 0.684375 0.96015625 0.1125 0.0375
0 0.023047396875 0.42376432187499996 0.3240305734375 0.5747311203125001 0.372821725 0.41018697499999995 0.03969080625 0.26821360625 0.0318765359375 0.3348564453125 0.023047396875 0.42376432187499996
2 0.31484375 0.48515625 0.10625 0.084375
0 0.023050821875 0.42372983125 0.0189487890625 0.46503659218750004 0.022589124999999998 0.55437683125 0.27279493593750004 0.71465715625 0.31949014062500003 0.5840769484375 0.023050821875 0.42372983125
0 0.274535821875 0.718349765625 0.022626399999999998 0.5552916296875 0.027408062500000004 0.6726420203125001 0.2399186671875 0.8270480328125001 0.274535821875 0.718349765625
2 0.12890625 0.6140625 0.134375 0.0765625
2 0.67578125 0.4984375 0.1515625 0.0671875
2 0.7109375 0.6578125 0.090625 0.0296875
0 0.0651299828125 0 0.0594717828125 0.0569770875 0.43025006406250005 0.1480245015625 0.468814096875 0 0.0651299828125 0