0 0.2654973921875 1 0.3899861484375 0.676360475 0.1051255015625 0.6335935296875 0.01834725625 1 0.2654973921875 1
2 0.29765625 0.7734375 0.19375 0.346875
0 0.046131645312500004 0 0.0029096 0.49644665625 0.0013816171875 0.5839846828125 0.09369139374999999 0.6004801640624999 0.24621972812499998 0 0.046131645312500004 0
0 0.25528665156249997 0 0.105330434375 0.6091832312500001 0.39418475000000003 0.6480707625 0.6426460828125 0 0.25528665156249997 0
2 0.1671875 0.39296875 0.08125 0.19375
2 0.20859375 0.11484375 0.1453125 0.2296875
0 0.6435288156250001 0 0.3993345390625 0.6499412359375001 0.5959192625 0.6907687984375 0.9559153328125 0 0.6435288156250001 0
2 0.45078125 0.49453125 0.1453125 0.1796875
2 0.553125 0.28046875 0.128125 0.371875
0 0.95856680625 0 0.5990113953125 0.6964823734375 0.7581929875 0.7359655953125 1 0.3369451421875 1 0 0.95856680625 0
2 0.6875 0.0796875 0.096875 0.159375
2 0.48359375 0.01875 0.05625 0.0375
2 0.3046875 0.4328125 0.0375 0.1859375
2 0.36875 0.3140625 0.0796875 0.1140625
2 0.40625 0.15625 0.059375 0.084375
2 0.6796875 0.50546875 0.0796875 0.1015625
0 1 0.3441604484375 0.7611201999999999 0.7404636921875001 0.8866394890624999 0.7726845359375 1 0.5963685296875 1 0.3441604484375
2 0.809375 0.64375 0.121875 0.196875
2 0.83125 0.43828125 0.125 0.234375
2 0.7640625 0.3546875 0.084375 0.265625
2 0.95390625 0.028125 0.0625 0.05625
2 0.884375 0.13515625 0.103125 0.2109375
2 0.990625 0.42890625 0.01875 0.1359375
0 0.4508034296875 1 0.5833008828125 0.7158856640625 0.3943861046875 0.6756196515624999 0.2659105203125 1 0.4508034296875 1
2 0.48203125 0.73359375 0.0875 0.115625
0 0.6023654374999999 1 0.744145578125 0.7612267609375001 0.594066184375 0.7201879156250001 0.45340788437499996 1 0.6023654374999999 1
0 0.7105656078125 1 0.7317622578125 0.99888913125 0.8731736937499999 0.78821736875 0.74832858125 0.7589001843750001 0.603704040625 1 0.7105656078125 1
2 0.63203125 0.9296875 0.075 0.140625
2 0.48828125 0.321875 0.0640625 0.1703125
2 0.671875 0.2671875 0.025 0.1046875
0 0.01186295 1 0.093799528125 0.6345984453125 0.0007863953125 0.6180849203125 0 0.6631374859375 0 1 0.01186295 1