0 0.996549078125 1 0.9127719890625 0.6462654 0.622214128125 0.689887684375 0.741499609375 1 0.996549078125 1
2 0.71640625 0.7890625 0.1984375 0.3546875
0 0.7688558765625 0 0.924434778125 0.6124897671875 1 0.5989864890625001 1 0.3107443390625 0.972945721875 0 0.7688558765625 0
0 0.3645009953125 0 0.6179315546875 0.6610321781249999 0.9125629562500001 0.621366896875 0.759607615625 0 0.3645009953125 0
2 0.84921875 0.40078125 0.084375 0.196875
2 0.80859375 0.1171875 0.1484375 0.234375
0 0.044966359375 0 0.41216235156250003 0.704584175 0.6126787703125001 0.662940059375 0.3636006078125 0 0.044966359375 0
2 0.56015625 0.50390625 0.1484375 0.184375
2 0.45546875 0.2859375 0.13125 0.3796875
0 0 0 0 0.34368404531249996 0.24664315312500001 0.75068490625 0.4090083765625 0.7104120218750001 0.0422618578125 0 0 0
2 0.31875 0.08125 0.1 0.1625
2 0.5265625 0.01953125 0.05625 0.0375
2 0.709375 0.44140625 0.0375 0.190625
2 0.64453125 0.3203125 0.08125 0.115625
2 0.60546875 0.159375 0.059375 0.0875
2 0.3265625 0.515625 0.08125 0.103125
0 0 0.6082959 0.11562772187499999 0.7881382265625 0.243657396875 0.7552729671875 0 0.35104365625 0 0.6082959
2 0.19453125 0.65703125 0.1234375 0.2
2 0.17265625 0.446875 0.128125 0.240625
2 0.240625 0.36171875 0.0875 0.271875
2 0.04765625 0.02890625 0.0640625 0.0578125
2 0.11796875 0.1375 0.1046875 0.215625
2 0.009375 0.4375 0.01875 0.1375
0 0.7408499765625 1 0.6177261734374999 0.6891320453125 0.4250331 0.7302033765625 0.55085345 1 0.7408499765625 1
2 0.528125 0.7484375 0.0875 0.11875
0 0.5474701890625 1 0.41405249218750007 0.7345916734375 0.260971509375 0.776451296875 0.39371154062499997 1 0.5474701890625 1
0 0.3922248109375 1 0.256704846875 0.7740781890624999 0.12936283125 0.8039817171875001 0.2609382578125 1 0.3922248109375 1
2 0.375 0.93828125 0.0765625 0.1234375
2 0.521875 0.328125 0.065625 0.1734375
2 0.33515625 0.27265625 0.025 0.10625
0 1 0.633855003125 0.92432448125 0.647290415625 1 0.98477035625 1 0.633855003125