0 0.9671757781249999 1 0.8650466187499999 0.6051088828125 0.5937704312500001 0.668274128125 0.73111186875 1 0.9671757781249999 1
2 0.68359375 0.75390625 0.2125 0.340625
0 0.7171196875 0 0.8754109078125 0.5725128078124999 1 0.539908584375 1 0 0.7171196875 0
0 0.32455255312500003 0 0.5892888828125 0.64151574375 0.8644431171875 0.5817533328125 0.70835013125 0 0.32455255312500003 0
2 0.80234375 0.3796875 0.09375 0.184375
2 0.75625 0.1140625 0.159375 0.228125
0 0.0798507796875 0 0.009648128124999999 0.006971585937499999 0.3973820546875 0.698131440625 0.5844030109375 0.6437082843749999 0.3240113328125 0 0.0798507796875 0
2 0.53359375 0.4984375 0.153125 0.178125
2 0.4328125 0.30234375 0.1515625 0.359375
0 0 0.38224923906249997 0.24319493749999999 0.7540617515625 0.39452508124999996 0.7038430531250001 0.00743296875 0.007191565625 0 0.0079297078125 0 0.38224923906249997
2 0.2984375 0.0984375 0.115625 0.196875
2 0.4921875 0.03359375 0.0625 0.065625
2 0.671875 0.428125 0.0515625 0.178125
2 0.60859375 0.31875 0.084375 0.1109375
2 0.5703125 0.171875 0.0625 0.084375
2 0.3140625 0.52734375 0.084375 0.1
0 0 0.624905578125 0.12116508906250001 0.7992365546875 0.24047512499999998 0.7585967453125 0 0.388924815625 0 0.624905578125
2 0.19296875 0.66953125 0.13125 0.1921875
2 0.16875 0.475 0.140625 0.228125
2 0.23203125 0.3890625 0.103125 0.25625
2 0.040625 0.0609375 0.071875 0.121875
2 0.1125 0.1875 0.115625 0.20625
2 0.015625 0.48046875 0.03125 0.13125
2 0.00546875 0.32734375 0.009375 0.121875
0 0.7310874843749999 1 0.5895568875 0.6679080140625 0.40984997031250003 0.721195278125 0.549692525 1 0.7310874843749999 1
2 0.5078125 0.73125 0.0921875 0.115625
0 0.5477690171875 1 0.39964292343749996 0.7261541125 0.2570297265625 0.7771522890625 0.39978461875 1 0.5477690171875 1
0 0.39847435625 1 0.25299684375 0.7752509796875 0.1342820125 0.8130581109374999 0.27011029999999997 1 0.39847435625 1
2 0.36875 0.93125 0.084375 0.1375
2 0.49296875 0.33671875 0.0734375 0.165625
2 0.31875 0.2984375 0.0328125 0.1
0 1 0.57285071875 0.8758776781250001 0.60518764375 0.972826840625 1 1 1 1 0.57285071875