0 0.3214203453125 0.643088746875 0.4142466171875 0.619071440625 0.2478980640625 0.30374643125 0.144230128125 0.3566664921875 0.3214203453125 0.643088746875
0 0.41649062812500004 0.6182078703125 0.504939396875 0.5973364671875 0.3481066046875 0.2540356125 0.2513913734375 0.30129631562500003 0.41649062812500004 0.6182078703125
2 0.4360058171875 0.600594159375 0.30148697343749997 0.2695311734375 0.22724639062500002 0.3406991890625 0.374846265625 0.6259285625000001 0.4360058171875 0.600594159375
0 0.332360046875 0.79886786875 0.41935738906250003 0.7830492765625 0.320795946875 0.650456971875 0.2209012796875 0.6736316296875 0.332360046875 0.79886786875
2 0.3424804453125 0.7948251296875 0.22282597656249997 0.64117891875 0.1931179171875 0.6936706671875 0.2949312546875 0.8037906046875 0.3424804453125 0.7948251296875
0 0.423545109375 0.78389018125 0.5185827625 0.7651479921875 0.417211634375 0.6207177546875 0.3243406546875 0.64824925625 0.423545109375 0.78389018125
2 0.370809403125 0.7887997999999999 0.43021934999999994 0.7717232046875 0.37674648125 0.696834865625 0.4049152703125 0.6995512921875 0.38606903593749997 0.6527888140625 0.3441864046875 0.6429666468749999 0.284034003125 0.6715361234375 0.370809403125 0.7887997999999999
0 0.5167688578125 0.7611276499999999 0.5883661609375 0.7460849406250001 0.5109232171875 0.5998386625000001 0.41802873749999997 0.618764078125 0.5167688578125 0.7611276499999999
2 0.4987930234375 0.7193444828125 0.456496140625 0.615625296875 0.3901478484375 0.6335177359374999 0.49105990781250003 0.7638744843749999 0.5673605234375 0.7548726609374999 0.53845679375 0.67574438125 0.4987930234375 0.7193444828125
2 0.617664425 0.740885584375 0.353547003125 0.1593777375 0.3227269765625 0.185157578125 0.58065189375 0.7559894171875 0.617664425 0.740885584375
1 0 0.52588945625 0.1356562796875 0.69496173125 0.2129916546875 0.6705747125 0.0294513140625 0.41179670625 0 0.42746410625 0 0.52588945625
0 0 0.6487995828125 0.0635145453125 0.7179823421875 0.1359379953125 0.696286721875 0 0.5323398312500001 0 0.6487995828125
2 0 0.6518205390625 0.06016947499999999 0.7179358812500001 0.077374975 0.710383403125 0 0.6269093671875 0 0.6518205390625
0 0.1843810625 0.82584074375 0.2542954171875 0.8115986546875 0.1398989296875 0.699927228125 0.067974625 0.722891003125 0.1843810625 0.82584074375
2 0.067612190625 0.7228667796875 0.168436315625 0.8121901171875001 0.18437558125 0.81147998125 0.0851565796875 0.719374190625 0.067612190625 0.7228667796875
0 0.2186892578125 0.6723095078125 0.3161407875 0.6445801546875 0.138284046875 0.3617411625 0.032726875 0.413303790625 0.2186892578125 0.6723095078125
2 0.3310709125 0.639001390625 0.1732697734375 0.3885279703125 0.1421987546875 0.39397327656250003 0.29396187500000004 0.6499046875000001 0.3310709125 0.639001390625
0 0.6034627515625 0 0.3135525 0.17657586875 0.40626218437499995 0.352411303125 0.9389196078125 0.0978180984375 0.9297819109375001 0.054393087500000006 0.8400745359374999 0.027079159375000002 0.7410219125 0 0.6034627515625 0
2 0.41453285781250004 0.419643003125 0.3482563609375 0.25623094218750003 0.2940579734375 0.29526670781250003 0.36310684531250004 0.4361394984375 0.41453285781250004 0.419643003125
0 0.25684658437499996 0.812493196875 0.33128416875 0.799788290625 0.21711622187500002 0.6754937109375 0.1429109515625 0.6975291968749999 0.25684658437499996 0.812493196875
0 0.48132527031250005 0.5107188671875 0.9380862499999999 0.3372112296875 0.928215615625 0.11658713750000001 0.40257210624999995 0.35302441562500003 0.48132527031250005 0.5107188671875
0 0.5370981718750001 0.6340235 0.9486243328124999 0.5144673421875 0.937709184375 0.3460328390625 0.47248589531249996 0.518839415625 0.5370981718750001 0.6340235
2 0.86640625 0.42890625 0.059375 0.06875
0 0.5826812296874999 0.7382036234375 0.9618737375 0.64527069375 0.953599628125 0.51688218125 0.53104711875 0.6373893093749999 0.5826812296874999 0.7382036234375
2 0.8046875 0.62109375 0.1375 0.134375
2 0.58359375 0.34375 0.0625 0.053125
2 0.63828125 0.228125 0.071875 0.0609375
2 0.5 0.08046875 0.053125 0.059375
2 0.6140625 0.09140625 0.0828125 0.0796875
2 0.6359375 0.15703125 0.059375 0.0609375
2 0.73515625 0.115625 0.0875 0.090625
2 0.825 0.2078125 0.071875 0.06875