0 0.8014483046875001 0.594157328125 0.8942347171874999 0.507134675 0.676246634375 0.2869943921875 0.5894809515625 0.342043459375 0.8014483046875001 0.594157328125
0 0.7115307015625 0.676863346875 0.798426771875 0.5977424546875 0.58742805 0.3436512 0.5044367624999999 0.39413366875 0.7115307015625 0.676863346875
2 0.8157698734375 0.5509711640625 0.626834809375 0.32194404374999996 0.5711672046875 0.3675223328125 0.7545654265625 0.645855696875 0.8157698734375 0.5509711640625
0 0.6756944687499999 0.279570284375 0.7694880875 0.2229442421875 0.641023734375 0.1382365203125 0.5586519562500001 0.1832801703125 0.6756944687499999 0.279570284375
2 0.793432196875 0.1938898046875 0.676759221875 0.120700371875 0.6317885578125 0.145632290625 0.772725234375 0.255362615625 0.793432196875 0.1938898046875
0 0.58632915 0.3414395375 0.67258459375 0.28293561718750004 0.554434353125 0.18388003749999998 0.46468012343750004 0.23451727031249997 0.58632915 0.3414395375
2 0.7082331453124999 0.2464469875 0.6051036171875 0.1611556375 0.5498412765625 0.1980567703125 0.61380608125 0.2531873359375 0.58589965 0.260099915625 0.6116538625 0.299466853125 0.6540578640625 0.29484951718749997 0.7082331453124999 0.2464469875
0 0.49820526562499995 0.39371777343750003 0.5858399828125 0.34362941875 0.467083184375 0.237836 0.39961167343750004 0.27688749218750003 0.49820526562499995 0.39371777343750003
2 0.4187174390625 0.2611487140625 0.4593835796875 0.3287775671875 0.49120357031250006 0.2726249875 0.548810184375 0.35977234999999996 0.6107122203124999 0.31971511874999997 0.49172903906250004 0.22641185625000002 0.4187174390625 0.2611487140625
2 0.7471436484375 0.7356568078125 0.4055758671875 0.2645718828125 0.37185101249999997 0.291931740625 0.72114208125 0.771362103125 0.7471436484375 0.7356568078125
1 1 0.28629066875000003 0.84928184375 0.1731014046875 0.7776856109375 0.22324873437499998 0.9975113296875 0.4141734140625 1 0.4117717328125 1 0.28629066875000003
0 1 0.1792259203125 0.91602709375 0.12605622656249998 0.8487982140625 0.17190023906250002 1 0.2809559734375 1 0.1792259203125
2 1 0.176655415625 0.9192974953125 0.1249650921875 0.9037040359375 0.13820358906250002 1 0.19840615156250002 1 0.176655415625
0 0.8443606125 0.16968281875 0.9109027187500001 0.12276715625000001 0.78112440625 0.061554389062500006 0.715168409375 0.0992504 0.8443606125 0.16968281875
2 0.783393059375 0.0756086953125 0.8946961953124999 0.132047584375 0.9112600890625 0.12266771875 0.7988297015625 0.0694976671875 0.783393059375 0.0756086953125
0 0.8992352609375001 0.5001472375 0.9940785390625001 0.41381128437500003 0.771854259375 0.22348670624999997 0.6811617265625001 0.2837406890625 0.8992352609375001 0.5001472375
2 0.890336615625 0.46992893281250003 0.701957821875 0.2709929828125 0.6674768046875 0.2942741953125 0.8608854156250001 0.485816275 0.890336615625 0.46992893281250003
0 0.5140079890625 1 0.75744574375 0.7409391296875001 0.639296278125 0.600334721875 0.193835309375 1 0.5140079890625 1
2 0.7577563140625 0.6181417359375 0.66819791875 0.503718778125 0.620632375 0.5373392765625 0.7110386265625 0.6747654640625 0.7577563140625 0.6181417359375
0 0.772886896875 0.2198355421875 0.8418003578125001 0.173053434375 0.7125387953125 0.09924168125 0.6419281796874999 0.1369700484375 0.772886896875 0.2198355421875
0 0.17717264375 1 0.642799275 0.598480775 0.5411233046875 0.47089033125 0.1229039734375 0.79591935625 0.1655264703125 1 0.17717264375 1
0 0.1218814796875 0.787156728125 0.548466178125 0.4599385171875 0.46728426250000005 0.3691519046875 0.084687996875 0.626003553125 0.1218814796875 0.787156728125
2 0.17890625 0.68203125 0.046875 0.0625
0 0.0794540671875 0.6253304749999999 0.472656525 0.3638014140625 0.40639937656249997 0.28266997968749996 0.0511482765625 0.502476521875 0.0794540671875 0.6253304749999999
2 0.2078125 0.47265625 0.11875 0.109375
2 0.4671875 0.66875 0.05625 0.04375
2 0.43203125 0.80234375 0.0625 0.05
2 0.59140625 0.896875 0.04375 0.05
2 0.47734375 0.92578125 0.071875 0.0625
2 0.44609375 0.8703125 0.05 0.0515625
2 0.35703125 0.94375 0.071875 0.0765625
2 0.253125 0.8859375 0.0625 0.059375