0 0.5976398578125 0.6705234140624999 0.68560645 0.7263344046875 0.9066116671875 0.503147196875 0.812541015625 0.4149200796875 0.5976398578125 0.6705234140624999
0 0.5114185859375 0.61771223125 0.5955585421875 0.6688934203125 0.8094776609375 0.4112853328125 0.7213788765625 0.331069340625 0.5114185859375 0.61771223125
2 0.7650092390625 0.3625061625 0.5790726328125 0.644691890625 0.6355107234374999 0.6909010203125 0.8270608062499999 0.458703975 0.7650092390625 0.3625061625
0 0.5663841625 0.8314841171875 0.649896034375 0.8771512093749999 0.780138440625 0.7912710625 0.6850466421875 0.73386126875 0.5663841625 0.8314841171875
2 0.7834203921875 0.758403990625 0.6405330359375 0.8696530765625001 0.68612613125 0.8949300734375001 0.80441395625 0.8207276359375 0.7834203921875 0.758403990625
0 0.47111168125 0.7795378546875 0.562108184375 0.8308759484375001 0.6818937234375 0.7304493562500001 0.5944444328125 0.6711356937499999 0.47111168125 0.7795378546875
2 0.6223016671875 0.7606093781250001 0.5574515359375 0.8165029984375 0.6134787546875 0.853914871875 0.7180356796875 0.76744301875 0.6631105671874999 0.718370559375 0.620119659375 0.713689315625 0.5940089875 0.7536011234375 0.6223016671875 0.7606093781250001
0 0.40514263125000005 0.73658119375 0.473548003125 0.776173190625 0.5939484953124999 0.668915503125 0.505100840625 0.6181338843749999 0.40514263125000005 0.73658119375
2 0.49853497812500003 0.7877554531250001 0.619164984375 0.6931607953125 0.5564061734375 0.6525491406249999 0.4980022359375 0.7409026937500001 0.4657418296875 0.6839729171875 0.4245128359375 0.7525378093749999 0.49853497812500003 0.7877554531250001
2 0.7311232875 0.23526264375 0.3769977390625 0.7213287203125 0.4111893734375 0.7490672609375 0.7574847375 0.2714621296875 0.7311232875 0.23526264375
1 1 0.607224865625 0.788449425 0.79096235625 0.861036609375 0.8418037671875 1 0.7374423265625001 1 0.607224865625
0 1 0.74243923125 0.8605462859375 0.8430215578125001 0.9287056703125 0.8895000874999999 1 0.844358175 1 0.74243923125
2 1 0.8248018265624999 0.9162120500000001 0.877184596875 0.9320213359375 0.890606325 1 0.8470656796875 1 0.8248018265624999
0 0.725066934375 0.9166769312499999 0.7919358171875001 0.954894684375 0.92351036875 0.8928346812499999 0.8560472640624999 0.8452696671875 0.725066934375 0.9166769312499999
2 0.8098861671875 0.9468414656249999 0.9238726843749999 0.892935496875 0.9070795328125 0.88342580625 0.7942358703125 0.94064585625 0.8098861671875 0.9468414656249999
0 1 0.59062785625 0.9116814234374999 0.5102313484375001 0.6905895703125 0.7296331421875 0.7825373640625 0.790721090625 1 0.6044746328125 1 0.59062785625
2 0.8728007859375 0.5247606625000001 0.6767152390625 0.71895384375 0.7116735015625 0.7425572875 0.9026596140625 0.5408678984375 0.8728007859375 0.5247606625000001
0 0.192661453125 0 0.6481446703125 0.408657184375 0.767929421875 0.26610669531250003 0.517870753125 0 0.192661453125 0
2 0.7208799906250001 0.333196259375 0.6292224421875 0.4725245390625 0.6774463328125 0.5066103734375 0.768244290625 0.3906037078125 0.7208799906250001 0.333196259375
0 0.6508129984375 0.8784352109375 0.7224009234375 0.9166857703125 0.853451575 0.8418524 0.7835842937499999 0.7944227890625 0.6508129984375 0.8784352109375
0 0.16854016249999998 0 0.124605065625 0.210365496875 0.5486129015625 0.53989319375 0.65169615 0.41053679218749994 0.1756121890625 0 0.16854016249999998 0
0 0.08586014843749999 0.3826330765625 0.473751865625 0.6430397640625001 0.5560574046875 0.550996590625 0.1235684203125 0.21924940624999997 0.08586014843749999 0.3826330765625
2 0.18203125 0.32578125 0.0484375 0.0625
0 0.0518562109375 0.5078698234375 0.41202428125 0.730718671875 0.479198484375 0.648464309375 0.0805537765625 0.3833154703125 0.0518562109375 0.5078698234375
2 0.2109375 0.53828125 0.11875 0.1109375
2 0.47421875 0.3390625 0.05625 0.04375
2 0.4375 0.20390625 0.0640625 0.05
2 0.59921875 0.1078125 0.04375 0.05
2 0.48359375 0.07890625 0.071875 0.0640625
2 0.45234375 0.13515625 0.05 0.0515625
2 0.36171875 0.0609375 0.071875 0.078125
2 0.25703125 0.11953125 0.0625 0.0609375