2 1 0.48572102343749995 0.050707139062499997 0.6120390578125 0.047933184375 0.667229140625 1 0.571725865625 1 0.48572102343749995
0 0.8399317546875 0.3863874578125 0.72917804375 0.774765415625 0.84915211875 0.7817127734375 0.940362778125 0.3644746484375 0.8399317546875 0.3863874578125
0 1 0.3876229640625 0.9955935046875 0.3497305515625 0.9427912375 0.3614161265625 0.8509511140624999 0.781484596875 0.99695915625 0.7902753031249999 1 0.7713851296875001 1 0.3876229640625
0 0.8341763796875 0.38818094531249997 0.7462059453125 0.4049929984375 0.6241143671875 0.7707135046875 0.7263124624999999 0.7774259765625 0.8341763796875 0.38818094531249997
0 0.7434976062499999 0.40661295624999994 0.6632827875 0.4229402765625 0.5357538640625 0.7632588671875 0.6195370109375 0.7695944171875 0.7434976062499999 0.40661295624999994
0 0.6613335 0.4264541125 0.5906883984375 0.43936305156250005 0.45725156875 0.757978590625 0.531427940625 0.762545378125 0.6613335 0.4264541125
0 0.586960384375 0.443265540625 0.5239297374999999 0.45758782187499997 0.391688159375 0.7544352875 0.45467059374999996 0.7573052109375 0.586960384375 0.443265540625
0 0.5227984234374999 0.459131628125 0.467635384375 0.47012870625 0.33309258750000004 0.7496078796875 0.3899474015625 0.752453384375 0.5227984234374999 0.459131628125
0 0.368302915625 0.492691746875 0.3299704390625 0.500454853125 0.203872965625 0.7383826546875001 0.2406992109375 0.7383720609375 0.368302915625 0.492691746875
0 0.41514890156249995 0.483893540625 0.3688266359375 0.49252044218749996 0.24327007968749997 0.7423471421875 0.28365722187500003 0.74210060625 0.41514890156249995 0.483893540625
0 0.46662697499999994 0.47118033593749997 0.41535645624999995 0.4831749328125 0.28595784218750003 0.7457019078125 0.331613965625 0.7486630437499999 0.46662697499999994 0.47118033593749997
0 0.0406438046875 0.7407672984375 0.0579182859375 0.7415581859375 0.1635435203125 0.55997293125 0.06661272968750001 0.5778640234375 0.0287837234375 0.638779878125 0.0406438046875 0.7407672984375
0 0.192213315625 0.5546766140625 0.1658945953125 0.5583512500000001 0.0587168 0.7429615359375 0.0804735578125 0.744040046875 0.192213315625 0.5546766140625
0 0.2193718328125 0.5492472953124999 0.1922684609375 0.5540720078125 0.0824199828125 0.7459371625 0.10583544375000001 0.7477802203125 0.2193718328125 0.5492472953124999
0 0.249189728125 0.54183229375 0.21894747187500002 0.5473823234374999 0.10734910625 0.7496072875 0.13534010000000002 0.752124975 0.249189728125 0.54183229375
0 0.2833059703125 0.5344372546875 0.2512272109375 0.5403631515625 0.13774719375 0.753225615625 0.1636083171875 0.756238190625 0.2833059703125 0.5344372546875
0 0.28329661562499997 0.53152144375 0.166574540625 0.75718161875 0.19616424062499999 0.7609022359375001 0.3163977703125 0.5270569234375 0.28329661562499997 0.53152144375