0 1 0.07158518593749999 0.644550846875 0.1248610171875 0.68008135625 0.397659321875 1 0.3026303203125 1 0.07158518593749999
2 0.77265625 0.31875 0.309375 0.15625
0 0 0 0 0.213809034375 0.61358983125 0.11132711875000001 0.596009575 0 0 0
0 0 0.5925650171875 0.6534 0.3993 0.6215847453125 0.12304576250000002 0 0.2219942796875 0 0.5925650171875
2 0.4171875 0.16328125 0.171875 0.0625
2 0.12734375 0.1796875 0.253125 0.115625
0 0 0.8918767593749999 0.6902372875 0.593513559375 0.6550745765625 0.404322034375 0 0.5930931968750001 0 0.8918767593749999
2 0.5078125 0.43984375 0.153125 0.1234375
2 0.30546875 0.51875 0.3390625 0.090625
0 0.24679479531249998 1 0.730076271875 0.7506305078125 0.6955610171875 0.5969067796874999 0 0.8941971796875 0 0.99962701875 0.0297735953125 1 0.24679479531249998 1
2 0.09140625 0.628125 0.1828125 0.0765625
2 0.0375 0.43125 0.075 0.046875
2 0.45234375 0.296875 0.171875 0.0203125
2 0.3390625 0.34765625 0.0984375 0.06875
2 0.190625 0.3703125 0.071875 0.05
2 0.5140625 0.6578125 0.0875 0.06875
0 0.536331128125 1 0.7624983046875 0.87507288125 0.734259321875 0.753767796875 0.2540948375 1 0.536331128125 1
2 0.6421875 0.79140625 0.171875 0.0984375
2 0.4484375 0.79453125 0.209375 0.1015625
2 0.37109375 0.72421875 0.24375 0.059375
2 0.04140625 0.87734375 0.0828125 0.053125
2 0.1625 0.8203125 0.190625 0.08125
2 0.4375 0.96640625 0.121875 0.0484375
2 0.28359375 0.9703125 0.1125 0.05
0 1 0.30286672812500004 0.6793118640625 0.4017576265625 0.71407288125 0.5836525421875 1 0.475557084375 1 0.30286672812500004
2 0.7328125 0.4890625 0.1 0.071875
0 1 0.47740891406249997 0.7179423734375 0.5941830515625 0.7540711859375 0.7394305078125 1 0.615494040625 1 0.47740891406249997
0 1 0.6166346640625 0.751813559375 0.7431932203125 0.7773322031250001 0.8636220343750001 1 0.7344293109375 1 0.6166346640625
2 0.91875 0.6484375 0.1359375 0.059375
2 0.34453125 0.46171875 0.153125 0.046875
2 0.29140625 0.6296875 0.09375 0.015625
2 0.01484375 0.028125 0.0296875 0.04375
0 0.6277710015625 0 0.6456830515624999 0.11423728749999999 1 0.0655877390625 1 0 0.6277710015625 0