0 0.0332615984375 0.9524875546875 0.50852784375 0.7711162640625 0.354685965625 0.199220309375 0.031528884374999996 0.241720628125 0.026623124999999997 0.2884989375 0.016698048437499998 0.4781695328125 0.0332615984375 0.9524875546875
2 0.262471415625 0.1988806671875 0.036599607812500004 0.2292621875 0.026410196875000003 0.3231375875 0.1145745296875 0.3527226 0.260010484375 0.2459096171875 0.262471415625 0.1988806671875
2 0.0316944109375 0.7768117906249999 0.027790503124999998 0.7958158671875 0.033330828125 0.9544700328125 0.1295778078125 0.898024440625 0.1028932671875 0.802859409375 0.0316944109375 0.7768117906249999
0 0.060165917187499994 0 0.037578315625000004 0.2433964703125 0.3493014546875 0.195257621875 0.3465067671875 0.190615478125 0.2914062046875 0 0.060165917187499994 0
2 0.11171875 0.03671875 0.0609375 0.0640625
2 0.2515625 0.025 0.10625 0.05
0 0.2998032046875 0 0.3575929203125 0.19389384375000002 0.6117299484375 0.14915360625000001 0.5119158109375 0 0.2998032046875 0
2 0.43046875 0.04140625 0.146875 0.0828125
0 0.5185272109375 0 0.6233952515625 0.147642534375 0.831266103125 0.11043672499999999 0.7173591781249999 0 0.5185272109375 0
2 0.584375 0.02109375 0.1140625 0.0421875
1 0.6141552546875 0.1587510125 0.3613286234375 0.20412106406250002 0.5297088453125001 0.7585201390625 0.912389484375 0.6080143828125 0.6141552546875 0.1587510125