0 0.023180846875 0.033346184375 0.10677626093749999 0.3863136875 0.3791742546875 0.3454177953125 0.2575538171875 0.0292351796875 0.023180846875 0.033346184375
2 0.290625 0.25234375 0.1859375 0.3328125
0 0.24368207343749998 1 0.0958423953125 0.41797834375000004 0.007571171875 0.433752146875 0.0090323046875 0.517460384375 0.051043564062500005 1 0.24368207343749998 1
0 0.6237755218750001 1 0.38318916718749996 0.3724698328125 0.106972228125 0.40965603437500003 0.25229098125 1 0.6237755218750001 1
2 0.16640625 0.61640625 0.078125 0.184375
2 0.20625 0.88671875 0.1390625 0.2265625
0 0.92441554375 1 0.5760977953124999 0.3316398359375 0.388113653125 0.37068119374999997 0.6245597218750001 1 0.92441554375 1
2 0.4375 0.51953125 0.1390625 0.171875
2 0.53515625 0.72421875 0.1234375 0.35625
0 1 0.7318647375 0.73127204375 0.2884204 0.579054646875 0.32617622968750004 0.9269126703125 1 1 1 1 0.7318647375
2 0.6640625 0.9203125 0.09375 0.159375
2 0.46953125 0.978125 0.053125 0.04375
2 0.29765625 0.578125 0.0359375 0.178125
2 0.35859375 0.6921875 0.0765625 0.109375
2 0.39453125 0.84296875 0.05625 0.08125
2 0.65625 0.50859375 0.0765625 0.096875
0 1 0.48023596093750004 0.8540990109375001 0.2533079125 0.734071190625 0.28411909375 1 0.72529683125 1 0.48023596093750004
2 0.78046875 0.3765625 0.115625 0.1875
2 0.80078125 0.5734375 0.1203125 0.225
2 0.73671875 0.653125 0.08125 0.2546875
2 0.91953125 0.96953125 0.059375 0.0609375
2 0.8515625 0.86328125 0.0984375 0.2015625
2 0.97265625 0.58203125 0.0546875 0.1296875
2 0.98125 0.73671875 0.0375 0.121875
0 0.257870184375 0.029229629687499998 0.38338171249999997 0.3461262078125 0.56403146875 0.307621834375 0.432771846875 0.026161778125 0.257870184375 0.029229629687499998
2 0.4671875 0.290625 0.0828125 0.1109375
0 0.717839209375 0.264264409375 0.578938765625 0.030340895312499998 0.482539621875 0.025288829687499997 0.43488848437499994 0.0261246515625 0.5743257890625 0.30350780624999996 0.717839209375 0.264264409375
0 0.8412223453125 0.23845464062500002 0.705997659375 0.03699976875 0.580225290625 0.030408318750000003 0.7218392062500001 0.2664891984375 0.8412223453125 0.23845464062500002
2 0.6109375 0.10078125 0.071875 0.140625
2 0.4734375 0.684375 0.0609375 0.1625
2 0.6484375 0.73671875 0.0234375 0.1
0 0.017037040625 0.033453949999999996 0.0005889765625 0.0337424578125 0.007001990625 0.4011437953125 0.0959457984375 0.3853527359375 0.017037040625 0.033453949999999996