0 0.19383069375 0.6424066171875 0.23686899062500003 0.96965429375 0.2842394296875 0.9746221515625001 0.47631091875 0.9846728625000001 0.9566329671875 0.9678996468750001 0.7729658374999999 0.4866173734375 0.19383069375 0.6424066171875
2 0.24111100468750002 0.7382805218749999 0.1934867515625 0.735788440625 0.2242528484375 0.9645193843750001 0.31931654374999996 0.9748377749999999 0.34927605 0.8855574390625 0.24111100468750002 0.7382805218749999
2 0.8051107937499999 0.897386565625 0.7787334593749999 0.9694866718749999 0.7979780937500001 0.9734399968749999 0.9586405390625 0.9678295406249999 0.9014804468750001 0.8703642453124999 0.8051107937499999 0.897386565625
0 0 0.9413889578125 0.23856604531249997 0.9635282875 0.1898178453125 0.6478592859375001 0.185116940625 0.65068935 0 0.7042004687500001 0 0.9413889578125
2 0.03046875 0.8890625 0.0609375 0.0625
2 0.02109375 0.74765625 0.0421875 0.1078125
0 0 0.6956261203125 0.188436803125 0.639462865625 0.143130234375 0.3821089125 0 0.4778921890625 0 0.6956261203125
2 0.03828125 0.56640625 0.075 0.1484375
0 0 0.4708721015625 0.141600034375 0.3702959484375 0.10392326562500001 0.1597938203125 0 0.26698261562500003 0 0.4708721015625
2 0.0171875 0.4109375 0.034375 0.115625
1 0.7602102671875001 0.46516825781250004 0.607799375 0.077643559375 0.1528491265625 0.37965290625 0.1987934828125 0.635679875 0.7602102671875001 0.46516825781250004