0 0.5599703125 0.34492500000000004 0.81145625 0.3776796875 0.8680640625 0 0.6619296875 0.001675 0.5599703125 0.34492500000000004
2 0.6328125 0.259375 0.14375 0.284375
0 0.8239328125000001 0.40622187500000007 0.7258875 0.9932484374999999 0.9968015625 1 0.9998875 0.4340078125 0.8239328125000001 0.40622187500000007
0 0.37345625 0.9949843749999999 0.7174343750000001 1 0.8131296875 0.3988515625 0.5584578125 0.369521875 0.37345625 0.9949843749999999
2 0.77578125 0.5875 0.0578125 0.159375
2 0.7609375 0.8546875 0.10625 0.234375
0 0.37170000000000003 1 0.553828125 0.367978125 0.3794171875 0.3355625 0.09220625 1 0.37170000000000003 1
2 0.52109375 0.50390625 0.1140625 0.1421875
2 0.4484375 0.690625 0.084375 0.3125
0 0.0909328125 0.99829375 0.3762890625 0.3306546875 0.23457499999999998 0.2988359375 0.002240625 0.749103125 0.0051328125 0.9799749999999999 0.0205578125 0.99829375 0.0909328125 0.99829375
2 0.34765625 0.9015625 0.0703125 0.196875
2 0.52890625 0.9515625 0.0421875 0.096875
2 0.653125 0.5546875 0.01875 0.159375
2 0.60625 0.659375 0.0625 0.090625
2 0.58515625 0.79609375 0.0453125 0.0671875
2 0.3203125 0.49765625 0.0625 0.0796875
0 0.0012046875 0.48375 0.0012765625 0.7442828125000001 0.23168281249999997 0.29497968750000003 0.11985468749999999 0.26894687500000003 0.0012046875 0.48375
2 0.196875 0.3796875 0.090625 0.159375
2 0.19375 0.55859375 0.09375 0.1921875
2 0.25859375 0.6296875 0.0546875 0.225
2 0.11796875 0.94765625 0.0484375 0.1046875
2 0.1703125 0.821875 0.075 0.175
2 0.0359375 0.56875 0.04375 0.1125
2 0.03203125 0.71015625 0.0453125 0.1046875
0 0.3885078125 0.3135890625 0.5561921875 0.345634375 0.6619296875 0.00274375 0.5070609375 0 0.3885078125 0.3135890625
2 0.47578125 0.29609375 0.0671875 0.0921875
0 0.3843515625 0 0.24489999999999998 0.276715625 0.37879999999999997 0.310021875 0.5071515625 0 0.3843515625 0
0 0.1304109375 0.255271875 0.24143125 0.278796875 0.38296406250000004 0.0012453125000000001 0.2782015625 0.0005499999999999999 0.1304109375 0.255271875
2 0.32890625 0.125 0.0546875 0.125
2 0.50078125 0.65390625 0.0421875 0.1421875
2 0.34609375 0.703125 0.0140625 0.0875
2 0.9015625 0.97265625 0.040625 0.0546875
0 0.8729640625 0 0.82125 0.3766359375 0.9951812500000001 0.40390781249999996 0.99628125 0 0.8729640625 0