0 0.53962140625 0.6352571890625 0.43011980781250003 0.6363450484375 0.8102396171875 0.9310575078125 0.969174121875 0.978790734375 0.53962140625 0.6352571890625
0 1 0.894709340625 0.7039504796875 0.6419872203125 0.54232428125 0.6364936109375 0.9730654953125001 0.9794057515624999 1 0.98854615 1 0.894709340625
0 1 0.6912244046875 0.954234825 0.649833865625 0.7125814703125 0.642771565625 1 0.8956756046875001 1 0.6912244046875
2 1 0.7148858062500001 0.9459712453125 0.65376996875 0.7128913734375 0.643146965625 0.8403306703125001 0.7599888171875 1 0.7599888171875 1 0.7148858062500001
0 0.429158146875 0.6373338656249999 0.34878594218750003 0.63652715625 0.685921725 0.8934920125 0.799244409375 0.927234825 0.429158146875 0.6373338656249999
2 0.7699041531249999 0.7838881796875 0.85374600625 0.7838881796875 0.7028306703125 0.6351805109375 0.5619760390625 0.6458035140625 0.61228115 0.7254680515625 0.7699041531249999 0.7838881796875
0 0.13141121875 0 0.06430031875 0.115177315625 0.702306709375 0.6409265171875 0.9396916937500001 0.64331629375 0.197375646875 0 0.13141121875 0
1 0.21624248124999998 0 0.9482076671874999 0.6447220453125 1 0.639365328125 1 0.3184896359375 0.6846775828125 0 0.21624248124999998 0
0 0.68124600625 0.890990415625 0.34645686875 0.6376325875 0.283060703125 0.6354185296875 0.5863051125000001 0.8640638984375 0.68124600625 0.890990415625
0 0.280822684375 0.6352843453125 0.2275111828125 0.633078275 0.5098801921875 0.8420239609375001 0.5859872203125 0.8633514375000001 0.280822684375 0.6352843453125
2 0.538501596875 0.6272140578125 0.43118370625 0.6378370609374999 0.48148881718750003 0.68032428125 0.5753913734375 0.6909456875 0.538501596875 0.6272140578125
0 0 0.2189665 0.539396165625 0.6312747609375 0.69075399375 0.6370415328125001 0.062258785937500005 0.11986741249999999 0.056912140624999996 0.117587859375 0 0.2178367234375 0 0.2189665
2 0 0.3096728984375 0.27523801875 0.526306709375 0.36914057499999997 0.5395830671875 0.38423322656250003 0.526306709375 0.0857571890625 0.28465655 0.11258626249999999 0.1810926515625 0.0555734828125 0.1120495203125 0 0.224503871875 0 0.3096728984375
2 0.14961376875000001 0 0.12264696562499999 0.011140575 0.228287540625 0.08283865781250001 0.2785926515625 0.0562843453125 0.170424075 0 0.14961376875000001 0
2 0.3875862625 0.6564249203125 0.442921725 0.68032428125 0.46304313124999996 0.6776693296875 0.41776996874999994 0.632525559375 0.2131964859375 0.6272140578125 0.29368370625 0.6936022359375 0.3138051125 0.68032428125 0.3758482421875 0.7121900953125 0.42615335468750004 0.7042236421875 0.3875862625 0.6564249203125
2 0.088892971875 0.0521805109375 0.058822684375 0.0968370609375 0.12169808281250001 0.1606325875 0.1617923328125 0.126912140625 0.088892971875 0.0521805109375
0 0 0.3111768875 0.42717891406249997 0.6322348250000001 0.5289936109375 0.6283817890625001 0.0023083062500000003 0.22158466406250002 0 0.225087953125 0 0.3111768875
0 0 0.46751180937500003 0.2187220453125 0.628615015625 0.4178354625 0.6326900953125 0 0.313838015625 0 0.46751180937500003
2 0 0.44587804062499997 0.017060703125 0.46775559062500005 0.04405111875 0.45349361093749996 0.0022939296875 0.4208977640625 0 0.41902115 0 0.44587804062499997