0 0.19051607343750002 0.65112698125 0.2342463046875 0.983635875 0.28237832812499997 0.9886836015625 0.47753778281250003 0.9988958984374999 0.9655820500000001 0.9818530171875001 0.778962071875 0.49283308750000004 0.19051607343750002 0.65112698125
2 0.23855651875 0.7485422671874999 0.190166603125 0.74601011875 0.22142733125 0.9784184093749999 0.31801938281250003 0.988902690625 0.348460553125 0.8981869796874999 0.23855651875 0.7485422671874999
2 0.8116238296875 0.910206284375 0.7848224218750001 0.9834655578125 0.8043764546875 0.9874824406249999 0.9676218984375 0.981781784375 0.9095428328124999 0.882749521875 0.8116238296875 0.910206284375
0 0 0.9555129062500001 0.23597064531249998 0.9774113796874999 0.1864387109375 0.6566673140625 0.181662228125 0.6595428765625 0 0.712055353125 0 0.9555129062500001
2 0.028125 0.90078125 0.05625 0.0625
2 0.01875 0.75703125 0.0375 0.109375
0 0 0.70328539375 0.185035465625 0.6481359015625 0.1390004953125 0.38664442656250003 0 0.4796640640625 0 0.70328539375
2 0.03515625 0.575 0.0703125 0.15
0 0 0.47226693593749997 0.1374456953125 0.3746415421875 0.0991631890625 0.160755134375 0 0.26303428125 0 0.47226693593749997
2 0.01484375 0.415625 0.028125 0.1171875
1 0.7660014296875 0.47103912968749995 0.6111402015625 0.07728413125 0.148875640625 0.38414893437500003 0.19555865156250002 0.6442920921875 0.7660014296875 0.47103912968749995