0 0.5237990359375 0.632911575 0.413593246875 0.63400643125 0.7961575562500001 0.9306141484375001 0.9561141484375 0.9786543406250001 0.5237990359375 0.632911575
0 1 0.9050116265625 0.6891848875 0.6396848875 0.5265192921875 0.6341559484375 0.9600305468749999 0.9792733124999999 1 0.9928372046874999 1 0.9050116265625
0 1 0.70087100625 0.9410787781250001 0.64758199375 0.6978713828124999 0.6404742765625 1 0.90632195 1 0.70087100625
2 1 0.727601115625 0.9327620578125 0.6515434078125 0.6981832796874999 0.6408520906249999 0.826442121875 0.7584453375 0.998578778125 0.7584453375 1 0.7509429640625 1 0.727601115625
0 0.41262540156250005 0.6350016078125 0.331736334375 0.6341897109375 0.6710401921875 0.8928070734375 0.7850916406249999 0.9267668812500001 0.41262540156250005 0.6350016078125
2 0.7555627015625 0.7824983921875 0.8399437296875 0.7824983921875 0.688057878125 0.6328344046875001 0.546297428125 0.6435257234375 0.5969260453125 0.723702571875 0.7555627015625 0.7824983921875
0 0.1092166 0 0.045421221875 0.10948713750000001 0.6875305468749999 0.6386173640624999 0.926442121875 0.6410225078125 0.1867728515625 0 0.1092166 0
1 0.20564159062499998 0 0.9350128625 0.6424372984375 1 0.6357158859375 1 0.32709785625 0.676154965625 0 0.20564159062499998 0
0 0.6663344046875 0.8902893890625 0.3293922828125 0.6353022515625 0.265588425 0.6330739546874999 0.5707829578125 0.8631897109375 0.6663344046875 0.8902893890625
0 0.2633360125 0.6329389062499999 0.209681671875 0.63071865 0.49386655937499996 0.8410080390625 0.570463021875 0.8624726687500001 0.2633360125 0.6329389062499999
2 0.522672025 0.6248167203125 0.4146639875 0.6355080390625 0.4652926046875 0.6782684890625 0.5597990359375 0.6889582 0.522672025 0.6248167203125
0 0 0.22869082343749997 0.523572346875 0.6289035375 0.6759035375 0.6347073953125 0.043366559375 0.11420739531249999 0.037985531249999996 0.1119131828125 0 0.17882344687500001 0 0.22869082343749997
2 0 0.32041828125 0.257715434375 0.52326045 0.352221865625 0.5366221859375 0.367411575 0.52326045 0.0670160765625 0.2800562703125 0.094017684375 0.1758263671875 0.036638264062499995 0.106339228125 0 0.180477684375 0 0.32041828125
2 0.1157167921875 0 0.10414308750000001 0.00478135 0.21046302187500002 0.07694051406249999 0.261091640625 0.050215434375 0.16458643906249998 0 0.1157167921875 0
2 0.37078617343750003 0.654215434375 0.42647749218750003 0.6782684890625 0.4467282953125 0.6755964624999999 0.40116398750000004 0.6301623796875 0.1952749203125 0.6248167203125 0.2762797421875 0.6916318328125 0.296530546875 0.6782684890625 0.35897266875 0.7103392281249999 0.40960128593749995 0.70232154375 0.37078617343750003 0.654215434375
2 0.070172025 0.046085209375000005 0.039908359375 0.09102893906250001 0.103188103125 0.15523472656249998 0.1435401921875 0.121297428125 0.070172025 0.046085209375000005
0 0 0.3212470390625 0.410633440625 0.629869775 0.51310289375 0.6259919609375 0 0.2296855125 0 0.3212470390625
0 0 0.4782977234375 0.2008360125 0.6262266875 0.40122990312500006 0.6303279749999999 0 0.32414766875 0 0.4782977234375
2 0 0.4632114140625 0.025041799999999996 0.4499791 0 0.43043135781249997 0 0.4632114140625