0 0.92957959375 1 0.8768591062500001 0.6482560140625 0.600310996875 0.6842749140625 0.694094340625 1 0.92957959375 1
2 0.68046875 0.778125 0.1578125 0.3125
0 0.7875493640625 0 0.8905790375 0.616869415625 1 0.599590171875 1 0 0.7875493640625 0
0 0.40425084375000003 0 0.598647765625 0.6572268046875 0.8786993125 0.6249742265625 0.7792112312499999 0 0.40425084375000003 0
2 0.8375 0.4171875 0.0625 0.175
2 0.82109375 0.1265625 0.1171875 0.253125
0 0.10152834531249999 0 0.40176460468749997 0.694570446875 0.5935567015625 0.6589243984375 0.40367614375 0 0.10152834531249999 0
2 0.5578125 0.509375 0.125 0.15625
2 0.47734375 0.30390625 0.09375 0.34375
0 0 0 0 0.265012046875 0.242487971875 0.7349570453125 0.39832474218749997 0.6999673546875 0.099151025 0 0 0
2 0.36640625 0.090625 0.0765625 0.18125
2 0.56640625 0.03515625 0.046875 0.0703125
2 0.703125 0.45390625 0.0203125 0.175
2 0.6515625 0.33828125 0.06875 0.1
2 0.628125 0.18828125 0.05 0.075
2 0.33671875 0.51640625 0.06875 0.0875
0 0 0.557212584375 0.11633505156249999 0.7678247421875 0.23930755937499998 0.7391975937499999 0 0.2725364921875 0 0.557212584375
2 0.20078125 0.64609375 0.1 0.175
2 0.19765625 0.44921875 0.103125 0.2125
2 0.26875 0.37109375 0.059375 0.246875
2 0.1140625 0.03984375 0.053125 0.078125
2 0.171875 0.16015625 0.0828125 0.1921875
2 0.02421875 0.43828125 0.0484375 0.1234375
2 0.02265625 0.2828125 0.04375 0.115625
0 0.6937573453125 1 0.5961563578125 0.6834948453125 0.41176116875 0.7187336765625 0.5180946015625 1 0.6937573453125 1
2 0.5078125 0.73828125 0.075 0.1015625
0 0.5159084203125001 1 0.40108591093749996 0.7226563578125 0.253841925 0.7592817875 0.375152496875 1 0.5159084203125001 1
0 0.3739448125 1 0.2500274921875 0.7569931265625 0.12794329843750002 0.7828625421875001 0.2539272984375 1 0.3739448125 1
2 0.34609375 0.92578125 0.059375 0.1375
2 0.53515625 0.34453125 0.046875 0.15625
2 0.36484375 0.290625 0.015625 0.096875
2 0.975 0.0125 0.04375 0.025
0 1 0.6317843390625 0.8876288656250001 0.6494037796875001 0.9357675406249999 1 1 1 1 0.6317843390625