0 0.6261070906249999 0.64956118125 0.6038910828125 0.5636968796875 0.31221544843750004 0.717569290625 0.3611665046875 0.81346213125 0.6261070906249999 0.64956118125
0 0.6030922796875 0.56162116875 0.5837862328125001 0.47980605781249996 0.2662329421875 0.624876390625 0.3099490921875 0.7143379796875 0.6030922796875 0.56162116875
2 0.5867995968749999 0.54356961875 0.2805663359375 0.66799955 0.34639675 0.7366720890625 0.6102339203125 0.6001422046875 0.5867995968749999 0.54356961875
0 0.770202778125 0.63944195625 0.75557058125 0.558969415625 0.6329226984375 0.6501387484375 0.6543592578124999 0.742541315625 0.770202778125 0.63944195625
2 0.7664632453125 0.6300805875 0.6243405 0.740760971875 0.6728953671875 0.7682409265625 0.7747563093750001 0.6740635890625 0.7664632453125 0.6300805875
0 0.7563484171875 0.5550957734375 0.7390118921875 0.4671859453125 0.6054139234375 0.5609542375000001 0.6308805625 0.6468598937500001 0.7563484171875 0.5550957734375
2 0.6259941484375 0.628502575 0.6524209140624999 0.684143546875 0.760889815625 0.6038763015625 0.7450939640625001 0.5489221015625 0.67582225 0.5983845046875 0.6783349453125 0.572328375 0.635079653125 0.5897611421875 0.6259941484375 0.628502575
0 0.7352930765625 0.46886380625 0.7213785703125 0.40263630156249997 0.5861007625 0.4742710234375 0.603606771875 0.5601984171875001 0.7352930765625 0.46886380625
2 0.61725390625 0.585988240625 0.7378338984374999 0.4926445859375 0.7295072109375 0.42206651562499997 0.6563135531250001 0.44880246562500004 0.696643646875 0.485491453125 0.6007034 0.5246160703125 0.61725390625 0.585988240625
2 0.716569165625 0.37553540625 0.1786744078125 0.619844021875 0.20252075937499997 0.648352546875 0.7305402109375 0.4097719984375 0.716569165625 0.37553540625
1 0.41216195312500004 0.919632534375 0.444028115625 0.9795340046875 0.47875760312500004 0.9781188875 0.6740896015625 0.8213929406249999 0.651531609375 0.74985771875 0.41216195312500004 0.919632534375
0 0.6753152171875 0.8211323546875 0.4863563328125 0.9778092624999999 0.6028657578125001 0.9730618671875 0.6953836671875 0.8881240453125001 0.6753152171875 0.8211323546875
2 0.6883546484374999 0.8753031484375 0.58197164375 0.9739132375 0.6055286046874999 0.9729533640625 0.6953406906249999 0.8912182359375 0.6883546484374999 0.8753031484375
0 0.7951526875 0.7763225171875 0.78197875625 0.7116517390625 0.6786826859375 0.817468490625 0.6999241781250001 0.8839984718749999 0.7951526875 0.7763225171875
2 0.699901771875 0.8843337234374999 0.7825258578125001 0.7910714078125001 0.7818689828125 0.7763275875 0.6966711265625001 0.8681051640625 0.699901771875 0.8843337234374999
0 0.6531362953125 0.7445874359375 0.62748664375 0.6544447718749999 0.365860575 0.8189622562500001 0.41355600625 0.916602640625 0.6531362953125 0.7445874359375
2 0.6223262859375 0.64063440625 0.390638371875 0.786600459375 0.39567528125 0.8153411515625001 0.6324118359375 0.674960265625 0.6223262859375 0.64063440625
0 0.19458267812500002 0.6568389375 0.3572304546875 0.5710824796875 0.121731740625 0.0783743625 0.08156360625 0.0868267328125 0.056298221875 0.1698060546875 0.007240840625 0.3492526296875 0.19458267812500002 0.6568389375
2 0.419419778125 0.56343210625 0.26826362187499997 0.624737865625 0.30437170468749997 0.674871375 0.4346790359375 0.61100116875 0.419419778125 0.56343210625
0 0.7828062078125 0.709291909375 0.77105416875 0.64043714375 0.6560816828125 0.7460424953125 0.6764645078125 0.8146823703124999 0.7828062078125 0.709291909375
0 0.5036649515625 0.5016491249999999 0.3431703875 0.07914521875 0.13909310156250002 0.08827555625 0.357797584375 0.5744958015625 0.5036649515625 0.5016491249999999
0 0.6177217374999999 0.45005919062500005 0.5071322921875 0.06939749218749999 0.3513303765625 0.0794940046875 0.511176459375 0.5098255468749999 0.6177217374999999 0.45005919062500005
2 0.428125 0.1453125 0.0640625 0.0546875
0 0.7140883515625001 0.40789486249999996 0.6281253921875 0.0571417921875 0.5093660171875001 0.06479534375 0.6208351109375 0.45565641562500003 0.7140883515625001 0.40789486249999996
2 0.60546875 0.20234375 0.1234375 0.128125
2 0.34921875 0.40703125 0.0484375 0.0578125
2 0.2421875 0.35625 0.05625 0.065625
2 0.10546875 0.484375 0.0546875 0.0484375
2 0.115625 0.37890625 0.0734375 0.0765625
2 0.1765625 0.35859375 0.05625 0.0546875
2 0.13828125 0.2671875 0.084375 0.08125
2 0.2234375 0.18359375 0.0640625 0.0671875